0 0.0037652605678886175
1 0.0034821138251572847
2 0.003685785224661231
3 0.0037765586748719215
4 0.004118667915463448
5 0.003845278173685074
6 0.0043558585457503796
7 0.003922151867300272
8 0.004162614233791828
9 0.0034620624501258135
10 0.0041104466654360294
11 0.003916503861546516
12 0.003689241362735629
13 0.003910679370164871
14 0.0038955826312303543
15 0.0039290194399654865
16 0.0041274698451161385
17 0.003921002149581909
18 0.003864757949486375
19 0.0040040528401732445
20 0.003919817507266998
21 0.004161883611232042
22 0.004045427776873112
23 0.003574769012629986
24 0.0037383956369012594
25 0.00423372583463788
26 0.004148044623434544
27 0.004087145905941725
28 0.004156382754445076
29 0.004247884266078472
30 0.004178444854915142
31 0.003941812086850405
32 0.003743744222447276
33 0.003517274046316743
34 0.003633965039625764
35 0.003993460908532143
36 0.004155548755079508
37 0.0040465304628014565
38 0.0038100769743323326
39 0.004248584620654583
40 0.004087906796485186
41 0.003314028028398752
42 0.0038399589248001575
43 0.003610781393945217
44 0.0040651364251971245
45 0.0038037397898733616
46 0.0042325276881456375
47 0.004083144478499889
48 0.0037605620454996824
49 0.0038155000656843185
50 0.004084277432411909
51 0.0037301823031157255
52 0.003864412195980549
53 0.004059205297380686
54 0.0037049134261906147
55 0.004077855963259935
56 0.00425092875957489
57 0.0039026583544909954
58 0.0037137819454073906
59 0.003910633735358715
60 0.003730424679815769
61 0.0038554060738533735
62 0.004022248089313507
63 0.003805136075243354
64 0.003983785398304462
65 0.003975286148488522
66 0.003871617605909705
67 0.0039025794249027967
68 0.0037552074063569307
69 0.003941369708627462
70 0.004125209990888834
71 0.004178542643785477
72 0.00395709415897727
73 0.003969557583332062
74 0.004021655302494764
75 0.004269476514309645
76 0.004348169546574354
77 0.0041072978638112545
78 0.003769329283386469
79 0.0040334961377084255
80 0.003639569040387869
81 0.003971322905272245
82 0.00404499052092433
83 0.0036740018986165524
84 0.003931998275220394
85 0.00370410131290555
86 0.004056170117110014
87 0.004018817096948624
88 0.0036340891383588314
89 0.003719920292496681
90 0.0038873942103236914
91 0.0038631497882306576
92 0.0042441352270543575
93 0.0044290293008089066
94 0.0039192382246255875
95 0.003716785926371813
96 0.0037099437322467566
97 0.004165092017501593
98 0.0036516189575195312
99 0.003986092749983072
100 0.0037781621795147657
101 0.003973199520260096
102 0.003756493330001831
103 0.003992400132119656
104 0.00385907175950706
105 0.004126113839447498
106 0.003871208056807518
107 0.004430325236171484
108 0.004320214968174696
109 0.0037213240284472704
110 0.004163301084190607
111 0.0038270039949566126
112 0.003564606886357069
113 0.004244137555360794
114 0.0040838695131242275
115 0.0038860866334289312
116 0.004007783718407154
117 0.003935457207262516
118 0.003580059390515089
119 0.003940296359360218
120 0.00397135317325592
121 0.004045739769935608
122 0.0044757709838449955
123 0.003954231273382902
124 0.003935840912163258
125 0.004152771085500717
126 0.003885790007188916
127 0.003962529357522726
128 0.0037641150411218405
129 0.0037487740628421307
130 0.003648665500804782
131 0.003716015024110675
132 0.003907886799424887
133 0.004214840941131115
134 0.004078762140125036
135 0.0036189022939652205
136 0.004399254452437162
137 0.00378628121688962
138 0.004143602214753628
139 0.003996117971837521
140 0.0038449231069535017
141 0.0035462775267660618
142 0.0038143135607242584
143 0.003626748453825712
144 0.003551556495949626
145 0.004064757842570543
146 0.003902396420016885
147 0.003772223135456443
148 0.003710903227329254
149 0.003798258723691106
150 0.003938440233469009
151 0.004056173376739025
152 0.0035455189645290375
153 0.00375011982396245
154 0.0038912363816052675
155 0.0036434847861528397
156 0.003614013781771064
157 0.0036925561726093292
158 0.004041815642267466
159 0.0038360892795026302
160 0.003512563183903694
161 0.0037981050554662943
162 0.0041147577576339245
163 0.0038313111290335655
164 0.003780114697292447
165 0.0038710921071469784
166 0.004130982328206301
167 0.003949224948883057
168 0.004110665991902351
169 0.004253865219652653
170 0.0037031243555247784
171 0.0036882413551211357
172 0.0036146296188235283
173 0.0037975399754941463
174 0.003914631903171539
175 0.003945963457226753
176 0.004395920317620039
177 0.0038645341992378235
178 0.003395640989765525
179 0.0036363983526825905
180 0.0037512292619794607
181 0.004284352995455265
182 0.003640302922576666
183 0.00396376010030508
184 0.004220431670546532
185 0.004112483933568001
186 0.00352984806522727
187 0.00386196025647223
188 0.003915824461728334
189 0.0036743127275258303
190 0.0038250056095421314
191 0.003798488760367036
192 0.0039898985996842384
193 0.00386390695348382
194 0.004168080165982246
195 0.004026235081255436
196 0.004067346919327974
197 0.0038067337591201067
198 0.0038910130970180035
199 0.004066111519932747
200 0.003622288117185235
201 0.0036727124825119972
202 0.003749844152480364
203 0.003646671772003174
204 0.003782335203140974
205 0.0037457398138940334
206 0.003639673814177513
207 0.003992768004536629
208 0.0040773977525532246
209 0.004137189127504826
210 0.003690265119075775
211 0.0038279243744909763
212 0.0037693462800234556
213 0.004012045916169882
214 0.003956820350140333
215 0.003938969690352678
216 0.004071210976690054
217 0.004282992333173752
218 0.003820267738774419
219 0.003910080064088106
220 0.004087354987859726
221 0.004071598406881094
222 0.003591216169297695
223 0.0042320843786001205
224 0.0037360494025051594
225 0.003829262452200055
226 0.003918673377484083
227 0.004037298262119293
228 0.004141746088862419
229 0.0038638559635728598
230 0.0037464292254298925
231 0.004016006365418434
232 0.0038035043980926275
233 0.0037937734741717577
234 0.0036675380542874336
235 0.00378033728338778
236 0.004086823668330908
237 0.003872292349115014
238 0.003832488087937236
239 0.004114164970815182
240 0.0040171146392822266
241 0.004079221747815609
242 0.0037373839877545834
243 0.0035904711112380028
244 0.0040404656901955605
245 0.003643882228061557
246 0.004139403812587261
247 0.003928035032004118
248 0.004098789766430855
249 0.0038512328173965216
250 0.0036534026730805635
251 0.003638574853539467
252 0.003701638663187623
253 0.0036499714478850365
254 0.004055921453982592
255 0.0036981634330004454
