0 0.003794626332819462
1 0.0033556409180164337
2 0.003931158222258091
3 0.003995624370872974
4 0.004221881274133921
5 0.003978434484452009
6 0.00398562615737319
7 0.00403278274461627
8 0.004056524019688368
9 0.0036283875815570354
10 0.003987689036875963
11 0.00373203307390213
12 0.00381223252043128
13 0.00366994715295732
14 0.003897773800417781
15 0.003830346744507551
16 0.0041262502782046795
17 0.003882567398250103
18 0.003742680186405778
19 0.003670286852866411
20 0.0040526543743908405
21 0.00414713378995657
22 0.004055351950228214
23 0.003754589706659317
24 0.003934295382350683
25 0.004172517452389002
26 0.004093021620064974
27 0.004030259791761637
28 0.00393504835665226
29 0.003675332060083747
30 0.0040922341868281364
31 0.004055906552821398
32 0.00362097704783082
33 0.0035872356966137886
34 0.0035871395375579596
35 0.004097655415534973
36 0.004080845974385738
37 0.003779044607654214
38 0.0037929837126284838
39 0.004105002619326115
40 0.0039124563336372375
41 0.0032729837112128735
42 0.003947185818105936
43 0.003904358483850956
44 0.0036863377317786217
45 0.004026935435831547
46 0.004243012052029371
47 0.004460419062525034
48 0.003960868809372187
49 0.0038989922031760216
50 0.0039938162080943584
51 0.003445301204919815
52 0.004214106127619743
53 0.004019592888653278
54 0.0041206819005310535
55 0.0038637130055576563
56 0.004056110512465239
57 0.003830287605524063
58 0.004098729230463505
59 0.003835046198219061
60 0.003912155516445637
61 0.003977530170232058
62 0.004217683337628841
63 0.0037813817616552114
64 0.0038888342678546906
65 0.0037802159786224365
66 0.0037883545737713575
67 0.003970283083617687
68 0.0038140839897096157
69 0.00401166919618845
70 0.004012696444988251
71 0.004032775294035673
72 0.0039188009686768055
73 0.003620397299528122
74 0.0038109016604721546
75 0.004380162805318832
76 0.003920402377843857
77 0.003931885585188866
78 0.0040947142988443375
79 0.0035648883786052465
80 0.00370503356680274
81 0.004063877742737532
82 0.0039446474984288216
83 0.0037186562549322844
84 0.0041822222992777824
85 0.0036497258115559816
86 0.0037828460335731506
87 0.0038402369245886803
88 0.0035808291286230087
89 0.003835292998701334
90 0.004090838134288788
91 0.003986489027738571
92 0.00377742201089859
93 0.00404753815382719
94 0.0036662102211266756
95 0.003743229666724801
96 0.003982367925345898
97 0.004363473504781723
98 0.003997147548943758
99 0.004065363667905331
100 0.003795151598751545
101 0.004257063381373882
102 0.0036589251831173897
103 0.004088078159838915
104 0.003709630109369755
105 0.004164424259215593
106 0.0037296866066753864
107 0.004176084417849779
108 0.004336613696068525
109 0.0039850096218287945
110 0.0039002406410872936
111 0.003953041508793831
112 0.003985296469181776
113 0.004186050035059452
114 0.0039244224317371845
115 0.003764108521863818
116 0.003865307429805398
117 0.004024597816169262
118 0.0038785499054938555
119 0.0038395749870687723
120 0.004036543425172567
121 0.0040453290566802025
122 0.004349049646407366
123 0.0038894740864634514
124 0.0040622917003929615
125 0.003812910057604313
126 0.0042388527654111385
127 0.0040592593140900135
128 0.0037145086098462343
129 0.0037704440765082836
130 0.0037861145101487637
131 0.0038378566969186068
132 0.0038491864688694477
133 0.004069342743605375
134 0.00377803691662848
135 0.0036081569269299507
136 0.004314225632697344
137 0.003957373555749655
138 0.004011297132819891
139 0.003802566323429346
140 0.0036334118340164423
141 0.003544173203408718
142 0.0037367003969848156
143 0.0035624129232019186
144 0.003429651027545333
145 0.003969479352235794
146 0.003950688987970352
147 0.0036784063559025526
148 0.003972343169152737
149 0.004001468885689974
150 0.003913629800081253
151 0.004041863605380058
152 0.003813051152974367
153 0.0037048300728201866
154 0.00374763086438179
155 0.003530410584062338
156 0.003662687726318836
157 0.003938354551792145
158 0.0040367101319134235
159 0.0037565866950899363
160 0.003658326342701912
161 0.003632439998909831
162 0.004404309205710888
163 0.003479083301499486
164 0.0038689174689352512
165 0.003824779763817787
166 0.003985232673585415
167 0.004074123688042164
168 0.004284478724002838
169 0.004145858343690634
170 0.003925106022506952
171 0.003731711767613888
172 0.003629520768299699
173 0.003776615485548973
174 0.004050065763294697
175 0.004127772990614176
176 0.004347686190158129
177 0.0037034833803772926
178 0.0035758328158408403
179 0.0036720733623951674
180 0.0038593958597630262
181 0.0041912393644452095
182 0.003987880889326334
183 0.0040792920626699924
184 0.004048916511237621
185 0.004096492659300566
186 0.003784450236707926
187 0.003917352296411991
188 0.003987422678619623
189 0.00385540840215981
190 0.0039435336366295815
191 0.0037491361144930124
192 0.00374946859665215
193 0.003980295266956091
194 0.0040139202028512955
195 0.004288480617105961
196 0.004267589654773474
197 0.0036117653362452984
198 0.0038834786973893642
199 0.0038852235302329063
200 0.003898834576830268
201 0.0038377568125724792
202 0.003916029818356037
203 0.003760951803997159
204 0.003954000771045685
205 0.003768075490370393
206 0.0037196646444499493
207 0.004158058203756809
208 0.003912295214831829
209 0.004115032963454723
210 0.003793771145865321
211 0.004095738288015127
212 0.0035678527783602476
213 0.003751968964934349
214 0.004183553159236908
215 0.004080113023519516
216 0.004218407440930605
217 0.004180483985692263
218 0.003796809818595648
219 0.0037411325611174107
220 0.0038666725158691406
221 0.003928217105567455
222 0.0037652323953807354
223 0.004466456361114979
224 0.003654737491160631
225 0.003799254773184657
226 0.0039006418082863092
227 0.00362984137609601
228 0.003918148111552
229 0.00415850430727005
230 0.003972328267991543
231 0.004191875457763672
232 0.003957484848797321
233 0.003564180340617895
234 0.0038371095433831215
235 0.0037600439973175526
236 0.004130140878260136
237 0.0037131118588149548
238 0.003802585182711482
239 0.003829012392088771
240 0.003958697896450758
241 0.00393627118319273
242 0.0037753074429929256
243 0.0037814886309206486
244 0.0037480115424841642
245 0.0038378750905394554
246 0.004277392756193876
247 0.003971124533563852
248 0.00404996145516634
249 0.003813203889876604
250 0.0037245298735797405
251 0.0037142497021704912
252 0.0037351639475673437
253 0.0037678591907024384
254 0.003949206322431564
255 0.003520330647006631
