0 0.003959764260798693
1 0.0034771491773426533
2 0.003746818983927369
3 0.0038265769835561514
4 0.004049650859087706
5 0.003919077571481466
6 0.004162543918937445
7 0.004274873062968254
8 0.004019028972834349
9 0.0037496639415621758
10 0.004049564246088266
11 0.0038547245785593987
12 0.0035750921815633774
13 0.0039391908794641495
14 0.0036934635136276484
15 0.0038817317690700293
16 0.00405150605365634
17 0.0038787343073636293
18 0.0038584615103900433
19 0.0038464986719191074
20 0.004034333396703005
21 0.004097923170775175
22 0.003899508388713002
23 0.003721001325175166
24 0.0038633598014712334
25 0.004247601609677076
26 0.004053938202559948
27 0.004011631943285465
28 0.003994122613221407
29 0.004010258242487907
30 0.004176014568656683
31 0.0038618084508925676
32 0.003601860487833619
33 0.0036498091649264097
34 0.003535318886861205
35 0.003920943476259708
36 0.003940660506486893
37 0.003817446995526552
38 0.004070489201694727
39 0.0041133929044008255
40 0.003967036958783865
41 0.0035342162009328604
42 0.0038896065670996904
43 0.0037861051969230175
44 0.004011558368802071
45 0.003983108326792717
46 0.0043127695098519325
47 0.004050588235259056
48 0.00404910184442997
49 0.003718113759532571
50 0.004060538951307535
51 0.0036793260369449854
52 0.004197533242404461
53 0.003866759594529867
54 0.0038084634579718113
55 0.004125451203435659
56 0.003963848110288382
57 0.0040374621748924255
58 0.0037496539298444986
59 0.0038802828639745712
60 0.0037499868776649237
61 0.003975126426666975
62 0.004172661807388067
63 0.003685434814542532
64 0.0038538856897503138
65 0.003692417172715068
66 0.0038952280301600695
67 0.0037496646400541067
68 0.0037830830551683903
69 0.0040782177820801735
70 0.004272757098078728
71 0.004095813259482384
72 0.0038869143463671207
73 0.0039076050743460655
74 0.004023190587759018
75 0.004360683262348175
76 0.004000809509307146
77 0.003963424824178219
78 0.003967576660215855
79 0.004094773903489113
80 0.003633311716839671
81 0.004056399222463369
82 0.0038719912990927696
83 0.0035854182206094265
84 0.0037664535921067
85 0.0037596318870782852
86 0.003825801657512784
87 0.003872880944982171
88 0.0035397354513406754
89 0.003791229799389839
90 0.003992442972958088
91 0.004039406310766935
92 0.004052546340972185
93 0.004255753941833973
94 0.003739946288987994
95 0.0037364799063652754
96 0.0038561448454856873
97 0.004169412888586521
98 0.003924967255443335
99 0.004153089597821236
100 0.004016013815999031
101 0.00414183409884572
102 0.003809326561167836
103 0.003938446752727032
104 0.0037599322386085987
105 0.004377205856144428
106 0.0039031868800520897
107 0.00432830024510622
108 0.004293203353881836
109 0.003941675182431936
110 0.004127319902181625
111 0.0039041461423039436
112 0.003603217890486121
113 0.004216155968606472
114 0.004017077386379242
115 0.0038860703352838755
116 0.003906648606061935
117 0.003933789674192667
118 0.0037144944071769714
119 0.003995167091488838
120 0.0039008574094623327
121 0.0041542137041687965
122 0.004545440897345543
123 0.003878326155245304
124 0.004004604183137417
125 0.004097290802747011
126 0.003924957476556301
127 0.003823160659521818
128 0.0037735472433269024
129 0.0036233721766620874
130 0.0036477509420365095
131 0.0037033739499747753
132 0.003921681083738804
133 0.00425725569948554
134 0.003661290043964982
135 0.0034542924258857965
136 0.004345449153333902
137 0.0039291693829
138 0.0038604922592639923
139 0.003876263741403818
140 0.0036933596711605787
141 0.003569992259144783
142 0.003803971689194441
143 0.0037328372709453106
144 0.0034869201481342316
145 0.004097361583262682
146 0.003726706840097904
147 0.003916446585208178
148 0.0039511932991445065
149 0.003870755899697542
150 0.003971999976783991
151 0.00412321649491787
152 0.0035355868749320507
153 0.0038572729099541903
154 0.0038884941022843122
155 0.003794644260779023
156 0.003854225855320692
157 0.003607184626162052
158 0.003938737325370312
159 0.0037495370488613844
160 0.003650467377156019
161 0.0036604199558496475
162 0.00436338922008872
163 0.0037978803738951683
164 0.003708547679707408
165 0.004011699929833412
166 0.0038039321079850197
167 0.0037791295908391476
168 0.004052652511745691
169 0.003954900428652763
170 0.0038195678498595953
171 0.003770363749936223
172 0.003819182049483061
173 0.0036713220179080963
174 0.003980266395956278
175 0.0038589322939515114
176 0.004133869428187609
177 0.003864580299705267
178 0.003621637588366866
179 0.0038239334244281054
180 0.003848086344078183
181 0.004301069304347038
182 0.0038705908227711916
183 0.0037926833610981703
184 0.003972845617681742
185 0.0041911001317203045
186 0.003497976576909423
187 0.003927894402295351
188 0.004090061876922846
189 0.0038643914740532637
190 0.003950054757297039
191 0.0037834858521819115
192 0.003810650436207652
193 0.0038741896860301495
194 0.004095335025340319
195 0.004092626739293337
196 0.004235819913446903
197 0.0035708423238247633
198 0.0038702855817973614
199 0.004023776855319738
200 0.00380730046890676
201 0.0037896460853517056
202 0.003872352885082364
203 0.003946664743125439
204 0.003798645455390215
205 0.004056529141962528
206 0.0037980210036039352
207 0.004033940844237804
208 0.004237494897097349
209 0.004006889648735523
210 0.0036302206572145224
211 0.003856876166537404
212 0.0035640269052237272
213 0.00404171971604228
214 0.0042240251787006855
215 0.004044142086058855
216 0.003970877733081579
217 0.0040199304930865765
218 0.003704855917021632
219 0.0038424604572355747
220 0.003872966393828392
221 0.0042219324968755245
222 0.003663945710286498
223 0.003948634956032038
224 0.0039541651494801044
225 0.0038189406041055918
226 0.0039883931167423725
227 0.0037410552613437176
228 0.003809891641139984
229 0.004057645797729492
230 0.003653967985883355
231 0.004155084490776062
232 0.0037671267054975033
233 0.003807828761637211
234 0.003737496677786112
235 0.003700055880472064
236 0.004076575394719839
237 0.0037570560816675425
238 0.0037676957435905933
239 0.004206025041639805
240 0.004104174207895994
241 0.003974291495978832
242 0.003920629620552063
243 0.0035411228891462088
244 0.003950635902583599
245 0.0037086275406181812
246 0.004251833073794842
247 0.004121533595025539
248 0.003890879452228546
249 0.0038383640348911285
250 0.003675807500258088
251 0.003631815081462264
252 0.003928154706954956
253 0.003737532300874591
254 0.003916515968739986
255 0.003738699248060584
