0 0.003901061834767461
1 0.00353217008523643
2 0.004120504483580589
3 0.003996723797172308
4 0.004234285093843937
5 0.003968718461692333
6 0.004106230102479458
7 0.004100534599274397
8 0.004071852192282677
9 0.0038406685926020145
10 0.004119705408811569
11 0.003887320403009653
12 0.003583551151677966
13 0.003766558365896344
14 0.0038109745364636183
15 0.0038154141511768103
16 0.003932234365493059
17 0.004080357030034065
18 0.003784197149798274
19 0.0038952790200710297
20 0.004062676336616278
21 0.004139699041843414
22 0.0038486013654619455
23 0.003774000331759453
24 0.003872883040457964
25 0.004027645103633404
26 0.004106894601136446
27 0.003992682788521051
28 0.004192572087049484
29 0.0038708741776645184
30 0.004299713298678398
31 0.003983993548899889
32 0.0036938167177140713
33 0.0034914130810648203
34 0.0036160906311124563
35 0.003852045862004161
36 0.003945460543036461
37 0.003688642056658864
38 0.004067286383360624
39 0.0038058983627706766
40 0.004086569882929325
41 0.0033562646713107824
42 0.0037262311670929193
43 0.003798441030085087
44 0.0036861940752714872
45 0.0038717412389814854
46 0.0040705204010009766
47 0.004110787529498339
48 0.0041669984348118305
49 0.003675103420391679
50 0.004175971262156963
51 0.0035547143779695034
52 0.004119778051972389
53 0.003838371718302369
54 0.0038329879753291607
55 0.003763704327866435
56 0.0038667430635541677
57 0.0037545065861195326
58 0.0038725617341697216
59 0.003989504650235176
60 0.003891359781846404
61 0.003943117335438728
62 0.0043303873389959335
63 0.0038719382137060165
64 0.003945895005017519
65 0.0037467069923877716
66 0.003928725607693195
67 0.003981619141995907
68 0.003872075118124485
69 0.004202734678983688
70 0.004214202985167503
71 0.003968402743339539
72 0.003891873871907592
73 0.003825100837275386
74 0.004016834776848555
75 0.004201975651085377
76 0.0040642619132995605
77 0.003857689443975687
78 0.004102576058357954
79 0.003694264218211174
80 0.003709866665303707
81 0.004179647658020258
82 0.0037140757776796818
83 0.0035605221055448055
84 0.003936748020350933
85 0.0038084429688751698
86 0.0035859805066138506
87 0.00392927834764123
88 0.0035838435869663954
89 0.00364738330245018
90 0.003954111598432064
91 0.003988887649029493
92 0.00403951108455658
93 0.004145515151321888
94 0.003644448472186923
95 0.003783137071877718
96 0.003968739882111549
97 0.003958585672080517
98 0.004012068267911673
99 0.003983658272773027
100 0.003859531134366989
101 0.004197587259113789
102 0.0036590206436812878
103 0.004077267833054066
104 0.0036354181356728077
105 0.004138102289289236
106 0.003998237196356058
107 0.0045715938322246075
108 0.00421551801264286
109 0.003988367971032858
110 0.0041077327914536
111 0.0038497012574225664
112 0.0037434748373925686
113 0.004447623156011105
114 0.004032837226986885
115 0.0036420514807105064
116 0.0037755288649350405
117 0.003676049178466201
118 0.0037549661938101053
119 0.0040469300001859665
120 0.003952993080019951
121 0.004022364970296621
122 0.004268440417945385
123 0.003678420791402459
124 0.0040709348395466805
125 0.0039242226630449295
126 0.004224108532071114
127 0.0037422431632876396
128 0.0035161550622433424
129 0.003677383530884981
130 0.0037475796416401863
131 0.0036977818235754967
132 0.0037719912361353636
133 0.004418748896569014
134 0.0036950050853192806
135 0.0036224646028131247
136 0.004343682434409857
137 0.0038000820204615593
138 0.0038796761073172092
139 0.00401351461187005
140 0.0037132874131202698
141 0.003572040470317006
142 0.00371211557649076
143 0.003942941781133413
144 0.003543432801961899
145 0.004169563762843609
146 0.0039019365794956684
147 0.003959899302572012
148 0.0038070627488195896
149 0.0037369756028056145
150 0.004117733333259821
151 0.00413273461163044
152 0.0035569341853260994
153 0.003949101082980633
154 0.003922267816960812
155 0.003798882244154811
156 0.0038032890297472477
157 0.0035815273877233267
158 0.00403903191909194
159 0.0036916271783411503
160 0.003741367720067501
161 0.0037531976122409105
162 0.0041853636503219604
163 0.003688008990138769
164 0.003919668961316347
165 0.003651151666417718
166 0.003834318369626999
167 0.0041266679763793945
168 0.0041252984665334225
169 0.00392392510548234
170 0.0038343544583767653
171 0.0037719241809099913
172 0.0037228367291390896
173 0.003680722089484334
174 0.0039496342651546
175 0.004072428680956364
176 0.004138571675866842
177 0.0038495035842061043
178 0.003595942398533225
179 0.003675459185615182
180 0.0037895662244409323
181 0.004271138925105333
182 0.003957516513764858
183 0.0038394227158278227
184 0.004001252353191376
185 0.004098616540431976
186 0.0036265188828110695
187 0.003672377672046423
188 0.003941269591450691
189 0.003943462390452623
190 0.0038911206647753716
191 0.0037278546951711178
192 0.003791522467508912
193 0.003984570037573576
194 0.004217437002807856
195 0.00410674512386322
196 0.004153919406235218
197 0.0038852619472891092
198 0.0037782518193125725
199 0.0040200380608439445
200 0.0037727036979049444
201 0.003896363778039813
202 0.003854533890262246
203 0.003876553848385811
204 0.003953386563807726
205 0.0037809740751981735
206 0.003930631559342146
207 0.00394533621147275
208 0.004016714170575142
209 0.0039368667639791965
210 0.0036277431063354015
211 0.004147287458181381
212 0.0037287625018507242
213 0.003860086901113391
214 0.004198779817670584
215 0.004016272723674774
216 0.004148688167333603
217 0.004025544971227646
218 0.003873593406751752
219 0.0038775354623794556
220 0.004048651084303856
221 0.0039059186819940805
222 0.0035442563239485025
223 0.004179213661700487
224 0.0037781200371682644
225 0.003851745743304491
226 0.004018380306661129
227 0.0038513378240168095
228 0.003976128064095974
229 0.004289588425308466
230 0.003796212375164032
231 0.004091399256139994
232 0.0038046743720769882
233 0.003816788550466299
234 0.003813775023445487
235 0.0038527781143784523
236 0.004063211847096682
237 0.0036780277732759714
238 0.003668035613372922
239 0.004286871757358313
240 0.004145229700952768
241 0.0038530000019818544
242 0.0038762071635574102
243 0.003754805773496628
244 0.003991114906966686
245 0.0037541633937507868
246 0.004044168163090944
247 0.004189635161310434
248 0.004087299108505249
249 0.003694457234814763
250 0.0037038717418909073
251 0.0036799428053200245
252 0.003884506644681096
253 0.0038632575888186693
254 0.0037977448664605618
255 0.003936145454645157
