0 0.003910249099135399
1 0.003439610358327627
2 0.0037462133914232254
3 0.0038145463913679123
4 0.003977804444730282
5 0.004010275937616825
6 0.004025651142001152
7 0.004246129654347897
8 0.0040831598453223705
9 0.003638005116954446
10 0.0041830153204500675
11 0.00406878674402833
12 0.0037225333508104086
13 0.0040657613426446915
14 0.0038680408615618944
15 0.0038598233368247747
16 0.0039280978962779045
17 0.0038212998770177364
18 0.0037994259037077427
19 0.003952501807361841
20 0.0041327159851789474
21 0.004104129038751125
22 0.003959294408559799
23 0.0038507897406816483
24 0.0038426322862505913
25 0.004203174728900194
26 0.003858903655782342
27 0.003944428637623787
28 0.004084804095327854
29 0.004041758365929127
30 0.004059151746332645
31 0.0038768681697547436
32 0.003566059051081538
33 0.003756769699975848
34 0.0035438118502497673
35 0.004069481045007706
36 0.00412699393928051
37 0.003871830413118005
38 0.003762507811188698
39 0.004272702615708113
40 0.004220249131321907
41 0.0034568062983453274
42 0.0038040010258555412
43 0.003814771305769682
44 0.004019417800009251
45 0.0037846046034246683
46 0.004078601021319628
47 0.004312073811888695
48 0.00406508008018136
49 0.0038125247228890657
50 0.004041528329253197
51 0.00355434394441545
52 0.0040723890997469425
53 0.0037699562963098288
54 0.003949614241719246
55 0.004186123609542847
56 0.004021212458610535
57 0.003642313415184617
58 0.0038168737664818764
59 0.0038174425717443228
60 0.0038723675534129143
61 0.0038676708936691284
62 0.004407012835144997
63 0.0037755563389509916
64 0.00415465235710144
65 0.0038150842301547527
66 0.0037142278160899878
67 0.003881656564772129
68 0.004011261742562056
69 0.003967697266489267
70 0.0042168558575212955
71 0.003931154031306505
72 0.0038910212460905313
73 0.0037091292906552553
74 0.003741717431694269
75 0.004404877778142691
76 0.003947908524423838
77 0.0038370282854884863
78 0.0038856284227222204
79 0.0037981218192726374
80 0.003697443287819624
81 0.0041445475071668625
82 0.0037410014774650335
83 0.003766936482861638
84 0.0039787935093045235
85 0.0037760576233267784
86 0.003933853004127741
87 0.003841785481199622
88 0.0036247444804757833
89 0.0038881520740687847
90 0.004061277490109205
91 0.0038271506782621145
92 0.0034908235538750887
93 0.004228557460010052
94 0.0037164788227528334
95 0.0041378759779036045
96 0.0038026152178645134
97 0.004079543054103851
98 0.0037024812772870064
99 0.0040314095094799995
100 0.00404627388343215
101 0.004119175486266613
102 0.0038680529687553644
103 0.004048926290124655
104 0.003713279729709029
105 0.004334114957600832
106 0.003964877687394619
107 0.004257529508322477
108 0.004152755718678236
109 0.0037568032275885344
110 0.003960323054343462
111 0.0036782033275812864
112 0.0036994009278714657
113 0.004094624426215887
114 0.004089081659913063
115 0.0038792244158685207
116 0.0037841778248548508
117 0.004064925946295261
118 0.0036138808354735374
119 0.0037682168185710907
120 0.003797486424446106
121 0.004198852926492691
122 0.004411774221807718
123 0.003963552415370941
124 0.003940891474485397
125 0.003919588401913643
126 0.0039717769250273705
127 0.0037271103356033564
128 0.003582696197554469
129 0.0036036395467817783
130 0.0038181429263204336
131 0.0037849564105272293
132 0.004108000081032515
133 0.004205582197755575
134 0.003892728127539158
135 0.00358494371175766
136 0.004321404732763767
137 0.003845029277727008
138 0.0040830099023878574
139 0.0038486244156956673
140 0.003820854239165783
141 0.003474903292953968
142 0.0039239367470145226
143 0.003831411711871624
144 0.0036942418664693832
145 0.00405156472697854
146 0.003879396477714181
147 0.003824792802333832
148 0.003861709265038371
149 0.00396314449608326
150 0.00399242527782917
151 0.004160826560109854
152 0.003474488388746977
153 0.004047480411827564
154 0.0038703144527971745
155 0.0035929770674556494
156 0.004030643496662378
157 0.003666158299893141
158 0.004136812873184681
159 0.00367434648796916
160 0.0038417340256273746
161 0.003778920043259859
162 0.004344912711530924
163 0.0037706540897488594
164 0.0037115062586963177
165 0.0038826821837574244
166 0.003796645672991872
167 0.00393842626363039
168 0.004021328873932362
169 0.004022649023681879
170 0.003832118818536401
171 0.003847029758617282
172 0.003691022749990225
173 0.0037873887922614813
174 0.0037862311583012342
175 0.0038799806497991085
176 0.004286826588213444
177 0.003766987007111311
178 0.003497162600979209
179 0.003751876065507531
180 0.003679299959912896
181 0.004074304364621639
182 0.004127259831875563
183 0.0038846214301884174
184 0.004140194971114397
185 0.004153684247285128
186 0.003738512983545661
187 0.003930217586457729
188 0.003996479324996471
189 0.0038600999396294355
190 0.003916698973625898
191 0.0035404011141508818
192 0.0036922350991517305
193 0.004014206118881702
194 0.00412518996745348
195 0.0041324421763420105
196 0.004277566913515329
197 0.003715979168191552
198 0.0038212542422115803
199 0.003985817544162273
200 0.003947994206100702
201 0.0035607358440756798
202 0.003922153729945421
203 0.003851453773677349
204 0.003812615294009447
205 0.0038116085343062878
206 0.00376955047249794
207 0.004209386650472879
208 0.004031219519674778
209 0.00417284807190299
210 0.0037171561270952225
211 0.004130394663661718
212 0.0036359443329274654
213 0.003939919639378786
214 0.00411192886531353
215 0.0040122433565557
216 0.003943108022212982
217 0.004124458879232407
218 0.003856252646073699
219 0.003684642491862178
220 0.003870186395943165
221 0.004004204645752907
222 0.0037515503354370594
223 0.004212079104036093
224 0.003979021683335304
225 0.0039567602798342705
226 0.004057037178426981
227 0.0038257448468357325
228 0.003899110248312354
229 0.0040833367966115475
230 0.0038859916385263205
231 0.004000739194452763
232 0.003914227709174156
233 0.0038207070901989937
234 0.003626515157520771
235 0.003751588985323906
236 0.0040092021226882935
237 0.0038194276858121157
238 0.003707508323714137
239 0.00396250793710351
240 0.003801305778324604
241 0.0038440015632659197
242 0.003949319012463093
243 0.003676513908430934
244 0.003764671040698886
245 0.003729568561539054
246 0.00426785834133625
247 0.0038864118978381157
248 0.0041898018680512905
249 0.003795213997364044
250 0.0038205492310225964
251 0.0036105613689869642
252 0.0038371412083506584
253 0.0037862935569137335
254 0.003924100194126368
255 0.003583170473575592
