0 0.003966492600739002
1 0.003487337613478303
2 0.0038405421655625105
3 0.003802182152867317
4 0.004214150365442038
5 0.003977518063038588
6 0.004174388945102692
7 0.003961432725191116
8 0.003991600591689348
9 0.003612332046031952
10 0.003946241457015276
11 0.003990425728261471
12 0.0037213594187051058
13 0.0038735419511795044
14 0.003800562582910061
15 0.0038843227084726095
16 0.004042963497340679
17 0.00386964064091444
18 0.0036292721051722765
19 0.004099849611520767
20 0.004034827928990126
21 0.0040252935141325
22 0.004009994212538004
23 0.0039006341248750687
24 0.004002761095762253
25 0.0040608667768538
26 0.003988424316048622
27 0.0038607059977948666
28 0.0041509815491735935
29 0.00398900406435132
30 0.004070074763149023
31 0.003935060929507017
32 0.0037147013936191797
33 0.003664554562419653
34 0.003881431184709072
35 0.003952143248170614
36 0.004087138921022415
37 0.003915655892342329
38 0.004130304325371981
39 0.004446210339665413
40 0.004241454880684614
41 0.0035543404519557953
42 0.0036643745843321085
43 0.0036433532368391752
44 0.003749693976715207
45 0.0035945039708167315
46 0.004338682629168034
47 0.004176507703959942
48 0.004120486322790384
49 0.003687869990244508
50 0.0041888924315571785
51 0.0036400549579411745
52 0.004014483653008938
53 0.0040830220095813274
54 0.0039043512661010027
55 0.004189745988696814
56 0.004095738288015127
57 0.0036974952090531588
58 0.0036416444927453995
59 0.0038530935999006033
60 0.003849099390208721
61 0.003905488643795252
62 0.0041470457799732685
63 0.00399843929335475
64 0.003893840592354536
65 0.003842086298391223
66 0.00386237190105021
67 0.0036997180432081223
68 0.003867773339152336
69 0.004086532164365053
70 0.004170035943388939
71 0.0038614210207015276
72 0.0039042532444000244
73 0.0036387271247804165
74 0.003787822322919965
75 0.004456405993551016
76 0.004315217956900597
77 0.0038479804061353207
78 0.0039178053848445415
79 0.003880063071846962
80 0.0035883740056306124
81 0.004091059323400259
82 0.0038696439005434513
83 0.003703875234350562
84 0.003831334877759218
85 0.0038917099591344595
86 0.0037075779400765896
87 0.004007944371551275
88 0.003772204276174307
89 0.0038008952978998423
90 0.0040496825240552425
91 0.003949929494410753
92 0.004138196352869272
93 0.004246208816766739
94 0.00380385247990489
95 0.003771094838157296
96 0.003793038660660386
97 0.004047346767038107
98 0.0037767088506370783
99 0.004050813615322113
100 0.0038771904073655605
101 0.0040602898225188255
102 0.0036915065720677376
103 0.004159996286034584
104 0.003960649482905865
105 0.004262999165803194
106 0.0039027449674904346
107 0.004161763936281204
108 0.004225191660225391
109 0.0037333774380385876
110 0.003892285982146859
111 0.0039487481117248535
112 0.003709928598254919
113 0.004313135053962469
114 0.004044762812554836
115 0.0036658411845564842
116 0.003929439000785351
117 0.0037452862598001957
118 0.0037017485592514277
119 0.00408921716734767
120 0.00407435093075037
121 0.004083766136318445
122 0.004515571985393763
123 0.0038559562526643276
124 0.003916354849934578
125 0.0038423261139541864
126 0.003989595919847488
127 0.003831445937976241
128 0.003552602371200919
129 0.003884760430082679
130 0.0039079380221664906
131 0.0037709935568273067
132 0.0038731086533516645
133 0.004496803041547537
134 0.0037811091169714928
135 0.0036543565802276134
136 0.004432366695255041
137 0.003827991196885705
138 0.0038690175861120224
139 0.0041441661305725574
140 0.00367758609354496
141 0.0037010752130299807
142 0.0037090398836880922
143 0.0036113043315708637
144 0.003585603553801775
145 0.00407326128333807
146 0.003853530390188098
147 0.003940675873309374
148 0.004017059691250324
149 0.0037607760168612003
150 0.00393004110082984
151 0.004125491250306368
152 0.003794971853494644
153 0.003915129695087671
154 0.003964993637055159
155 0.0038094217889010906
156 0.0038043817039579153
157 0.003842588746920228
158 0.004066339693963528
159 0.0038111871108412743
160 0.0036883149296045303
161 0.0037936081644147635
162 0.004236523527652025
163 0.0037694822531193495
164 0.003911874257028103
165 0.0037525538355112076
166 0.004039943218231201
167 0.00406121090054512
168 0.0040638642385602
169 0.0038938738871365786
170 0.00383522966876626
171 0.0036771909799426794
172 0.003665233263745904
173 0.0037646014243364334
174 0.004056244157254696
175 0.003830773988738656
176 0.0041454387828707695
177 0.0037395628169178963
178 0.0035241402219980955
179 0.0038500591181218624
180 0.003816552460193634
181 0.004267656709998846
182 0.0038809028919786215
183 0.003909921273589134
184 0.004079277627170086
185 0.004236639942973852
186 0.0035104393027722836
187 0.0036449588369578123
188 0.0038336373399943113
189 0.0036642190534621477
190 0.00394007284194231
191 0.003835296956822276
192 0.0037437721621245146
193 0.0038353896234184504
194 0.0042672245763242245
195 0.004169974941760302
196 0.004019732121378183
197 0.003794533433392644
198 0.003755723824724555
199 0.003823886625468731
200 0.0035460612270981073
201 0.0038735074922442436
202 0.004087667912244797
203 0.003706390503793955
204 0.0037788019981235266
205 0.0037820006255060434
206 0.0036340169608592987
207 0.00408222945407033
208 0.003931451588869095
209 0.0038536901120096445
210 0.003812342183664441
211 0.004025657661259174
212 0.0037015974521636963
213 0.0038937798235565424
214 0.003972337581217289
215 0.004164737183600664
216 0.003948315046727657
217 0.004046320449560881
218 0.0037758725229650736
219 0.003856104798614979
220 0.004058311693370342
221 0.003900856478139758
222 0.003560350276529789
223 0.004076534882187843
224 0.004038824234157801
225 0.0038799948524683714
226 0.003922256175428629
227 0.0037431318778544664
228 0.004000290762633085
229 0.0041364762000739574
230 0.003751991782337427
231 0.004180306568741798
232 0.003732830984517932
233 0.003865451319143176
234 0.0038703009486198425
235 0.003799538826569915
236 0.0041056727059185505
237 0.003718733321875334
238 0.003792763454839587
239 0.0042288401164114475
240 0.004026432987302542
241 0.003993755206465721
242 0.003661748021841049
243 0.0036461749114096165
244 0.0038670215290039778
245 0.0038637954276055098
246 0.00396319292485714
247 0.003971488680690527
248 0.00391652574762702
249 0.003764860797673464
250 0.0036233756691217422
251 0.003447424154728651
252 0.003927305340766907
253 0.0036559486761689186
254 0.003915134817361832
255 0.0036044917069375515
