0 0.004038507584482431
1 0.0035551919136196375
2 0.003854250768199563
3 0.004011858720332384
4 0.0042882440611720085
5 0.0037976850289851427
6 0.004242382477968931
7 0.004057258367538452
8 0.0040188925340771675
9 0.003683590330183506
10 0.004158328287303448
11 0.004076460376381874
12 0.0035539946984499693
13 0.003974618390202522
14 0.0037521799094974995
15 0.003900372888892889
16 0.003783839987590909
17 0.004102683160454035
18 0.0037639907095581293
19 0.003931538667529821
20 0.003934131469577551
21 0.0038100231904536486
22 0.0038727461360394955
23 0.003785171080380678
24 0.004065486136823893
25 0.00398092670366168
26 0.00397877162322402
27 0.0039845542050898075
28 0.004109595436602831
29 0.004091276787221432
30 0.004104703199118376
31 0.003890209598466754
32 0.00357281556352973
33 0.003353959182277322
34 0.0035371147096157074
35 0.0038820956833660603
36 0.003979307133704424
37 0.0036638001911342144
38 0.004187289159744978
39 0.004156114999204874
40 0.0038486516568809748
41 0.00362148554995656
42 0.004161263350397348
43 0.0039255754090845585
44 0.003848995314911008
45 0.003803017782047391
46 0.004010482225567102
47 0.004264350514858961
48 0.003914973698556423
49 0.0036222105845808983
50 0.004024292808026075
51 0.003611290827393532
52 0.004075536038726568
53 0.0038134667556732893
54 0.003721073968335986
55 0.004034774377942085
56 0.003967123571783304
57 0.0037833750247955322
58 0.003550522727891803
59 0.0038027844857424498
60 0.0038042794913053513
61 0.003816150827333331
62 0.004448640625923872
63 0.003652901854366064
64 0.0038628929760307074
65 0.0036585386842489243
66 0.003832781221717596
67 0.003943973686546087
68 0.003707326017320156
69 0.003871890716254711
70 0.004336164798587561
71 0.003835911164060235
72 0.004050059709697962
73 0.003776563098654151
74 0.0036783646792173386
75 0.004098787903785706
76 0.003923923242837191
77 0.0038095121271908283
78 0.004078936763107777
79 0.00388327450491488
80 0.0036808957811444998
81 0.003976617008447647
82 0.004071815405040979
83 0.0037093183491379023
84 0.0038875446189194918
85 0.0037629147991538048
86 0.003787362016737461
87 0.0037868900690227747
88 0.003422189736738801
89 0.003814145689830184
90 0.004099604673683643
91 0.0038628517650067806
92 0.0040732803754508495
93 0.004131007473915815
94 0.003590711858123541
95 0.003626287216320634
96 0.003984325565397739
97 0.004078255500644445
98 0.003702883841469884
99 0.004306115210056305
100 0.0040475535206496716
101 0.004258125089108944
102 0.0038489801809191704
103 0.004220489412546158
104 0.0038691663648933172
105 0.0044878823682665825
106 0.004062032327055931
107 0.0043567572720348835
108 0.004297418985515833
109 0.004085540305823088
110 0.0038881765212863684
111 0.003880620701238513
112 0.0037421933375298977
113 0.0043091122061014175
114 0.004155818838626146
115 0.003569146618247032
116 0.004177560098469257
117 0.003950935788452625
118 0.0034732611384242773
119 0.00375872734002769
120 0.003862737910822034
121 0.00399401132017374
122 0.004440434277057648
123 0.0038195373490452766
124 0.0040624020621180534
125 0.003937431611120701
126 0.004386346321552992
127 0.003944169729948044
128 0.003745078109204769
129 0.0035679072607308626
130 0.003695699153468013
131 0.0036561982706189156
132 0.0038613020442426205
133 0.004220565315335989
134 0.003767268732190132
135 0.003453400218859315
136 0.004454412031918764
137 0.0038489080034196377
138 0.0037313364446163177
139 0.004066661931574345
140 0.0037633017636835575
141 0.003561026882380247
142 0.0036955857649445534
143 0.0037314461078494787
144 0.003633683081716299
145 0.004066754132509232
146 0.003956910222768784
147 0.004035893827676773
148 0.004042386077344418
149 0.004014258272945881
150 0.0043969061225652695
151 0.004053426906466484
152 0.0036606809590011835
153 0.0038411859422922134
154 0.003954101353883743
155 0.0036102046724408865
156 0.0036305657122284174
157 0.0034780085552483797
158 0.003930935636162758
159 0.003768165362998843
160 0.003688523778691888
161 0.0037138531915843487
162 0.004410103894770145
163 0.003752701682969928
164 0.003876923816278577
165 0.00405547209084034
166 0.004022351466119289
167 0.003973544575273991
168 0.0039018699899315834
169 0.0036749967839568853
170 0.0038046622648835182
171 0.004042956978082657
172 0.0037156492471694946
173 0.0040446980856359005
174 0.004098520614206791
175 0.00401859637349844
176 0.004280264023691416
177 0.003920284099876881
178 0.0037206863053143024
179 0.0036935536190867424
180 0.0036589447408914566
181 0.004317410755902529
182 0.004168764688074589
183 0.003906316589564085
184 0.003914957866072655
185 0.004277768544852734
186 0.0035336229484528303
187 0.003925534896552563
188 0.0038899399805814028
189 0.004026451613754034
190 0.004156547598540783
191 0.0038657975383102894
192 0.0038268829230219126
193 0.004159669391810894
194 0.004012030083686113
195 0.00412293616682291
196 0.004254187922924757
197 0.003756958292797208
198 0.003913979511708021
199 0.0038878521881997585
200 0.003669028403237462
201 0.0038998033851385117
202 0.003936680033802986
203 0.003843202954158187
204 0.003741386579349637
205 0.0037574528250843287
206 0.003659653477370739
207 0.0038173850625753403
208 0.0040357946418225765
209 0.0040384987369179726
210 0.0038229902274906635
211 0.00393496872857213
212 0.0036306914407759905
213 0.0036588697694242
214 0.0041877455078065395
215 0.0040337336249649525
216 0.004042506217956543
217 0.004099217709153891
218 0.0036614614073187113
219 0.00369022274389863
220 0.003847458167001605
221 0.004042677115648985
222 0.00381093961186707
223 0.004200164694339037
224 0.003700600005686283
225 0.003619745373725891
226 0.004004296846687794
227 0.003762603737413883
228 0.004156068898737431
229 0.004303146619349718
230 0.003920301795005798
231 0.00412764772772789
232 0.0038468586280941963
233 0.0037626035045832396
234 0.00369625142775476
235 0.0038056594785302877
236 0.003854187438264489
237 0.003811605041846633
238 0.00358223426155746
239 0.004000821616500616
240 0.004011651501059532
241 0.004074719734489918
242 0.003956932108849287
243 0.003764649387449026
244 0.003895833157002926
245 0.0038000703789293766
246 0.004131608176976442
247 0.004336150828748941
248 0.0036157220602035522
249 0.0037726447917521
250 0.003644802374765277
251 0.0035696211270987988
252 0.0040326728485524654
253 0.0036642856430262327
254 0.003957763779908419
255 0.0036691161803901196
