0 0.003796616569161415
1 0.0033823770936578512
2 0.0039566922932863235
3 0.004067080095410347
4 0.004126250743865967
5 0.004049553070217371
6 0.004224536009132862
7 0.004139917436987162
8 0.003992052283138037
9 0.0035953603219240904
10 0.003999078180640936
11 0.003977809567004442
12 0.0038115819916129112
13 0.003765556961297989
14 0.0038961023092269897
15 0.003985175397247076
16 0.003915566019713879
17 0.003858543699607253
18 0.0039187269285321236
19 0.003883905475959182
20 0.003966226242482662
21 0.004270863253623247
22 0.004014274105429649
23 0.0037563873920589685
24 0.003931466024369001
25 0.004370752722024918
26 0.00407307967543602
27 0.0038934273179620504
28 0.004071484319865704
29 0.003919477574527264
30 0.004233139101415873
31 0.0038743349723517895
32 0.0036049969494342804
33 0.0037728080060333014
34 0.0036457169335335493
35 0.004339201375842094
36 0.004148790147155523
37 0.003938281908631325
38 0.004072411917150021
39 0.0041621034033596516
40 0.004103511106222868
41 0.003368530422449112
42 0.003946593031287193
43 0.0036750873550772667
44 0.003974422346800566
45 0.003957898821681738
46 0.004276800900697708
47 0.00447093928232789
48 0.004324412439018488
49 0.003629709128290415
50 0.004180200397968292
51 0.003648041747510433
52 0.0040352800861001015
53 0.0037239291705191135
54 0.003999568056315184
55 0.004123330116271973
56 0.004247640259563923
57 0.0038798796012997627
58 0.0039876592345535755
59 0.0038694331888109446
60 0.0037686489522457123
61 0.0040120575577020645
62 0.004100439604371786
63 0.0036821370013058186
64 0.004080416169017553
65 0.0037992747966200113
66 0.0038311665412038565
67 0.003977846819907427
68 0.0038544838316738605
69 0.0038453650195151567
70 0.004421126563102007
71 0.00390235404483974
72 0.0039003470446914434
73 0.00374556053429842
74 0.00404393021017313
75 0.004273999948054552
76 0.004097482655197382
77 0.00397114921361208
78 0.003804194973781705
79 0.003824848448857665
80 0.003823348553851247
81 0.004102704115211964
82 0.0037393528036773205
83 0.003738897852599621
84 0.003788564819842577
85 0.0036226033698767424
86 0.003851218381896615
87 0.0038261408917605877
88 0.0037312465719878674
89 0.0037483517080545425
90 0.003838547971099615
91 0.003974277060478926
92 0.003895546542480588
93 0.004444144666194916
94 0.003864272730425
95 0.003759932005777955
96 0.003719934029504657
97 0.00415028678253293
98 0.0037942116614431143
99 0.0037569189444184303
100 0.0036971287336200476
101 0.003941263537853956
102 0.0036989261861890554
103 0.0040740142576396465
104 0.003849299158900976
105 0.0042442092671990395
106 0.003842746140435338
107 0.0045568798668682575
108 0.0041292705573141575
109 0.0036993699613958597
110 0.004278863780200481
111 0.0039976611733436584
112 0.003774861339479685
113 0.004307278897613287
114 0.003956405911594629
115 0.003945390228182077
116 0.0037486040964722633
117 0.0037502057384699583
118 0.003718398278579116
119 0.003950948361307383
120 0.0037963876966387033
121 0.003976550418883562
122 0.004207114689052105
123 0.004008350428193808
124 0.004019348416477442
125 0.004099311772733927
126 0.003961826674640179
127 0.003742529544979334
128 0.0036361052189022303
129 0.0037713961210101843
130 0.0037178380880504847
131 0.003611314110457897
132 0.003974981140345335
133 0.004213395994156599
134 0.0038579734973609447
135 0.0038148018065840006
136 0.004272096790373325
137 0.0037636212073266506
138 0.004042182117700577
139 0.003993726801127195
140 0.003570237895473838
141 0.0035691556986421347
142 0.003833109512925148
143 0.0038176937960088253
144 0.003582549514248967
145 0.004163429606705904
146 0.003991590812802315
147 0.003882670309394598
148 0.003795969532802701
149 0.003854061011224985
150 0.0039618066512048244
151 0.004009569995105267
152 0.003567757783457637
153 0.0038305066991597414
154 0.0037942237686365843
155 0.0036261784844100475
156 0.003687434596940875
157 0.0037077772431075573
158 0.003924105782061815
159 0.0036300502251833677
160 0.0037581268697977066
161 0.003587312763556838
162 0.0043343608267605305
163 0.003714097198098898
164 0.0037981809582561255
165 0.003834413131698966
166 0.003933228552341461
167 0.0038886480033397675
168 0.004118824377655983
169 0.004220922477543354
170 0.00385105749592185
171 0.0036627878434956074
172 0.0037206774577498436
173 0.0036131616216152906
174 0.0038519585505127907
175 0.0036620101891458035
176 0.004238526802510023
177 0.003819890785962343
178 0.0035297602880746126
179 0.00376959634013474
180 0.0037886900827288628
181 0.004359913989901543
182 0.003915959037840366
183 0.003951791673898697
184 0.004068756476044655
185 0.004156213253736496
186 0.0035699147265404463
187 0.0038670203648507595
188 0.003813555696979165
189 0.003801531158387661
190 0.004047364462167025
191 0.003537557553499937
192 0.0037311813794076443
193 0.0038399507757276297
194 0.00389051903039217
195 0.0041025131940841675
196 0.004184945952147245
197 0.0037010025698691607
198 0.00365794007666409
199 0.003999246750026941
200 0.0038953092880547047
201 0.0038266340270638466
202 0.004096798598766327
203 0.0036778480280190706
204 0.003984622657299042
205 0.0037982522044330835
206 0.0037305611185729504
207 0.00414926465600729
208 0.0040085213258862495
209 0.004062548745423555
210 0.0037870551459491253
211 0.003947227727621794
212 0.0037674715276807547
213 0.004013354424387217
214 0.004145645536482334
215 0.0038338894955813885
216 0.004139950033277273
217 0.004001959692686796
218 0.003764407942071557
219 0.0038983130361884832
220 0.003891227999702096
221 0.004078964702785015
222 0.00361891882494092
223 0.004087043460458517
224 0.0038273390382528305
225 0.0036313447635620832
226 0.004136880859732628
227 0.003761803964152932
228 0.004015985410660505
229 0.003965610172599554
230 0.0038229578640311956
231 0.004085528198629618
232 0.003961199428886175
233 0.003552276873961091
234 0.003735516220331192
235 0.003779551712796092
236 0.0039838687516748905
237 0.003761650063097477
238 0.0038086180575191975
239 0.004087075125426054
240 0.003909017890691757
241 0.0039697433821856976
242 0.003848175285384059
243 0.0036280807107686996
244 0.003809377085417509
245 0.003723046975210309
246 0.004231511149555445
247 0.003919842187315226
248 0.004100822377949953
249 0.003793185343965888
250 0.003721869084984064
251 0.0036194962449371815
252 0.003765389323234558
253 0.0038634364027529955
254 0.003926463425159454
255 0.003780023893341422
