0 0.003928386140614748
1 0.003671022364869714
2 0.0036705166567116976
3 0.004270343575626612
4 0.004078993108123541
5 0.0038836938329041004
6 0.003932399675250053
7 0.00426829420030117
8 0.0038981325924396515
9 0.003723002737388015
10 0.004236187785863876
11 0.0037333506625145674
12 0.0035326003562659025
13 0.003759219544008374
14 0.0036974502727389336
15 0.004058790393173695
16 0.0036775439511984587
17 0.004009264055639505
18 0.0036573251709342003
19 0.004038973245769739
20 0.003887956030666828
21 0.004126601852476597
22 0.003966424148529768
23 0.0038824232760816813
24 0.0038439424242824316
25 0.004007629584521055
26 0.003790930612012744
27 0.004058985039591789
28 0.003827531822025776
29 0.003778675803914666
30 0.004298495128750801
31 0.003980298060923815
32 0.003626294666901231
33 0.003667062846943736
34 0.003616961417719722
35 0.00400668615475297
36 0.003973423969000578
37 0.0037164671812206507
38 0.0039407480508089066
39 0.004191916901618242
40 0.003910613711923361
41 0.0035719589795917273
42 0.004033045377582312
43 0.003944845870137215
44 0.0037381835281848907
45 0.0038309821393340826
46 0.004206953104585409
47 0.004270854871720076
48 0.004030010662972927
49 0.0037558560725301504
50 0.004180150106549263
51 0.0035971770994365215
52 0.0038216563407331705
53 0.0037459712475538254
54 0.0038282854948192835
55 0.003942669834941626
56 0.003894397523254156
57 0.003751362906768918
58 0.003911949228495359
59 0.00397946173325181
60 0.004012143239378929
61 0.003814568044617772
62 0.0040520355105400085
63 0.0037919795140624046
64 0.004090065602213144
65 0.0037069302052259445
66 0.003792103612795472
67 0.003967049065977335
68 0.003844480961561203
69 0.003994507249444723
70 0.004408651497215033
71 0.0037690752651542425
72 0.0040651955641806126
73 0.003856405382975936
74 0.004080481361597776
75 0.004290546290576458
76 0.0039155138656497
77 0.004001926630735397
78 0.003611906198784709
79 0.0036546450573951006
80 0.0038796288426965475
81 0.004125657025724649
82 0.0039084115996956825
83 0.0038748104125261307
84 0.004127801395952702
85 0.0038307125214487314
86 0.003923793788999319
87 0.0037150189746171236
88 0.003367888042703271
89 0.0038890857249498367
90 0.004001916851848364
91 0.003961746580898762
92 0.004087604116648436
93 0.004042726010084152
94 0.003958124201744795
95 0.0037823482416570187
96 0.004165296442806721
97 0.004168683663010597
98 0.004021715838462114
99 0.004181079100817442
100 0.003843340091407299
101 0.004143055994063616
102 0.0037757426034659147
103 0.004030384123325348
104 0.0036802012473344803
105 0.004147253464907408
106 0.003648243611678481
107 0.004246450029313564
108 0.004142304882407188
109 0.003947126679122448
110 0.003769153030589223
111 0.0039770822040736675
112 0.0038327984511852264
113 0.004437977913767099
114 0.0038620911072939634
115 0.0037362182047218084
116 0.0039521753787994385
117 0.00387573498301208
118 0.0036937501281499863
119 0.0040108817629516125
120 0.004017598927021027
121 0.0040247016586363316
122 0.004321137443184853
123 0.0037760890554636717
124 0.004011289682239294
125 0.003935075365006924
126 0.004431203473359346
127 0.0038758895825594664
128 0.0036722165532410145
129 0.003727596253156662
130 0.003665484022349119
131 0.0037695947103202343
132 0.003932473715394735
133 0.004292259458452463
134 0.003989369608461857
135 0.003685327712446451
136 0.004188298247754574
137 0.0035923102404922247
138 0.003955952823162079
139 0.004149423912167549
140 0.003760367166250944
141 0.003720618784427643
142 0.003840421326458454
143 0.003743358887732029
144 0.0036646556109189987
145 0.004271186888217926
146 0.003927778452634811
147 0.004273680970072746
148 0.0038625053130090237
149 0.0037510183174163103
150 0.003968989476561546
151 0.004269799217581749
152 0.0036167879588901997
153 0.003941856324672699
154 0.003870029002428055
155 0.0037994100712239742
156 0.003680617082864046
157 0.0037116005551069975
158 0.004091900773346424
159 0.0037747693713754416
160 0.0036726868711411953
161 0.0036848452873528004
162 0.0042801834642887115
163 0.0036659950856119394
164 0.003784488420933485
165 0.00398867717012763
166 0.003948539961129427
167 0.003947496879845858
168 0.004102057311683893
169 0.003998385276645422
170 0.0038978857919573784
171 0.00367543613538146
172 0.003712752368301153
173 0.0036497050896286964
174 0.004127233289182186
175 0.004064829088747501
176 0.004041979555040598
177 0.0038608205504715443
178 0.003648837562650442
179 0.003709605894982815
180 0.0037602076772600412
181 0.004238072317093611
182 0.00400845380499959
183 0.003909854684025049
184 0.0038306796923279762
185 0.004202939569950104
186 0.0035584992729127407
187 0.0038248987402766943
188 0.0036419557873159647
189 0.003994077444076538
190 0.0038120553363114595
191 0.0038393482100218534
192 0.0038813825231045485
193 0.003976952750235796
194 0.004162779543548822
195 0.00439115846529603
196 0.0041276575066149235
197 0.003685693722218275
198 0.003944430034607649
199 0.003768846159800887
200 0.003694941522553563
201 0.00380810652859509
202 0.004075978882610798
203 0.0036558201536536217
204 0.003863222198560834
205 0.0035487471614032984
206 0.0035723361652344465
207 0.004219391383230686
208 0.004013697616755962
209 0.003922806121408939
210 0.0037926791701465845
211 0.00416789622977376
212 0.0036199341993778944
213 0.0037660638336092234
214 0.0039221495389938354
215 0.003955255728214979
216 0.004241933114826679
217 0.004059152211993933
218 0.003841990139335394
219 0.003959241788834333
220 0.003806682303547859
221 0.004179499577730894
222 0.0035668634809553623
223 0.004374126438051462
224 0.0038447491824626923
225 0.0038369721733033657
226 0.003792129224166274
227 0.004044035449624062
228 0.0042834654450416565
229 0.004282771144062281
230 0.003841973375529051
231 0.0040311687625944614
232 0.003845305647701025
233 0.003751280950382352
234 0.0036254555452615023
235 0.0035720206797122955
236 0.00397831154987216
237 0.003681505797430873
238 0.0038059819489717484
239 0.004039048217236996
240 0.003896566806361079
241 0.004018818028271198
242 0.00391987431794405
243 0.003385876538231969
244 0.0037152343429625034
245 0.003916002810001373
246 0.004158986732363701
247 0.004146786406636238
248 0.0038994408678263426
249 0.0037231300957500935
250 0.0036697015166282654
251 0.003520307829603553
252 0.003958909306675196
253 0.0036185740027576685
254 0.003823221893981099
255 0.0038192421197891235
