0 0.003978694323450327
1 0.003323900979012251
2 0.0036835349164903164
3 0.0037865717895329
4 0.004068453796207905
5 0.003900516778230667
6 0.0040463344193995
7 0.004239446017891169
8 0.0040227738209068775
9 0.0036718337796628475
10 0.004040429834276438
11 0.003883245401084423
12 0.0037651406601071358
13 0.003740363521501422
14 0.0036805677227675915
15 0.003774539800360799
16 0.00401752395555377
17 0.003937331959605217
18 0.00398939847946167
19 0.0037830437067896128
20 0.004275783430784941
21 0.004097788129001856
22 0.00397638650611043
23 0.0037200322840362787
24 0.0038372501730918884
25 0.004077134188264608
26 0.004240988753736019
27 0.004233899991959333
28 0.004088245797902346
29 0.0041502173990011215
30 0.004080810584127903
31 0.003795670112594962
32 0.003761600237339735
33 0.003782266518101096
34 0.003598450915887952
35 0.0038063263054937124
36 0.003921961411833763
37 0.0036555130500346422
38 0.004075318109244108
39 0.0039939540438354015
40 0.004082296509295702
41 0.003650252241641283
42 0.003861889475956559
43 0.0038024133536964655
44 0.004036608152091503
45 0.0038206991739571095
46 0.004117646720260382
47 0.004166354890912771
48 0.003766261041164398
49 0.0037362254224717617
50 0.004175052512437105
51 0.0036593780387192965
52 0.003952932544052601
53 0.003816690295934677
54 0.004095854703336954
55 0.004007439594715834
56 0.00415195245295763
57 0.0035759867168962955
58 0.0038282317109405994
59 0.004142348654568195
60 0.004038088954985142
61 0.004020511172711849
62 0.00446746964007616
63 0.003841002471745014
64 0.00409574992954731
65 0.003685321193188429
66 0.003586550010368228
67 0.003980373498052359
68 0.0040237316861748695
69 0.003935590852051973
70 0.004184167832136154
71 0.0038340301252901554
72 0.003845740342512727
73 0.003864167956635356
74 0.004037030972540379
75 0.004132904578000307
76 0.0039327931590378284
77 0.0036618392914533615
78 0.004084161948412657
79 0.003746600355952978
80 0.0038398299366235733
81 0.004196322523057461
82 0.0042109121568500996
83 0.003525403793901205
84 0.0038352871779352427
85 0.0037184753455221653
86 0.003957794047892094
87 0.003697650972753763
88 0.003736478043720126
89 0.004094428848475218
90 0.004243156407028437
91 0.0041266330517828465
92 0.0038599784020334482
93 0.0042230659164488316
94 0.00362720200791955
95 0.003971750382333994
96 0.003959561698138714
97 0.003959372639656067
98 0.003924739081412554
99 0.004232404287904501
100 0.003971883561462164
101 0.0041626994498074055
102 0.0037263575941324234
103 0.00428139278665185
104 0.0038019295316189528
105 0.004269274417310953
106 0.0040334053337574005
107 0.00439819460734725
108 0.004000928718596697
109 0.004088174551725388
110 0.003890380496159196
111 0.004039919935166836
112 0.003820988116785884
113 0.0042138718999922276
114 0.003948317375034094
115 0.003804516512900591
116 0.003912939690053463
117 0.003755486337468028
118 0.003561078803613782
119 0.0038327991496771574
120 0.003992476500570774
121 0.004182289354503155
122 0.004238141234964132
123 0.0037727137096226215
124 0.004246272146701813
125 0.0037791430950164795
126 0.004020116291940212
127 0.0039268420077860355
128 0.0038179249968379736
129 0.003471973119303584
130 0.003484143875539303
131 0.0035192123614251614
132 0.0040208823047578335
133 0.00436936691403389
134 0.003846437204629183
135 0.0034465522039681673
136 0.004229744430631399
137 0.0039152344688773155
138 0.0039202868938446045
139 0.003959811292588711
140 0.003826051950454712
141 0.0035998427774757147
142 0.003741011954843998
143 0.003874983172863722
144 0.0036198883317410946
145 0.0041412729769945145
146 0.003930484876036644
147 0.0038120178505778313
148 0.003767505055293441
149 0.003695530816912651
150 0.004042928572744131
151 0.004131852183490992
152 0.0034527115058153868
153 0.0037501449696719646
154 0.003667924553155899
155 0.0034559383057057858
156 0.0035214251838624477
157 0.0034212693572044373
158 0.0039000860415399075
159 0.0036525235045701265
160 0.003763391636312008
161 0.0036236392334103584
162 0.004161166958510876
163 0.003632050473242998
164 0.003803462954238057
165 0.0038710457738488913
166 0.003961506299674511
167 0.0037005797494202852
168 0.004439177922904491
169 0.004024050664156675
170 0.00388939306139946
171 0.0036791556049138308
172 0.003801703220233321
173 0.0038184872828423977
174 0.0038689745124429464
175 0.0040714978240430355
176 0.0040944661013782024
177 0.0037256258074194193
178 0.0037019855808466673
179 0.003912246786057949
180 0.003618201008066535
181 0.004461948294192553
182 0.004172368906438351
183 0.003935772459954023
184 0.0038783170748502016
185 0.003951991442590952
186 0.003644217038527131
187 0.003773458069190383
188 0.003687168937176466
189 0.003846771316602826
190 0.004007818643003702
191 0.0036723725497722626
192 0.0038568759337067604
193 0.003964272793382406
194 0.004099938552826643
195 0.004268304444849491
196 0.003991694655269384
197 0.003753197379410267
198 0.0036341454833745956
199 0.003857060568407178
200 0.004017000086605549
201 0.0038085272535681725
202 0.003896416164934635
203 0.0038009933196008205
204 0.003662878880277276
205 0.003707742318511009
206 0.0037069362588226795
207 0.003957878332585096
208 0.004001272842288017
209 0.004097980912774801
210 0.0036006171721965075
211 0.004028265364468098
212 0.0036669366527348757
213 0.003902129828929901
214 0.004393494222313166
215 0.003853952046483755
216 0.003943356219679117
217 0.004045421257615089
218 0.004013229627162218
219 0.0037261834368109703
220 0.0037903969641774893
221 0.004197950009256601
222 0.003985912073403597
223 0.004209056030958891
224 0.003896665759384632
225 0.004026026930660009
226 0.004024078603833914
227 0.003646436147391796
228 0.0038654841482639313
229 0.004369365517050028
230 0.0038817476015537977
231 0.004123737569898367
232 0.003896229900419712
233 0.003840140998363495
234 0.003786618122830987
235 0.003763713175430894
236 0.003844932187348604
237 0.003912488929927349
238 0.003870969172567129
239 0.003973145503550768
240 0.004043887369334698
241 0.003925186116248369
242 0.0038666315376758575
243 0.003743865992873907
244 0.004215039778500795
245 0.003687096992507577
246 0.004369713831692934
247 0.003945694770663977
248 0.0037809847854077816
249 0.0037960850168019533
250 0.0036565272603183985
251 0.0035603689029812813
252 0.003873758018016815
253 0.004096324555575848
254 0.003936748020350933
255 0.0035787448287010193
