0 0.003830665722489357
1 0.00356703856959939
2 0.003764829598367214
3 0.0038753263652324677
4 0.004302166402339935
5 0.0037657851353287697
6 0.004072687588632107
7 0.003929125145077705
8 0.003951496444642544
9 0.003570080967620015
10 0.004128825385123491
11 0.003829614259302616
12 0.0036104447208344936
13 0.003954577259719372
14 0.003766374895349145
15 0.004057852551341057
16 0.003975566942244768
17 0.00374157284386456
18 0.0036558136343955994
19 0.003951605409383774
20 0.004152972251176834
21 0.004120882134884596
22 0.004006905946880579
23 0.00376670784316957
24 0.003836892545223236
25 0.004083182662725449
26 0.004234740044921637
27 0.003926555626094341
28 0.0040731350891292095
29 0.0040413024835288525
30 0.003958729561418295
31 0.0040164124220609665
32 0.0035890107974410057
33 0.0038037870544940233
34 0.003732118522748351
35 0.00395542848855257
36 0.004116689320653677
37 0.003864783328026533
38 0.003959038760513067
39 0.00423925556242466
40 0.003845789935439825
41 0.003500490915030241
42 0.003884706413373351
43 0.003773538861423731
44 0.004051500000059605
45 0.003938343841582537
46 0.0042869714088737965
47 0.004138919524848461
48 0.004090616013854742
49 0.003666108241304755
50 0.0038704988546669483
51 0.0036149697843939066
52 0.0040486278012394905
53 0.0038838705513626337
54 0.0037700491957366467
55 0.004091200884431601
56 0.00424535758793354
57 0.0036842580884695053
58 0.003798435674980283
59 0.0039061803836375475
60 0.003884787205606699
61 0.0038411845453083515
62 0.004112254362553358
63 0.0038942331448197365
64 0.003873530076816678
65 0.0037580563221126795
66 0.0037296204827725887
67 0.003997757565230131
68 0.003844156861305237
69 0.004109951201826334
70 0.0042947204783558846
71 0.004212439525872469
72 0.0041223629377782345
73 0.003657926805317402
74 0.003712899750098586
75 0.004326978232711554
76 0.004078948870301247
77 0.004077956546097994
78 0.0038770304527133703
79 0.003622142132371664
80 0.0037859310396015644
81 0.004081008955836296
82 0.0038267094641923904
83 0.004008999094367027
84 0.003932527732104063
85 0.003891871077939868
86 0.0038200966082513332
87 0.0038337367586791515
88 0.0036389625165611506
89 0.0037696228828281164
90 0.004083254374563694
91 0.003857298521324992
92 0.004247254692018032
93 0.0042380355298519135
94 0.003792642615735531
95 0.003740161657333374
96 0.003908736631274223
97 0.004147880710661411
98 0.00376377091743052
99 0.003974210470914841
100 0.004010998643934727
101 0.004237240180373192
102 0.0036264790687710047
103 0.004076606594026089
104 0.0037116578314453363
105 0.004113468341529369
106 0.0037666214630007744
107 0.004349635448306799
108 0.0041305506601929665
109 0.0037745535373687744
110 0.003938291221857071
111 0.003946440294384956
112 0.0037839957512915134
113 0.004436539486050606
114 0.0038045526016503572
115 0.0037714780773967505
116 0.0038364757783710957
117 0.003906490746885538
118 0.0038697656709700823
119 0.00396724371239543
120 0.00399520481005311
121 0.004019632935523987
122 0.004490343388170004
123 0.003997503779828548
124 0.003980318550020456
125 0.0038510176818817854
126 0.0043705222196877
127 0.003766218200325966
128 0.0036291086580604315
129 0.003727238392457366
130 0.0038018561899662018
131 0.00360065302811563
132 0.0038993593771010637
133 0.004228650592267513
134 0.0037220832891762257
135 0.003551498055458069
136 0.0044256714172661304
137 0.0037945646326988935
138 0.004017195664346218
139 0.004197619389742613
140 0.0037478089798241854
141 0.003596321912482381
142 0.003807689528912306
143 0.0036442894488573074
144 0.0035568808671087027
145 0.00403154781088233
146 0.004020463675260544
147 0.004047453869134188
148 0.0037540392950177193
149 0.0037154052406549454
150 0.0038883904926478863
151 0.0042981673032045364
152 0.003739775624126196
153 0.004027827642858028
154 0.003826824715360999
155 0.0037987681571394205
156 0.0037373637314885855
157 0.003537727054208517
158 0.004026773385703564
159 0.0038681840524077415
160 0.003718814579769969
161 0.0037864232435822487
162 0.004124597646296024
163 0.0037174972239881754
164 0.003818105673417449
165 0.003788289614021778
166 0.004028665833175182
167 0.003523970255628228
168 0.004208452999591827
169 0.004230833146721125
170 0.0037508727982640266
171 0.0037305050063878298
172 0.0036084759049117565
173 0.003717442974448204
174 0.003838622011244297
175 0.003969009034335613
176 0.004125194624066353
177 0.00366099807433784
178 0.003614055924117565
179 0.003709496697410941
180 0.0038676734548062086
181 0.004288571421056986
182 0.004034634679555893
183 0.003859390038996935
184 0.003843288868665695
185 0.004160712938755751
186 0.0035558033268898726
187 0.0038377568125724792
188 0.0037946724332869053
189 0.0039559463039040565
190 0.00410682475194335
191 0.0036447374150156975
192 0.0038205536548048258
193 0.004055356606841087
194 0.004001210443675518
195 0.004080971237272024
196 0.004090251866728067
197 0.003722545923665166
198 0.003965768497437239
199 0.00395430950447917
200 0.0036758328787982464
201 0.003822785336524248
202 0.003992187790572643
203 0.003759184619411826
204 0.00373520003631711
205 0.0037860062438994646
206 0.0036914560478180647
207 0.003869057632982731
208 0.0041207256726920605
209 0.003925998229533434
210 0.0037677509244531393
211 0.003909940365701914
212 0.0035682953894138336
213 0.004080934450030327
214 0.004204548429697752
215 0.00391354039311409
216 0.004012427758425474
217 0.0039384872652590275
218 0.0038164330180734396
219 0.0038107119034975767
220 0.0040342663414776325
221 0.003858990268781781
222 0.0038283267058432102
223 0.004182300064712763
224 0.003921422176063061
225 0.0038363554049283266
226 0.0038657505065202713
227 0.0037468005903065205
228 0.0040857912972569466
229 0.004334385972470045
230 0.003853491274639964
231 0.004119379445910454
232 0.0036597251892089844
233 0.003926220815628767
234 0.0036605033092200756
235 0.0037584900856018066
236 0.003936425782740116
237 0.003789107548072934
238 0.0036890143528580666
239 0.003979852888733149
240 0.00414746068418026
241 0.004197625443339348
242 0.003839994315057993
243 0.003565846709534526
244 0.0038910135626792908
245 0.0037920973263680935
246 0.004062420688569546
247 0.004279240965843201
248 0.003957065287977457
249 0.004038900602608919
250 0.0037956289015710354
251 0.0035972322802990675
252 0.0038859008345752954
253 0.0035493988543748856
254 0.0037274747155606747
255 0.0038541911635547876
