0 0.004134917166084051
1 0.003382548224180937
2 0.004126944113522768
3 0.003936586901545525
4 0.004236960783600807
5 0.004108860623091459
6 0.0041466825641691685
7 0.003916628658771515
8 0.004082558676600456
9 0.0035004285164177418
10 0.004236767999827862
11 0.003956845495849848
12 0.0036703567020595074
13 0.0036969282664358616
14 0.0037973462603986263
15 0.004071888048201799
16 0.003906367812305689
17 0.0038851245772093534
18 0.003865460865199566
19 0.0038012631703168154
20 0.004065173678100109
21 0.0042375498451292515
22 0.003898032708093524
23 0.0035907342098653316
24 0.003978821448981762
25 0.004228404723107815
26 0.004144185688346624
27 0.004231100436300039
28 0.004093443974852562
29 0.004198822192847729
30 0.0042940424755215645
31 0.0038388732355087996
32 0.0037654901389032602
33 0.0035413093864917755
34 0.003765731817111373
35 0.004080776125192642
36 0.0040990132838487625
37 0.003621375188231468
38 0.0040152305737137794
39 0.003991811070591211
40 0.0038980392273515463
41 0.0032985752914100885
42 0.0037437346763908863
43 0.003842639736831188
44 0.003745361929759383
45 0.0037682245019823313
46 0.00417811144143343
47 0.004054718185216188
48 0.003981960006058216
49 0.0038192984648048878
50 0.004304529167711735
51 0.0034635444171726704
52 0.004018217325210571
53 0.003563540754839778
54 0.0037646968849003315
55 0.004189999774098396
56 0.004184496123343706
57 0.003691180143505335
58 0.0038255820982158184
59 0.003780348924919963
60 0.003987773787230253
61 0.00403217040002346
62 0.004175912123173475
63 0.004130681976675987
64 0.0039012818597257137
65 0.003764740191400051
66 0.003846046980470419
67 0.0039482819847762585
68 0.0037327338941395283
69 0.0039071738719940186
70 0.004234636202454567
71 0.0039053545333445072
72 0.0039546606130898
73 0.0035464116372168064
74 0.003916315268725157
75 0.004272816702723503
76 0.00392266595736146
77 0.004104417283087969
78 0.004028355702757835
79 0.0036763951648026705
80 0.0036670349072664976
81 0.0039037892129272223
82 0.003898373106494546
83 0.003954446408897638
84 0.003888283157721162
85 0.0037389653734862804
86 0.003694795537739992
87 0.003796505043283105
88 0.0038155517540872097
89 0.003489740891382098
90 0.004119460936635733
91 0.0038963686674833298
92 0.004085395950824022
93 0.00401723338291049
94 0.003464535577222705
95 0.003934644628316164
96 0.0038520165253430605
97 0.00413010036572814
98 0.0038778865709900856
99 0.0038277776911854744
100 0.0038310496602207422
101 0.004236821085214615
102 0.0036477791145443916
103 0.004410505760461092
104 0.0038862284272909164
105 0.00421250332146883
106 0.003725049551576376
107 0.004514509811997414
108 0.0043276711367070675
109 0.003720096545293927
110 0.0038997477386146784
111 0.0039467173628509045
112 0.003996588755398989
113 0.004282225854694843
114 0.003943596500903368
115 0.003829661523923278
116 0.00404013367369771
117 0.004023522138595581
118 0.0038319528102874756
119 0.0040011960081756115
120 0.004118234850466251
121 0.00401891628280282
122 0.004212163854390383
123 0.0038622855208814144
124 0.004131147172302008
125 0.003930869046598673
126 0.004265007097274065
127 0.003869039239361882
128 0.003762194188311696
129 0.003851166693493724
130 0.003733679186552763
131 0.0036711872089654207
132 0.0038121871184557676
133 0.004175916779786348
134 0.0037422783207148314
135 0.0036306497640907764
136 0.004155679140239954
137 0.0037671560421586037
138 0.0040128533728420734
139 0.003964535426348448
140 0.0037518686149269342
141 0.0033756541088223457
142 0.003898624097928405
143 0.004001666326075792
144 0.0035856941249221563
145 0.004048817325383425
146 0.0038046224508434534
147 0.0038484283722937107
148 0.003912207670509815
149 0.003864356316626072
150 0.0038814363069832325
151 0.003994916100054979
152 0.0038596992380917072
153 0.0038019788917154074
154 0.004040148109197617
155 0.003633551299571991
156 0.003927048295736313
157 0.00371495820581913
158 0.0038513613399118185
159 0.0037625206168740988
160 0.003765439847484231
161 0.003858488518744707
162 0.004080216400325298
163 0.003625960322096944
164 0.0040537286549806595
165 0.0036884285509586334
166 0.0039657652378082275
167 0.003850979031994939
168 0.004252312239259481
169 0.004023580811917782
170 0.0036203209310770035
171 0.0038871564902365208
172 0.003716257866472006
173 0.003724600886926055
174 0.003894563764333725
175 0.004060646519064903
176 0.004262115806341171
177 0.004027992021292448
178 0.0032583873253315687
179 0.003495268989354372
180 0.0037090713158249855
181 0.004087851848453283
182 0.003915701527148485
183 0.003866771003231406
184 0.0040514194406569
185 0.004294543527066708
186 0.0036964397877454758
187 0.003772597061470151
188 0.003815377363935113
189 0.003715090686455369
190 0.004261580295860767
191 0.0038531245663762093
192 0.0038957467768341303
193 0.0038587136659771204
194 0.004121229983866215
195 0.004272443242371082
196 0.004366721026599407
197 0.0038120034150779247
198 0.0037139849737286568
199 0.0037409525830298662
200 0.0036343466490507126
201 0.00382242351770401
202 0.0038315129932016134
203 0.0039124866016209126
204 0.0036888772156089544
205 0.0035562673583626747
206 0.003723036963492632
207 0.003849169472232461
208 0.003966690506786108
209 0.003822462633252144
210 0.0036793763283640146
211 0.004013689700514078
212 0.003702161367982626
213 0.0038773270789533854
214 0.004371066112071276
215 0.004029299598187208
216 0.0043009803630411625
217 0.004177488852292299
218 0.003955809865146875
219 0.003618881106376648
220 0.003909392282366753
221 0.004170053638517857
222 0.0036299864295870066
223 0.004171017091721296
224 0.0035884338431060314
225 0.0037717234808951616
226 0.004091526381671429
227 0.003687146585434675
228 0.0038993044290691614
229 0.004313999786973
230 0.003784345928579569
231 0.004327500704675913
232 0.00385122187435627
233 0.0037218814250081778
234 0.0037739414256066084
235 0.003923299256712198
236 0.0038750802632421255
237 0.003910822793841362
238 0.0038592591881752014
239 0.0039861989207565784
240 0.004145127721130848
241 0.0036822177935391665
242 0.0038909241557121277
243 0.0038672233931720257
244 0.00376677792519331
245 0.0036272937431931496
246 0.004172831773757935
247 0.004026073031127453
248 0.003912631422281265
249 0.0041797347366809845
250 0.0035636238753795624
251 0.003771672723814845
252 0.0035882913507521152
253 0.0036506373435258865
254 0.0039054546505212784
255 0.003682260401546955
