0 0.003858815412968397
1 0.003371425671502948
2 0.0038227136246860027
3 0.0037029471714049578
4 0.004327601287513971
5 0.0038376387674361467
6 0.0041380575858056545
7 0.004024282097816467
8 0.004242882132530212
9 0.003528977045789361
10 0.003976575564593077
11 0.0040208701975643635
12 0.003765200264751911
13 0.004014893900603056
14 0.004041676409542561
15 0.003892689710482955
16 0.004020917695015669
17 0.003938501235097647
18 0.0038086697459220886
19 0.003934759646654129
20 0.004242925439029932
21 0.003953189589083195
22 0.00403089914470911
23 0.0037680314853787422
24 0.0039748093113303185
25 0.004082501865923405
26 0.004067897330969572
27 0.0038615388330072165
28 0.004033899400383234
29 0.0038049740251153708
30 0.00410397257655859
31 0.00393163226544857
32 0.003522108308970928
33 0.003651646664366126
34 0.003705365816131234
35 0.004046249203383923
36 0.004162791185081005
37 0.0038334433920681477
38 0.004142203833907843
39 0.0041643972508609295
40 0.004050590563565493
41 0.0035808656830340624
42 0.003878312651067972
43 0.003797453362494707
44 0.003888516454026103
45 0.00393700459972024
46 0.0043105860240757465
47 0.004241692367941141
48 0.004030210431665182
49 0.0037636191118508577
50 0.004064649343490601
51 0.003459259634837508
52 0.0041031730361282825
53 0.0039560915902256966
54 0.0038903220556676388
55 0.004086639732122421
56 0.004142004530876875
57 0.003676943713799119
58 0.0037876146379858255
59 0.0036791558377444744
60 0.0037161740474402905
61 0.004186924081295729
62 0.004318871069699526
63 0.0036864534486085176
64 0.003774951910600066
65 0.00378912640735507
66 0.004027848597615957
67 0.0037964258808642626
68 0.0038830251432955265
69 0.004199090879410505
70 0.0043649435974657536
71 0.004270188044756651
72 0.004038001876324415
73 0.0036455148365348577
74 0.003616227535530925
75 0.004346967209130526
76 0.004069099668413401
77 0.0038432551082223654
78 0.004064848180860281
79 0.003782013664022088
80 0.003543791128322482
81 0.0038216416724026203
82 0.0039376066997647285
83 0.003513847943395376
84 0.0038418045733124018
85 0.003849311266094446
86 0.0036325848195701838
87 0.003950908314436674
88 0.0036333692260086536
89 0.003755138022825122
90 0.004095649812370539
91 0.00382693181745708
92 0.0040068128146231174
93 0.00418589822947979
94 0.0038054753094911575
95 0.003870708169415593
96 0.003932950086891651
97 0.004316303413361311
98 0.0038900808431208134
99 0.0041066440753638744
100 0.004059819970279932
101 0.004203170537948608
102 0.003558296710252762
103 0.004154544323682785
104 0.0037954964209347963
105 0.00414874404668808
106 0.003955033607780933
107 0.004334975965321064
108 0.004260226618498564
109 0.003924794029444456
110 0.003998931962996721
111 0.003971077501773834
112 0.0034178784117102623
113 0.004127515945583582
114 0.00403504678979516
115 0.00367270247079432
116 0.00393607746809721
117 0.00407094182446599
118 0.00370129756629467
119 0.0040137930773198605
120 0.004163032863289118
121 0.004161405377089977
122 0.004713378380984068
123 0.003986642230302095
124 0.004049316979944706
125 0.003854248905554414
126 0.0042703901417553425
127 0.0038123801350593567
128 0.003493543714284897
129 0.003790670307353139
130 0.003769810078665614
131 0.00362010532990098
132 0.0035709450021386147
133 0.004128350410610437
134 0.0037477752193808556
135 0.0035709883086383343
136 0.004217585548758507
137 0.0037453128024935722
138 0.0039602722972631454
139 0.003786518471315503
140 0.003713245503604412
141 0.003487912006676197
142 0.0036649161484092474
143 0.003624569159001112
144 0.0034202837850898504
145 0.004316286649554968
146 0.0038171298801898956
147 0.003739425679668784
148 0.003905623685568571
149 0.003811752423644066
150 0.00408971169963479
151 0.004215441178530455
152 0.0037544125225394964
153 0.003792906180024147
154 0.003925944212824106
155 0.0035075193736702204
156 0.004009898751974106
157 0.003661965485662222
158 0.003920427989214659
159 0.0039404574781656265
160 0.003551389556378126
161 0.0037845352198928595
162 0.004309088923037052
163 0.0036567416973412037
164 0.003914357163012028
165 0.003811907721683383
166 0.004047976806759834
167 0.0038885727990418673
168 0.0041970498859882355
169 0.003874358255416155
170 0.003748393850401044
171 0.0038516272325068712
172 0.0037146080285310745
173 0.0037557343021035194
174 0.0037726748269051313
175 0.0036794361658394337
176 0.004256766755133867
177 0.0037646086420863867
178 0.0034517389722168446
179 0.0037917899899184704
180 0.003820477519184351
181 0.004116585478186607
182 0.003939869347959757
183 0.0038092206232249737
184 0.0040138717740774155
185 0.004250008147209883
186 0.00341726909391582
187 0.0038231355138123035
188 0.0038267497438937426
189 0.003915474284440279
190 0.003921085968613625
191 0.0037818236742168665
192 0.003937557339668274
193 0.004237117245793343
194 0.004118048120290041
195 0.00420185923576355
196 0.004138673190027475
197 0.0037867811042815447
198 0.0039967806078493595
199 0.003970802761614323
200 0.0036729152780026197
201 0.0037767316680401564
202 0.0038778427988290787
203 0.003643615636974573
204 0.003753524972125888
205 0.0037777831312268972
206 0.0038270025979727507
207 0.003838734235614538
208 0.004063856787979603
209 0.003960690461099148
210 0.0038875220343470573
211 0.003922926262021065
212 0.0035239544231444597
213 0.003901733085513115
214 0.004267407115548849
215 0.004067667294293642
216 0.0038807473611086607
217 0.004034735728055239
218 0.003860075958073139
219 0.0038179983384907246
220 0.0039500463753938675
221 0.004090592265129089
222 0.0037446324713528156
223 0.004024168010801077
224 0.003893377259373665
225 0.0039377701468765736
226 0.003941390663385391
227 0.003563914680853486
228 0.003926350735127926
229 0.004440410528331995
230 0.00365243386477232
231 0.004273729398846626
232 0.0038231683429330587
233 0.004028639290481806
234 0.003786234650760889
235 0.0037827342748641968
236 0.003974284511059523
237 0.003886246820911765
238 0.0037241443060338497
239 0.004064285662025213
240 0.003858695738017559
241 0.004107743501663208
242 0.003979829605668783
243 0.003804580308496952
244 0.0038145980797708035
245 0.0038044906686991453
246 0.0043191490694880486
247 0.0042047020979225636
248 0.0037618104834109545
249 0.003850148990750313
250 0.0036396405193954706
251 0.003574553644284606
252 0.0038255283143371344
253 0.003685355419293046
254 0.0037784939631819725
255 0.003588638035580516
