0 0.0038819743786007166
1 0.0038004477974027395
2 0.0037452999968081713
3 0.004099567420780659
4 0.004246691707521677
5 0.0038218367844820023
6 0.00411726301535964
7 0.004096813499927521
8 0.004142567981034517
9 0.003616238245740533
10 0.0043246750719845295
11 0.003851042129099369
12 0.003632538253441453
13 0.0038647244218736887
14 0.0039762514643371105
15 0.0039985692128539085
16 0.0038581870030611753
17 0.0038503394462168217
18 0.0034823648165911436
19 0.004122600425034761
20 0.004055286757647991
21 0.004032036289572716
22 0.004081630613654852
23 0.0037850295193493366
24 0.0039994255639612675
25 0.004181046038866043
26 0.004044237080961466
27 0.003812499577179551
28 0.004199020564556122
29 0.003822800936177373
30 0.004349788185209036
31 0.0039678881876170635
32 0.0036704980302602053
33 0.0035442160442471504
34 0.003671585815027356
35 0.0038669004570692778
36 0.003900726092979312
37 0.0038513203617185354
38 0.004055679310113192
39 0.004235472995787859
40 0.003960352391004562
41 0.0035052651073783636
42 0.0040199593640863895
43 0.0037859196309000254
44 0.003781756618991494
45 0.0038642259314656258
46 0.0041983770206570625
47 0.004217673558741808
48 0.004243369214236736
49 0.0036923871375620365
50 0.00409964844584465
51 0.003585240337997675
52 0.00394071638584137
53 0.003907567355781794
54 0.003697286592796445
55 0.004128612577915192
56 0.004021050874143839
57 0.003532689530402422
58 0.0036903307773172855
59 0.0037764315493404865
60 0.0038907863199710846
61 0.003955438733100891
62 0.004224198870360851
63 0.003588108578696847
64 0.003923535812646151
65 0.003651512088254094
66 0.003979948349297047
67 0.0038260305300354958
68 0.0039008138701319695
69 0.003935251850634813
70 0.004224903415888548
71 0.003708863165229559
72 0.003921739291399717
73 0.003924960270524025
74 0.003956024069339037
75 0.004361897241324186
76 0.004025260917842388
77 0.004224028438329697
78 0.003900175215676427
79 0.0039030364714562893
80 0.003929351456463337
81 0.004163466859608889
82 0.0038667949847877026
83 0.0037236581556499004
84 0.004204908385872841
85 0.00370627548545599
86 0.003818516619503498
87 0.004054808057844639
88 0.0035013235174119473
89 0.003882899647578597
90 0.003918075934052467
91 0.004018013831228018
92 0.004078147932887077
93 0.004261688329279423
94 0.0038245052564889193
95 0.0038355712313205004
96 0.003972944803535938
97 0.003986419644206762
98 0.003703095018863678
99 0.0038761161267757416
100 0.003954958636313677
101 0.003859947668388486
102 0.0037855980917811394
103 0.004267324693500996
104 0.003654586151242256
105 0.004302449058741331
106 0.00393876014277339
107 0.004427636973559856
108 0.004365567117929459
109 0.003962671384215355
110 0.0038009907584637403
111 0.0037387809716165066
112 0.00371417379938066
113 0.004399721045047045
114 0.00393347442150116
115 0.0037501866463571787
116 0.003939875867217779
117 0.0036939780693501234
118 0.0035999712999910116
119 0.0039722914807498455
120 0.004020140506327152
121 0.004067065194249153
122 0.004547333810478449
123 0.003926640376448631
124 0.00400931853801012
125 0.004054747987538576
126 0.0042012580670416355
127 0.0038647891487926245
128 0.0036726186517626047
129 0.003510885639116168
130 0.0036981450393795967
131 0.0035836603492498398
132 0.004025835543870926
133 0.004185734316706657
134 0.003756066085770726
135 0.0034819215070456266
136 0.004344578366726637
137 0.003921051975339651
138 0.0038458332419395447
139 0.004167072009295225
140 0.0036567188799381256
141 0.0035363708157092333
142 0.003752435790374875
143 0.00382054946385324
144 0.0036647585220634937
145 0.004199279472231865
146 0.00390059151686728
147 0.0039380635134875774
148 0.003608838887885213
149 0.0037081053014844656
150 0.004025664646178484
151 0.004014289937913418
152 0.003537906100973487
153 0.003930853214114904
154 0.0038193902000784874
155 0.0037961748894304037
156 0.0036840529646724463
157 0.003648866666480899
158 0.003954121842980385
159 0.0037139670457690954
160 0.0037834635004401207
161 0.0037688426673412323
162 0.0041898088529706
163 0.00368666835129261
164 0.004023578017950058
165 0.00388345867395401
166 0.003993534483015537
167 0.003749795723706484
168 0.0040549105033278465
169 0.004081596154719591
170 0.0037597622722387314
171 0.003712254576385021
172 0.003552231239154935
173 0.003803802188485861
174 0.004108794499188662
175 0.004057466983795166
176 0.004238252528011799
177 0.0037983579095453024
178 0.0037718669045716524
179 0.0037302367854863405
180 0.003877452341839671
181 0.004382583778351545
182 0.003963689785450697
183 0.003836721880361438
184 0.003921482712030411
185 0.004218870308250189
186 0.003601525444537401
187 0.0037807030603289604
188 0.003992979880422354
189 0.003937048837542534
190 0.0039548673667013645
191 0.0036977133713662624
192 0.004012082703411579
193 0.003914961125701666
194 0.004131691996008158
195 0.003947241697460413
196 0.00411491934210062
197 0.0036946565378457308
198 0.0039061300922185183
199 0.0038936163764446974
200 0.003711883444339037
201 0.003841627389192581
202 0.003843854181468487
203 0.003738132305443287
204 0.003929991740733385
205 0.0037780562415719032
206 0.003598906099796295
207 0.0038433701265603304
208 0.0038851555436849594
209 0.004096334800124168
210 0.003810449503362179
211 0.004161727149039507
212 0.0036164121702313423
213 0.0038756842259317636
214 0.003865625709295273
215 0.004106584936380386
216 0.004124894738197327
217 0.004164054058492184
218 0.0037259357050061226
219 0.0038105363491922617
220 0.0038346631918102503
221 0.004068718291819096
222 0.003577329684048891
223 0.004134607035666704
224 0.0038455408066511154
225 0.003968534525483847
226 0.004062865395098925
227 0.003869919804856181
228 0.00434022257104516
229 0.0043757082894444466
230 0.003693494712933898
231 0.004132838919758797
232 0.0036836813669651747
233 0.0036139488220214844
234 0.0037352321669459343
235 0.0037214590702205896
236 0.003972844686359167
237 0.003866058774292469
238 0.0035324865020811558
239 0.0042245350778102875
240 0.004012001678347588
241 0.003862496232613921
242 0.0038607579190284014
243 0.003468193579465151
244 0.003958217334002256
245 0.0036907363682985306
246 0.004145354963839054
247 0.004225125070661306
248 0.003867783583700657
249 0.003870542161166668
250 0.0036564888432621956
251 0.0035340460017323494
252 0.0038766502402722836
253 0.0036658099852502346
254 0.003705800510942936
255 0.003768818685784936
