0 0.0038351358380168676
1 0.0036109948996454477
2 0.0037193014286458492
3 0.003891837550327182
4 0.004091210197657347
5 0.003949752077460289
6 0.00412285840138793
7 0.004216358996927738
8 0.003972890321165323
9 0.0036499998532235622
10 0.004000134766101837
11 0.004010616801679134
12 0.003728148527443409
13 0.0037053371779620647
14 0.0036536448169499636
15 0.0037625848781317472
16 0.00413522170856595
17 0.00386069412343204
18 0.0036735781468451023
19 0.0038496472407132387
20 0.0038344552740454674
21 0.00439120177179575
22 0.003950632642954588
23 0.0038918203208595514
24 0.003876401809975505
25 0.004038122482597828
26 0.003936116583645344
27 0.003950222861021757
28 0.0038928212597966194
29 0.003817410906776786
30 0.004276265390217304
31 0.0038579683750867844
32 0.0036071757785975933
33 0.003381385002285242
34 0.0036490734200924635
35 0.004118150565773249
36 0.004120878875255585
37 0.003804389853030443
38 0.004061040934175253
39 0.0043759956024587154
40 0.004143767058849335
41 0.003360997885465622
42 0.0037502485793083906
43 0.0037378340493887663
44 0.0037641972303390503
45 0.0038390213157981634
46 0.004478431306779385
47 0.004207663703709841
48 0.004083626437932253
49 0.00379887199960649
50 0.0040564583614468575
51 0.0035882291849702597
52 0.003971518483012915
53 0.003871581982821226
54 0.003928747959434986
55 0.003951809834688902
56 0.004092897288501263
57 0.003856827039271593
58 0.0037601650692522526
59 0.003912024199962616
60 0.003802622202783823
61 0.003880829783156514
62 0.0041857617907226086
63 0.0036576823331415653
64 0.004088304005563259
65 0.0038205087184906006
66 0.003887879429385066
67 0.00388534227386117
68 0.003860674798488617
69 0.004151003900915384
70 0.004265550523996353
71 0.0038632117211818695
72 0.003977058921009302
73 0.003801313927397132
74 0.0037420736625790596
75 0.004230515565723181
76 0.004229982849210501
77 0.003784031607210636
78 0.0038830379489809275
79 0.003827843116596341
80 0.0035323838237673044
81 0.004105428699404001
82 0.0037817289121448994
83 0.003704174654558301
84 0.0038430660497397184
85 0.0037222106475383043
86 0.003803135361522436
87 0.003953964915126562
88 0.0034453331027179956
89 0.003835028503090143
90 0.004069558810442686
91 0.004020737949758768
92 0.003984902054071426
93 0.004228524398058653
94 0.003725179936736822
95 0.0037892747204750776
96 0.0038911192677915096
97 0.00421116454526782
98 0.0038221953436732292
99 0.004195468034595251
100 0.0039722188375890255
101 0.004085777327418327
102 0.0038831864949315786
103 0.003935430198907852
104 0.0036259801127016544
105 0.00436269398778677
106 0.0038993044290691614
107 0.0043728891760110855
108 0.0041307914070785046
109 0.003706900402903557
110 0.003907652106136084
111 0.003900329815223813
112 0.0036887091118842363
113 0.004427562467753887
114 0.0039899516850709915
115 0.00386995286680758
116 0.0037828802596777678
117 0.003908322658389807
118 0.0035090900491923094
119 0.004033536184579134
120 0.003825221210718155
121 0.00413511972874403
122 0.004353707190603018
123 0.003959156107157469
124 0.004051751457154751
125 0.004059451166540384
126 0.004141374956816435
127 0.0038984683342278004
128 0.0036793258041143417
129 0.0038828393444418907
130 0.0036579223815351725
131 0.003928080666810274
132 0.003984006587415934
133 0.004075760021805763
134 0.003866391023620963
135 0.0036481863353401423
136 0.004269451834261417
137 0.003715606639161706
138 0.004083264619112015
139 0.003986305091530085
140 0.0036906017921864986
141 0.0037652321625500917
142 0.003828185610473156
143 0.003761368105188012
144 0.0036148938816040754
145 0.004250402096658945
146 0.003757381346076727
147 0.0038944282568991184
148 0.004142180550843477
149 0.0039370618760585785
150 0.003993767313659191
151 0.004245871677994728
152 0.0036168687511235476
153 0.0038226626347750425
154 0.003875915426760912
155 0.0037472464609891176
156 0.0038496593479067087
157 0.0038441556971520185
158 0.003970224875956774
159 0.00396015914157033
160 0.0035648441407829523
161 0.0036784224212169647
162 0.004233490210026503
163 0.003877021837979555
164 0.0037218930665403605
165 0.0038982126861810684
166 0.003890851279720664
167 0.004034650512039661
168 0.004208853468298912
169 0.004044963046908379
170 0.0038924450054764748
171 0.003860204014927149
172 0.003816327080130577
173 0.0035802782513201237
174 0.0037999635096639395
175 0.0038421740755438805
176 0.004184004385024309
177 0.003948751371353865
178 0.003508197143673897
179 0.0038213280495256186
180 0.0039085159078240395
181 0.004115054849535227
182 0.0037949560210108757
183 0.003891842206940055
184 0.004183250479400158
185 0.0042740702629089355
186 0.0034841876477003098
187 0.003986987750977278
188 0.0037548677064478397
189 0.0037437526043504477
190 0.0037612714804708958
191 0.003889757674187422
192 0.003816403681412339
193 0.003918990958482027
194 0.0040376135148108006
195 0.004312066361308098
196 0.004168102517724037
197 0.003745886031538248
198 0.0037244963459670544
199 0.003690548939630389
200 0.003756547812372446
201 0.0036873214412480593
202 0.004155774135142565
203 0.003697209060192108
204 0.004011224023997784
205 0.0035615854430943727
206 0.0038206400349736214
207 0.0041187177412211895
208 0.003984792158007622
209 0.00399297708645463
210 0.003658946370705962
211 0.00407520541921258
212 0.0037587429396808147
213 0.003982032183557749
214 0.004095449112355709
215 0.004096499178558588
216 0.004030176438391209
217 0.004076785407960415
218 0.0036766286939382553
219 0.004015821032226086
220 0.004111549351364374
221 0.003913041204214096
222 0.0035235576797276735
223 0.004217091947793961
224 0.003763040527701378
225 0.0037295413203537464
226 0.004103612620383501
227 0.0036653520073741674
228 0.004070942755788565
229 0.003982359077781439
230 0.003762859618291259
231 0.004121837671846151
232 0.0037172946613281965
233 0.0037457619328051805
234 0.003750505857169628
235 0.0036683939397335052
236 0.004045671317726374
237 0.0036629291716963053
238 0.003936529625207186
239 0.004236319568008184
240 0.004127504304051399
241 0.0038918666541576385
242 0.0038405735976994038
243 0.003581116208806634
244 0.0038720667362213135
245 0.0037274935748428106
246 0.004029720090329647
247 0.004028323572129011
248 0.004125792067497969
249 0.003717309795320034
250 0.003738218452781439
251 0.0035769925452768803
252 0.003801882266998291
253 0.0036698326002806425
254 0.004215610213577747
255 0.0037859221920371056
