0 0.0039133657701313496
1 0.0035863169468939304
2 0.0038828139659017324
3 0.0038483000826090574
4 0.0041619460098445415
5 0.003932857420295477
6 0.003815634874626994
7 0.003976048901677132
8 0.003883296623826027
9 0.0036884979344904423
10 0.004102118778973818
11 0.0039665293879806995
12 0.003667968325316906
13 0.0038484614342451096
14 0.00395528320223093
15 0.0038853141013532877
16 0.003919829614460468
17 0.0037755693774670362
18 0.003560186829417944
19 0.004201273433864117
20 0.004075304139405489
21 0.004007971845567226
22 0.003944013267755508
23 0.0038483543321490288
24 0.004025720525532961
25 0.0040949671529233456
26 0.0038754153065383434
27 0.0039014434441924095
28 0.00404283357784152
29 0.004014521837234497
30 0.004579611588269472
31 0.00389410019852221
32 0.0035784586798399687
33 0.0038271613884717226
34 0.0035765254870057106
35 0.004007830284535885
36 0.004073486663401127
37 0.0038494521286338568
38 0.003938240464776754
39 0.004365737549960613
40 0.004196080379188061
41 0.0035553809721022844
42 0.003949235193431377
43 0.0035824994556605816
44 0.0041471216827631
45 0.0038838237524032593
46 0.004155336879193783
47 0.004137482028454542
48 0.004047879483550787
49 0.0038177035748958588
50 0.004201458767056465
51 0.0035885930992662907
52 0.003996472340077162
53 0.003905301447957754
54 0.004030836280435324
55 0.004093412775546312
56 0.004012408200651407
57 0.003849808592349291
58 0.003843804821372032
59 0.003736865473911166
60 0.0037404391914606094
61 0.004196606110781431
62 0.004281734582036734
63 0.0035580559633672237
64 0.003933831118047237
65 0.003761107102036476
66 0.004026418086141348
67 0.003750600153580308
68 0.0038436418399214745
69 0.004149592947214842
70 0.0040679569356143475
71 0.0037161139771342278
72 0.003862361190840602
73 0.003984138835221529
74 0.0036171802785247564
75 0.004568880889564753
76 0.004236059263348579
77 0.0038626843597739935
78 0.0038228051271289587
79 0.004034111276268959
80 0.003670960897579789
81 0.004025917034596205
82 0.0037842392921447754
83 0.0036134212277829647
84 0.004029220901429653
85 0.0038024389650672674
86 0.003778527956455946
87 0.003960362169891596
88 0.003629748709499836
89 0.003728123614564538
90 0.003860152093693614
91 0.004045721609145403
92 0.003808513982221484
93 0.004216859582811594
94 0.003677711356431246
95 0.0038707004860043526
96 0.0037464769557118416
97 0.004149208776652813
98 0.003694182028993964
99 0.003988609649240971
100 0.0038402616046369076
101 0.004003074020147324
102 0.003741845954209566
103 0.0042387438006699085
104 0.003840765217319131
105 0.004133797250688076
106 0.00397046934813261
107 0.00415698392316699
108 0.004267181735485792
109 0.003769865958020091
110 0.004000185988843441
111 0.003766491310670972
112 0.003694678656756878
113 0.004352018237113953
114 0.004066006746143103
115 0.0037657367065548897
116 0.0038022655062377453
117 0.00407521752640605
118 0.003479049541056156
119 0.0039469110779464245
120 0.003997212741523981
121 0.004156162030994892
122 0.004490848630666733
123 0.0035652623046189547
124 0.00407337537035346
125 0.004141183104366064
126 0.003923701122403145
127 0.0038842959329485893
128 0.0036507206968963146
129 0.0038433833979070187
130 0.003725173184648156
131 0.0036718936171382666
132 0.003968272358179092
133 0.004278986249119043
134 0.003821931080892682
135 0.003469102783128619
136 0.0043527125380933285
137 0.004018901847302914
138 0.004128188360482454
139 0.0037654254119843245
140 0.0035413808654993773
141 0.003739994717761874
142 0.0039016243536025286
143 0.0037205677945166826
144 0.003643421223387122
145 0.003990703262388706
146 0.0037854791153222322
147 0.0037184760440140963
148 0.0038706825580447912
149 0.00401169853284955
150 0.004027673043310642
151 0.0038817988242954016
152 0.0036656970623880625
153 0.004011753015220165
154 0.003913517575711012
155 0.003628380596637726
156 0.0038965155836194754
157 0.0038282093591988087
158 0.0039671179838478565
159 0.0036866094451397657
160 0.0037794816307723522
161 0.0038464332465082407
162 0.004146641120314598
163 0.003522835671901703
164 0.0037676452193409204
165 0.003887873375788331
166 0.004241680260747671
167 0.003973646089434624
168 0.003908253740519285
169 0.0041227396577596664
170 0.0037525880616158247
171 0.003901237854734063
172 0.0037244842387735844
173 0.003730966243892908
174 0.004093237221240997
175 0.0038032392039895058
176 0.0043751560151577
177 0.003926657140254974
178 0.0034184453543275595
179 0.0039027398452162743
180 0.003761523636057973
181 0.0040807537734508514
182 0.004081375896930695
183 0.00385279837064445
184 0.003926683682948351
185 0.004143369849771261
186 0.0035336134023964405
187 0.0038157624658197165
188 0.00393481133505702
189 0.0037104347720742226
190 0.003766740206629038
191 0.003795295488089323
192 0.0038875213358551264
193 0.00402566185221076
194 0.004063788335770369
195 0.004234311170876026
196 0.004232189618051052
197 0.003803408006206155
198 0.004026389215141535
199 0.003924207296222448
200 0.0036533561069518328
201 0.0038013935554772615
202 0.0040043676272034645
203 0.003629072569310665
204 0.003904251381754875
205 0.0037271371111273766
206 0.0036585198249667883
207 0.004080737475305796
208 0.004104489926248789
209 0.0040678302757442
210 0.0038674462120980024
211 0.004193821921944618
212 0.0035677992273122072
213 0.003837952623143792
214 0.003967357333749533
215 0.004034528974443674
216 0.003972167614847422
217 0.003981122747063637
218 0.003807561006397009
219 0.0038329935632646084
220 0.00387771800160408
221 0.003960213623940945
222 0.0036580520682036877
223 0.004025371745228767
224 0.004110988695174456
225 0.003835343522951007
226 0.003959679510444403
227 0.003715715603902936
228 0.003956751897931099
229 0.003865388222038746
230 0.003683168441057205
231 0.0040869335643947124
232 0.003910789731889963
233 0.0036756230983883142
234 0.0037167088594287634
235 0.0038181114941835403
236 0.004272626247256994
237 0.003700623055920005
238 0.0037542441859841347
239 0.004017517436295748
240 0.003919332288205624
241 0.004231158643960953
242 0.0037322863936424255
243 0.003639122238382697
244 0.003987174015492201
245 0.003951003309339285
246 0.004257075022906065
247 0.0040851980447769165
248 0.003990944009274244
249 0.003654105355963111
250 0.0037185123655945063
251 0.0034556437749415636
252 0.0038481729570776224
253 0.0037435381673276424
254 0.004005257040262222
255 0.003870117710903287
