0 0.003928785212337971
1 0.0033948461059480906
2 0.003841622266918421
3 0.0038969048764556646
4 0.004117515869438648
5 0.0038046622648835182
6 0.003996756859123707
7 0.00381757621653378
8 0.0041338661685585976
9 0.0035290573723614216
10 0.004123734775930643
11 0.0038544165436178446
12 0.003730866825208068
13 0.004034413956105709
14 0.0038305623456835747
15 0.003799695987254381
16 0.003804486710578203
17 0.0039421143010258675
18 0.003935209009796381
19 0.0037912267725914717
20 0.004378631245344877
21 0.004060528706759214
22 0.004160567186772823
23 0.003842852544039488
24 0.00398213928565383
25 0.00391001021489501
26 0.0038215736858546734
27 0.0037852858658879995
28 0.0043081194162368774
29 0.003668132470920682
30 0.004069389309734106
31 0.003755418350920081
32 0.003657138906419277
33 0.0034971919376403093
34 0.003685376374050975
35 0.003939956892281771
36 0.003931361250579357
37 0.004205094650387764
38 0.004102164879441261
39 0.0042252689599990845
40 0.004212348256260157
41 0.0034966596867889166
42 0.0037622146774083376
43 0.0035936753265559673
44 0.0036427511367946863
45 0.003936862573027611
46 0.004259301349520683
47 0.004147123545408249
48 0.0038947199936956167
49 0.0038016955368220806
50 0.004153682384639978
51 0.0038127191364765167
52 0.004111270420253277
53 0.0037799261044710875
54 0.0037540881894528866
55 0.003909326158463955
56 0.003951454069465399
57 0.003865218721330166
58 0.0037975606974214315
59 0.003839402459561825
60 0.0038715614937245846
61 0.003875207854434848
62 0.004196591675281525
63 0.0037172436714172363
64 0.004064574837684631
65 0.0037307508755475283
66 0.003854678710922599
67 0.003796982578933239
68 0.003993299789726734
69 0.004341890104115009
70 0.004055696073919535
71 0.0038912349846214056
72 0.003932564985007048
73 0.003783156629651785
74 0.0038570177275687456
75 0.0040928516536951065
76 0.0039160908199846745
77 0.003940235823392868
78 0.0037200998049229383
79 0.00388986780308187
80 0.00388129404745996
81 0.0040742564015090466
82 0.0038314363919198513
83 0.003544668899849057
84 0.004118575248867273
85 0.003774193814024329
86 0.003824070794507861
87 0.0039839595556259155
88 0.0035564773716032505
89 0.003926530014723539
90 0.004189773462712765
91 0.0038577988743782043
92 0.004049058072268963
93 0.00402700575068593
94 0.003626040183007717
95 0.0037739858962595463
96 0.0038388536777347326
97 0.004064501263201237
98 0.003831094829365611
99 0.003994719125330448
100 0.003881421172991395
101 0.004027930088341236
102 0.0035866450052708387
103 0.003964785952121019
104 0.0035788211971521378
105 0.004043984692543745
106 0.0038614727091044188
107 0.00448589539155364
108 0.0040945750661194324
109 0.003827907145023346
110 0.004160497337579727
111 0.003942020237445831
112 0.00362921180203557
113 0.004297100007534027
114 0.004129260312765837
115 0.0038045502733439207
116 0.0037136783357709646
117 0.003987840376794338
118 0.0038026883266866207
119 0.003749602474272251
120 0.00404847227036953
121 0.004188306629657745
122 0.0042993780225515366
123 0.0038646964821964502
124 0.004184800200164318
125 0.003884271951392293
126 0.00427281716838479
127 0.003848431399092078
128 0.0036780384834855795
129 0.0036150000523775816
130 0.0038289502263069153
131 0.0036940600257366896
132 0.004077425226569176
133 0.004286690149456263
134 0.003733639605343342
135 0.003819558070972562
136 0.004274130333214998
137 0.0036526399198919535
138 0.003934342414140701
139 0.003863791935145855
140 0.003604441648349166
141 0.0037237645592540503
142 0.003862907877191901
143 0.0035775681026279926
144 0.0034187918063253164
145 0.004294034093618393
146 0.003890569554641843
147 0.004002062138170004
148 0.004023339599370956
149 0.0039038131944835186
150 0.004019137006253004
151 0.004343217704445124
152 0.003632409032434225
153 0.003749678609892726
154 0.003992683254182339
155 0.0036176801659166813
156 0.0036899226251989603
157 0.003491006325930357
158 0.004024881403893232
159 0.003984637558460236
160 0.003690592711791396
161 0.0037483868654817343
162 0.0041914163157343864
163 0.0037127635441720486
164 0.004043486434966326
165 0.003948146477341652
166 0.0038763515185564756
167 0.004013938829302788
168 0.004209501203149557
169 0.004179037641733885
170 0.0036026788875460625
171 0.0037027744110673666
172 0.003574079368263483
173 0.0035050942096859217
174 0.004261375404894352
175 0.0037418489810079336
176 0.004115471616387367
177 0.0037387690972536802
178 0.003575353417545557
179 0.003870924236252904
180 0.003997114486992359
181 0.004385996609926224
182 0.004040718078613281
183 0.0038765124045312405
184 0.004130835644900799
185 0.004238602705299854
186 0.003466964466497302
187 0.004008747637271881
188 0.004013345576822758
189 0.004211232531815767
190 0.0037991227582097054
191 0.0035640394780784845
192 0.003893206361681223
193 0.003925729542970657
194 0.003989596851170063
195 0.004142105579376221
196 0.004443183541297913
197 0.0038150923792272806
198 0.004018052946776152
199 0.0040929741226136684
200 0.00376133038662374
201 0.0037223135586827993
202 0.004071923904120922
203 0.0038585762958973646
204 0.0037459402810782194
205 0.003712939564138651
206 0.003577831434085965
207 0.003996375948190689
208 0.004108502063900232
209 0.003949366509914398
210 0.0037686219438910484
211 0.004042534623295069
212 0.0037278293166309595
213 0.003740091575309634
214 0.0039152768440544605
215 0.004111693240702152
216 0.003968949429690838
217 0.0040503004565835
218 0.0038365544751286507
219 0.003913067746907473
220 0.003755347803235054
221 0.003974804189056158
222 0.0038778637535870075
223 0.004093489143997431
224 0.0037784839514642954
225 0.004037054721266031
226 0.00404271250590682
227 0.0038557136431336403
228 0.0042656403966248035
229 0.004077715799212456
230 0.003949908073991537
231 0.003944908734411001
232 0.0038922757375985384
233 0.003952589351683855
234 0.003605647711083293
235 0.0038980520330369473
236 0.004084962885826826
237 0.003703470341861248
238 0.0036084111779928207
239 0.004173328168690205
240 0.004016086924821138
241 0.003932403866201639
242 0.003797852899879217
243 0.003833541413769126
244 0.003776399651542306
245 0.0041246130131185055
246 0.004145643208175898
247 0.0041939448565244675
248 0.003998223226517439
249 0.0037340293638408184
250 0.0036232860293239355
251 0.003491234267130494
252 0.003902237396687269
253 0.0036555055994540453
254 0.0038284086622297764
255 0.003666709177196026
