0 0.00388943194411695
1 0.003185376524925232
2 0.0038547723088413477
3 0.0040762475691735744
4 0.004517430905252695
5 0.0040166378021240234
6 0.004025481641292572
7 0.003959570545703173
8 0.00426470534875989
9 0.0035897288471460342
10 0.004084186628460884
11 0.0040270257741212845
12 0.003502387087792158
13 0.0037207796704024076
14 0.003930991515517235
15 0.0038422190118581057
16 0.0037804353050887585
17 0.003766495967283845
18 0.003901634132489562
19 0.0038446332328021526
20 0.003970108926296234
21 0.004156821873039007
22 0.004180395510047674
23 0.0037772494833916426
24 0.003930211532860994
25 0.004230478312820196
26 0.004155721981078386
27 0.004178384784609079
28 0.003882121993228793
29 0.003950220998376608
30 0.004087613429874182
31 0.0038425209932029247
32 0.003652835264801979
33 0.003585965372622013
34 0.0037642379757016897
35 0.004117531701922417
36 0.0042430805042386055
37 0.003690991783514619
38 0.00394690316170454
39 0.004224007483571768
40 0.003966446965932846
41 0.0032435862813144922
42 0.004022072069346905
43 0.004000360611826181
44 0.0038346995133906603
45 0.003921574912965298
46 0.004190974403172731
47 0.0043852804228663445
48 0.004299474880099297
49 0.0035574499052017927
50 0.004172641783952713
51 0.0034655637573450804
52 0.004188243765383959
53 0.0036934020463377237
54 0.003789048409089446
55 0.004025178961455822
56 0.004082785453647375
57 0.003943722229450941
58 0.004066282417625189
59 0.0036156983114778996
60 0.0036463290452957153
61 0.00418464932590723
62 0.004233095794916153
63 0.0037466054782271385
64 0.00379153317771852
65 0.0038328622467815876
66 0.003963608294725418
67 0.003961389884352684
68 0.003658524015918374
69 0.004107310902327299
70 0.004327335394918919
71 0.004095728043466806
72 0.004169640131294727
73 0.003755321493372321
74 0.0036996309645473957
75 0.004360090009868145
76 0.0040916940197348595
77 0.00390824768692255
78 0.0038372413255274296
79 0.003708487143740058
80 0.003650013590231538
81 0.003926622215658426
82 0.0038202693685889244
83 0.003711302299052477
84 0.003921180032193661
85 0.0037060105241835117
86 0.0036284150555729866
87 0.003983765374869108
88 0.0036025363951921463
89 0.003537119133397937
90 0.003957815933972597
91 0.00385524844750762
92 0.003923996817320585
93 0.0042394367046654224
94 0.0038610121700912714
95 0.003670272184535861
96 0.004051760770380497
97 0.004557901062071323
98 0.003814482130110264
99 0.00414705416187644
100 0.004035336896777153
101 0.004059916827827692
102 0.003748286748304963
103 0.004076112527400255
104 0.00404775096103549
105 0.004344508051872253
106 0.003820342943072319
107 0.00436808867380023
108 0.004315343219786882
109 0.0038270242512226105
110 0.003926284611225128
111 0.004038732033222914
112 0.003909116145223379
113 0.0039692409336566925
114 0.003983744885772467
115 0.0037554088048636913
116 0.003976395819336176
117 0.003933769650757313
118 0.0039240955375134945
119 0.0037904009222984314
120 0.003941675182431936
121 0.004177889786660671
122 0.004444367717951536
123 0.003898187540471554
124 0.0039764586836099625
125 0.00374566949903965
126 0.004500693175941706
127 0.004002974834293127
128 0.0036134470719844103
129 0.003601041855290532
130 0.003959531895816326
131 0.003637483809143305
132 0.0038483552634716034
133 0.004086011555045843
134 0.0037427644710987806
135 0.003485448192805052
136 0.004500563256442547
137 0.003874243702739477
138 0.00398514186963439
139 0.0037284677382558584
140 0.003513291710987687
141 0.003479054430499673
142 0.003612702013924718
143 0.003848353633657098
144 0.0034798665437847376
145 0.003982651978731155
146 0.003877404145896435
147 0.003864644793793559
148 0.003821293357759714
149 0.0040738023817539215
150 0.003757420927286148
151 0.003979477100074291
152 0.003658126574009657
153 0.0038258135318756104
154 0.003843289567157626
155 0.0035106639843434095
156 0.004046234302222729
157 0.003857365110889077
158 0.004139198921620846
159 0.0037190301809459925
160 0.0038210772909224033
161 0.003782100509852171
162 0.004412975162267685
163 0.003703570459038019
164 0.003862004727125168
165 0.0038344154600054026
166 0.003804014064371586
167 0.004052349831908941
168 0.004190510138869286
169 0.0038413575384765863
170 0.0038502169772982597
171 0.0038399735931307077
172 0.0036367105785757303
173 0.003719709813594818
174 0.0037984263617545366
175 0.0035837457980960608
176 0.004248954355716705
177 0.003921705763787031
178 0.0033593622501939535
179 0.0036610604729503393
180 0.0038245581090450287
181 0.004108425695449114
182 0.0037562812212854624
183 0.0039022716227918863
184 0.004024934954941273
185 0.00428696209564805
186 0.003832251997664571
187 0.0037741167470812798
188 0.004146847408264875
189 0.0037023655604571104
190 0.0038918177597224712
191 0.0037003362085670233
192 0.003564339829608798
193 0.0037706135772168636
194 0.0040597510524094105
195 0.00424685375764966
196 0.0044066403061151505
197 0.003695431165397167
198 0.004094173666089773
199 0.003803485305979848
200 0.003773951204493642
201 0.003909073304384947
202 0.0036957175470888615
203 0.004082060884684324
204 0.0037033925764262676
205 0.0038651996292173862
206 0.003825470805168152
207 0.0038436793256551027
208 0.003789031645283103
209 0.003886061953380704
210 0.003926785197108984
211 0.004094043746590614
212 0.003545016050338745
213 0.003767479909583926
214 0.003877494251355529
215 0.004156183917075396
216 0.004410415422171354
217 0.0038321528118103743
218 0.003942831419408321
219 0.0036120484583079815
220 0.0038191950879991055
221 0.003993767313659191
222 0.0035344914067536592
223 0.004120432771742344
224 0.0036737790796905756
225 0.003930829465389252
226 0.004007463809102774
227 0.0033304907847195864
228 0.003937327302992344
229 0.004177015274763107
230 0.003925177734345198
231 0.004237063229084015
232 0.0038426227401942015
233 0.003647766076028347
234 0.0036676221061497927
235 0.003859088057652116
236 0.004055073484778404
237 0.003797445446252823
238 0.0036854036152362823
239 0.003840096527710557
240 0.004006366245448589
241 0.004156673327088356
242 0.003983736503869295
243 0.0038647654000669718
244 0.0037311988417059183
245 0.0037942342460155487
246 0.004349115304648876
247 0.004276694729924202
248 0.003924156539142132
249 0.003925736993551254
250 0.0037575140595436096
251 0.003981206100434065
252 0.003856732277199626
253 0.0036486522294580936
254 0.00389693072065711
255 0.0037617534399032593
