0 0.0038086699787527323
1 0.0035113217309117317
2 0.0038907488342374563
3 0.00396208930760622
4 0.004101515747606754
5 0.003927385900169611
6 0.003997147548943758
7 0.004126437474042177
8 0.004061756655573845
9 0.003687196411192417
10 0.004175168462097645
11 0.003891552332788706
12 0.003691657679155469
13 0.003811226924881339
14 0.0037718601524829865
15 0.003844576422125101
16 0.004163073375821114
17 0.004090854898095131
18 0.0037752564530819654
19 0.0039212568663060665
20 0.004179825074970722
21 0.004095746204257011
22 0.004032554104924202
23 0.003677226137369871
24 0.004068200010806322
25 0.004013964906334877
26 0.0038378529716283083
27 0.003958904650062323
28 0.003939069341868162
29 0.0037975411396473646
30 0.004219996277242899
31 0.0038932543247938156
32 0.003527324879541993
33 0.003681296482682228
34 0.003613437758758664
35 0.004282454494386911
36 0.004185358993709087
37 0.003825506893917918
38 0.003919973038136959
39 0.003910295199602842
40 0.004220711998641491
41 0.003488251008093357
42 0.0039023940917104483
43 0.0038269287906587124
44 0.0038826181553304195
45 0.003888347651809454
46 0.004128203261643648
47 0.004371682647615671
48 0.003916710615158081
49 0.003920873627066612
50 0.004251499660313129
51 0.003502440871670842
52 0.004073730204254389
53 0.003643755102530122
54 0.004092023242264986
55 0.003993014805018902
56 0.004211821127682924
57 0.0038270067889243364
58 0.004065433517098427
59 0.0037426564376801252
60 0.0037234423216432333
61 0.00394916906952858
62 0.00406276062130928
63 0.003670784644782543
64 0.003973593935370445
65 0.0037710387259721756
66 0.003767835209146142
67 0.0038721852470189333
68 0.003918547183275223
69 0.003974578343331814
70 0.004221763927489519
71 0.00397392176091671
72 0.0038752215914428234
73 0.003836500458419323
74 0.003975729923695326
75 0.004188603721559048
76 0.0038376767188310623
77 0.003911976702511311
78 0.003977654501795769
79 0.003631377127021551
80 0.0038517534267157316
81 0.004085100255906582
82 0.0038434304296970367
83 0.0036908560432493687
84 0.0040781497955322266
85 0.003657667199149728
86 0.0038677018601447344
87 0.0037624246906489134
88 0.003549823770299554
89 0.003721497720107436
90 0.003839392215013504
91 0.0038563155103474855
92 0.0038995908107608557
93 0.0042968676425516605
94 0.0037842581514269114
95 0.004045531619340181
96 0.003943825606256723
97 0.003962055314332247
98 0.003719925181940198
99 0.0040322719141840935
100 0.003826084779575467
101 0.004164428450167179
102 0.003814543131738901
103 0.004056381992995739
104 0.003748295595869422
105 0.004090636502951384
106 0.004011355806142092
107 0.004341842141002417
108 0.004154619295150042
109 0.003866991028189659
110 0.004148395266383886
111 0.0037430659867823124
112 0.0037793174851685762
113 0.004142464604228735
114 0.0038602736312896013
115 0.003722170600667596
116 0.004004170652478933
117 0.0041230665519833565
118 0.0038248207420110703
119 0.0039511495269834995
120 0.0037779801059514284
121 0.004142546094954014
122 0.00449686124920845
123 0.003908769693225622
124 0.004093749448657036
125 0.004000639542937279
126 0.0039167460054159164
127 0.0038492127787321806
128 0.0036078221164643764
129 0.0037123318761587143
130 0.003739510430023074
131 0.0036740556824952364
132 0.0039000832475721836
133 0.004128759726881981
134 0.004012462217360735
135 0.003501463681459427
136 0.004411389119923115
137 0.0041555073112249374
138 0.004001982975751162
139 0.003739574458450079
140 0.0035871758591383696
141 0.003560632700100541
142 0.003945646341890097
143 0.0036830406170338392
144 0.00357976951636374
145 0.004090297035872936
146 0.0038508260622620583
147 0.003999394830316305
148 0.003805330256000161
149 0.004047219175845385
150 0.003905046731233597
151 0.004067251458764076
152 0.0036130195949226618
153 0.00397186353802681
154 0.003780567552894354
155 0.0035497737117111683
156 0.003740431973710656
157 0.00373269384726882
158 0.003998483996838331
159 0.003815252101048827
160 0.0039075929671525955
161 0.0037755221128463745
162 0.004133977461606264
163 0.003648356767371297
164 0.0036149316001683474
165 0.003911362029612064
166 0.004060262814164162
167 0.003744094632565975
168 0.004131324123591185
169 0.004121539648622274
170 0.003758313599973917
171 0.003870525397360325
172 0.00377170043066144
173 0.0038938845973461866
174 0.003938938956707716
175 0.0037808839697390795
176 0.004356568679213524
177 0.0039006636943668127
178 0.0035914762411266565
179 0.003740880638360977
180 0.0038201778661459684
181 0.004089291673153639
182 0.0040593696758151054
183 0.0039085159078240395
184 0.003854820504784584
185 0.003963051829487085
186 0.0036705611273646355
187 0.0038780272006988525
188 0.003777777310460806
189 0.003871636465191841
190 0.004035584162920713
191 0.0036963913589715958
192 0.003944677766412497
193 0.003947015386074781
194 0.003955827560275793
195 0.004206162411719561
196 0.004133682232350111
197 0.0038349053356796503
198 0.003846488194540143
199 0.0038062972016632557
200 0.003646517638117075
201 0.0036973387468606234
202 0.003989702556282282
203 0.0037125898525118828
204 0.003807203844189644
205 0.003823746694251895
206 0.003661906812340021
207 0.004108617082238197
208 0.004013692028820515
209 0.004116801079362631
210 0.0037683777045458555
211 0.0039552743546664715
212 0.0034623320680111647
213 0.0038437696639448404
214 0.0041594961658120155
215 0.0038815028965473175
216 0.004016474820673466
217 0.004116484895348549
218 0.003918637987226248
219 0.0037359262350946665
220 0.004040022846311331
221 0.004011247772723436
222 0.003804570296779275
223 0.004224899224936962
224 0.0038935719057917595
225 0.0038956624921411276
226 0.003899969160556793
227 0.0039030632469803095
228 0.004007937386631966
229 0.00405740225687623
230 0.003962784539908171
231 0.004020452965050936
232 0.004009210504591465
233 0.003593818284571171
234 0.003766255686059594
235 0.00373387080617249
236 0.004082207567989826
237 0.003918714355677366
238 0.0037798245903104544
239 0.0038095256313681602
240 0.00407464848831296
241 0.003943127579987049
242 0.0038776409346610308
243 0.003838291158899665
244 0.0039503746666014194
245 0.003917901311069727
246 0.004150914028286934
247 0.003966182470321655
248 0.004192912485450506
249 0.003881036303937435
250 0.0037548569962382317
251 0.0034843122120946646
252 0.003824556479230523
253 0.00371244503185153
254 0.004011927638202906
255 0.003721710294485092
