0 0.0038622410502284765
1 0.0034295953810214996
2 0.0038264552131295204
3 0.0038661938160657883
4 0.004000595770776272
5 0.003925062716007233
6 0.004118349403142929
7 0.003971056081354618
8 0.004084651358425617
9 0.0035516482312232256
10 0.004091065842658281
11 0.003969759680330753
12 0.0036923717707395554
13 0.0037279173266142607
14 0.003749293042346835
15 0.00386506668291986
16 0.004058138467371464
17 0.003948062192648649
18 0.003860453376546502
19 0.00395747646689415
20 0.004152190405875444
21 0.004165185149759054
22 0.00401879008859396
23 0.0037679141387343407
24 0.0038887327536940575
25 0.004098854493349791
26 0.004057304933667183
27 0.00399602809920907
28 0.003942868672311306
29 0.00402941694483161
30 0.004167221020907164
31 0.003962465096265078
32 0.0037324063014239073
33 0.003533808747306466
34 0.0035840575583279133
35 0.004064323380589485
36 0.003975316882133484
37 0.003781329607591033
38 0.003958928864449263
39 0.004120726604014635
40 0.0041154054924845695
41 0.0034346552565693855
42 0.0039304508827626705
43 0.0036631522234529257
44 0.003858989104628563
45 0.0039054034277796745
46 0.004291342105716467
47 0.004212661180645227
48 0.0037235107738524675
49 0.003931754268705845
50 0.004020228050649166
51 0.0036058903206139803
52 0.00406562490388751
53 0.0037657995708286762
54 0.0038563779089599848
55 0.003958728164434433
56 0.0040386393666267395
57 0.004120308440178633
58 0.003836598014459014
59 0.003866703948006034
60 0.0038372369017452
61 0.00399036705493927
62 0.003979700617492199
63 0.0037903087213635445
64 0.0038251536898314953
65 0.003917687572538853
66 0.003745417110621929
67 0.003947794437408447
68 0.003834469709545374
69 0.004061187617480755
70 0.004019035492092371
71 0.00401272950693965
72 0.00397631386294961
73 0.0039095887914299965
74 0.003969748504459858
75 0.00434613274410367
76 0.004026384092867374
77 0.004014885984361172
78 0.00392115069553256
79 0.0038452311418950558
80 0.0038030147552490234
81 0.004034256096929312
82 0.0038206716999411583
83 0.003552663139998913
84 0.0041771018877625465
85 0.0037314577493816614
86 0.00395367993041873
87 0.003962164279073477
88 0.003587150713428855
89 0.0037274034693837166
90 0.004014302045106888
91 0.00399724580347538
92 0.003881854470819235
93 0.004158661235123873
94 0.0035815502051264048
95 0.003945818170905113
96 0.003906735684722662
97 0.004102932754904032
98 0.003829545108601451
99 0.004072911571711302
100 0.003942560404539108
101 0.00428707804530859
102 0.0036498550325632095
103 0.004274193663150072
104 0.0038876477628946304
105 0.004057261161506176
106 0.00387209327891469
107 0.004367758519947529
108 0.004097007215023041
109 0.003951748833060265
110 0.004257696680724621
111 0.0037318808026611805
112 0.0038167082238942385
113 0.004199034068733454
114 0.003910995088517666
115 0.0037913010455667973
116 0.004045447800308466
117 0.0041385674849152565
118 0.003793576266616583
119 0.003811943344771862
120 0.004190783016383648
121 0.004199260380119085
122 0.0042020175606012344
123 0.003778112353757024
124 0.0041437288746237755
125 0.0038808747194707394
126 0.003866147482767701
127 0.003977237734943628
128 0.0037282020784914494
129 0.003622750984504819
130 0.003660786198452115
131 0.003619684372097254
132 0.003911658190190792
133 0.004197724629193544
134 0.0038050611037760973
135 0.003559374250471592
136 0.004298730753362179
137 0.003974758088588715
138 0.003980798646807671
139 0.0038526770658791065
140 0.003794655669480562
141 0.0035414721351116896
142 0.0037337944377213717
143 0.0036822324618697166
144 0.003630693070590496
145 0.004104136023670435
146 0.003983423113822937
147 0.0038517718203365803
148 0.003855194430798292
149 0.004134808667004108
150 0.003864897880703211
151 0.003965872339904308
152 0.003627378959208727
153 0.0037042649928480387
154 0.00378772197291255
155 0.003491806099191308
156 0.003679622197523713
157 0.0036466382443904877
158 0.0041275122202932835
159 0.003621203126385808
160 0.0037670438177883625
161 0.0037989518605172634
162 0.0042184218764305115
163 0.0036994758993387222
164 0.003760051913559437
165 0.004007322713732719
166 0.0039890301413834095
167 0.0036625994835048914
168 0.00427498621866107
169 0.004165180958807468
170 0.0036969585344195366
171 0.003778636921197176
172 0.003844834165647626
173 0.003885796759277582
174 0.003945391625165939
175 0.0041183847934007645
176 0.004293909762054682
177 0.00397418811917305
178 0.003488341812044382
179 0.0036958155687898397
180 0.00382213294506073
181 0.0042673321440815926
182 0.0038394115399569273
183 0.0038156702648848295
184 0.00395207479596138
185 0.0040420908480882645
186 0.003624386852607131
187 0.0037874733097851276
188 0.004025201313197613
189 0.0037470958195626736
190 0.004027906805276871
191 0.0038322098553180695
192 0.003929207567125559
193 0.004007585346698761
194 0.004043764900416136
195 0.004119532182812691
196 0.004212372004985809
197 0.0037287757731974125
198 0.0037979930639266968
199 0.003958447836339474
200 0.00386412488296628
201 0.003620691830292344
202 0.003832307644188404
203 0.003695910330861807
204 0.003715029451996088
205 0.003756678430363536
206 0.003830690635368228
207 0.003863045247271657
208 0.00415476830676198
209 0.004073671530932188
210 0.0036883323919028044
211 0.004081027116626501
212 0.0034976962488144636
213 0.0037464264314621687
214 0.004154817201197147
215 0.004086185246706009
216 0.004028141964226961
217 0.0043665822595357895
218 0.0037367353215813637
219 0.003802977968007326
220 0.003881117794662714
221 0.004015106707811356
222 0.0038586892187595367
223 0.004161075688898563
224 0.0037095104344189167
225 0.003946107346564531
226 0.003888553474098444
227 0.003896013367921114
228 0.003964393399655819
229 0.0040502604097127914
230 0.003947235178202391
231 0.004048478789627552
232 0.003825726453214884
233 0.0036980039440095425
234 0.0038290556985884905
235 0.0037027860525995493
236 0.004056345205754042
237 0.0037804218009114265
238 0.003835998708382249
239 0.0039471955969929695
240 0.004011836368590593
241 0.003915178123861551
242 0.0037881312891840935
243 0.003780926112085581
244 0.003940284717828035
245 0.003913576249033213
246 0.0042535047978162766
247 0.004174073226749897
248 0.004016390535980463
249 0.003930313978344202
250 0.0036694128066301346
251 0.0035561209078878164
252 0.003708822187036276
253 0.0037167423870414495
254 0.003923328593373299
255 0.0036864762660115957
