0 0.003665264928713441
1 0.0033598081208765507
2 0.0037423104513436556
3 0.00381729775108397
4 0.0038394490256905556
5 0.004076436627656221
6 0.0038333008997142315
7 0.003910569474101067
8 0.004072179086506367
9 0.0034846151247620583
10 0.003947788849473
11 0.004080577753484249
12 0.003720622044056654
13 0.003888498293235898
14 0.0036906322930008173
15 0.003798391902819276
16 0.0039780158549547195
17 0.004017082508653402
18 0.003791716182604432
19 0.003835550742223859
20 0.004021065775305033
21 0.004131832625716925
22 0.004034660290926695
23 0.0039823828265070915
24 0.003874200861901045
25 0.0041405982337892056
26 0.0038402494974434376
27 0.004005294293165207
28 0.003852391615509987
29 0.0039218938909471035
30 0.004185445141047239
31 0.003869545878842473
32 0.0036380768287926912
33 0.0035632275976240635
34 0.0036585675552487373
35 0.0041453349404037
36 0.003882307792082429
37 0.003884917125105858
38 0.003871744265779853
39 0.004121170844882727
40 0.003961918409913778
41 0.0033171819522976875
42 0.003931713290512562
43 0.003795437514781952
44 0.003883441211655736
45 0.003891865722835064
46 0.004328942392021418
47 0.00424483185634017
48 0.003790928516536951
49 0.0037995597813278437
50 0.004257961176335812
51 0.003519047750160098
52 0.004054601304233074
53 0.003782475832849741
54 0.003938393201678991
55 0.004051612690091133
56 0.004310642834752798
57 0.0038753815460950136
58 0.003906778525561094
59 0.00418542604893446
60 0.0038901057559996843
61 0.0038177913520485163
62 0.004181979689747095
63 0.003683342132717371
64 0.003882818855345249
65 0.0038947768043726683
66 0.00385260209441185
67 0.003916183952242136
68 0.003992260899394751
69 0.0038667209446430206
70 0.003984545823186636
71 0.003893898334354162
72 0.0037021224852651358
73 0.0037949320394545794
74 0.0038376657757908106
75 0.0042910585179924965
76 0.003952977247536182
77 0.003806480672210455
78 0.003959228750318289
79 0.0035911223385483027
80 0.003724962007254362
81 0.0040497244335711
82 0.003620382398366928
83 0.003705680137500167
84 0.00421118875965476
85 0.0037915462162345648
86 0.003813899355009198
87 0.0037670782767236233
88 0.003576047485694289
89 0.0037138217594474554
90 0.004022340755909681
91 0.004142206162214279
92 0.003807523287832737
93 0.004057078156620264
94 0.0036121979355812073
95 0.004047555848956108
96 0.003892528358846903
97 0.004006447270512581
98 0.0037337860558182
99 0.004042580723762512
100 0.003947834018617868
101 0.004128497559577227
102 0.003704673144966364
103 0.004162556957453489
104 0.003770161187276244
105 0.004016731400042772
106 0.0038635474629700184
107 0.004224177449941635
108 0.004023950546979904
109 0.003752380609512329
110 0.003914652857929468
111 0.0036773947067558765
112 0.003844569670036435
113 0.004343004897236824
114 0.004004365298897028
115 0.004072169773280621
116 0.003744360990822315
117 0.0041726757772266865
118 0.0036020742263644934
119 0.003950776532292366
120 0.0038995116483420134
121 0.0041418238542973995
122 0.003974937368184328
123 0.0038010207936167717
124 0.004164770245552063
125 0.003921970725059509
126 0.004164284095168114
127 0.003885313868522644
128 0.0035768747329711914
129 0.0037374673411250114
130 0.003562899539247155
131 0.00373565754853189
132 0.003937798552215099
133 0.0040406896732747555
134 0.003968133591115475
135 0.0038084061816334724
136 0.004394038114696741
137 0.0037144252564758062
138 0.004152391571551561
139 0.0038123028352856636
140 0.003785503562539816
141 0.0036581894382834435
142 0.004010573495179415
143 0.0038381856866180897
144 0.0036800429224967957
145 0.003902991535142064
146 0.003934046719223261
147 0.0038515885826200247
148 0.003957322333008051
149 0.004038374871015549
150 0.004072021227329969
151 0.004108679946511984
152 0.0037881522439420223
153 0.0039586215279996395
154 0.0038790397811681032
155 0.003518462646752596
156 0.0037144534289836884
157 0.0036320157814770937
158 0.0039078472182154655
159 0.0038377142045646906
160 0.0037643895484507084
161 0.0036960842553526163
162 0.004235423635691404
163 0.0037593808956444263
164 0.0035718141589313745
165 0.003817602526396513
166 0.0040415567345917225
167 0.003756664926186204
168 0.00429656682536006
169 0.004144159145653248
170 0.003852634923532605
171 0.003883529454469681
172 0.0039536235854029655
173 0.0037616505287587643
174 0.004075018223375082
175 0.004045309033244848
176 0.0040812864899635315
177 0.0039151012897491455
178 0.0034561981447041035
179 0.003710164688527584
180 0.004058212041854858
181 0.004177730996161699
182 0.003980237990617752
183 0.0039000860415399075
184 0.004098833072930574
185 0.0040345932357013226
186 0.0038177657406777143
187 0.0038622869178652763
188 0.003854199778288603
189 0.0038471254520118237
190 0.0038486735429614782
191 0.0038172858767211437
192 0.003997307736426592
193 0.004168311599642038
194 0.00407371437177062
195 0.004231068305671215
196 0.004058045335114002
197 0.0038677197881042957
198 0.003825489664450288
199 0.00393000477924943
200 0.0037659963127225637
201 0.003796079196035862
202 0.004101468250155449
203 0.0036413678899407387
204 0.003742735832929611
205 0.0036269822157919407
206 0.003544815583154559
207 0.004061579238623381
208 0.004039011429995298
209 0.004116949625313282
210 0.003863638499751687
211 0.0040191058069467545
212 0.0036286008544266224
213 0.003940402530133724
214 0.004247260745614767
215 0.003903742413967848
216 0.004233112558722496
217 0.0042924233712255955
218 0.003868337720632553
219 0.003812959650531411
220 0.003987124189734459
221 0.0039779930375516415
222 0.0038544198032468557
223 0.0042860726825892925
224 0.00378731288947165
225 0.0038438758347183466
226 0.004046497400850058
227 0.003886425169184804
228 0.004096887540072203
229 0.0039154645055532455
230 0.003997867461293936
231 0.004222804214805365
232 0.00396868959069252
233 0.003719933796674013
234 0.003747218055650592
235 0.0037721155676990747
236 0.00410458305850625
237 0.0038419184274971485
238 0.00380709464661777
239 0.00411277124658227
240 0.004186535719782114
241 0.004369140136986971
242 0.0039915707893669605
243 0.0037219589576125145
244 0.003752172226086259
245 0.0037336417008191347
246 0.003981948364526033
247 0.003905865363776684
248 0.004049312323331833
249 0.0037714429199695587
250 0.0038123305421322584
251 0.0035180847626179457
252 0.0038180756382644176
253 0.0037197961937636137
254 0.003984305541962385
255 0.0036698677577078342
