0 0.003982035908848047
1 0.0034108078107237816
2 0.003974842373281717
3 0.003824710613116622
4 0.003988530486822128
5 0.004038733895868063
6 0.004298499319702387
7 0.003968179691582918
8 0.003964215517044067
9 0.0035037368070334196
10 0.004136966075748205
11 0.003993764985352755
12 0.0038107032887637615
13 0.003708528121933341
14 0.0039880964905023575
15 0.003913945518434048
16 0.003902222029864788
17 0.003931507468223572
18 0.0037712319754064083
19 0.0038807394448667765
20 0.004071371629834175
21 0.004091958049684763
22 0.004141333978623152
23 0.0037696922663599253
24 0.0038817424792796373
25 0.004170105326920748
26 0.004046580288559198
27 0.0038690976798534393
28 0.0040666572749614716
29 0.003995213191956282
30 0.004116904456168413
31 0.003970785066485405
32 0.0037338107358664274
33 0.003700925735756755
34 0.003636987181380391
35 0.004067257046699524
36 0.004160825628787279
37 0.0038410709239542484
38 0.0039450302720069885
39 0.004138601943850517
40 0.004053381271660328
41 0.0034410262014716864
42 0.003786632791161537
43 0.003794693388044834
44 0.003785185283049941
45 0.00401025777682662
46 0.004360227845609188
47 0.004126504994928837
48 0.003940992057323456
49 0.003739018691703677
50 0.004146482329815626
51 0.0036179772578179836
52 0.004180816002190113
53 0.0036422451958060265
54 0.0038586733862757683
55 0.004181338008493185
56 0.004000090062618256
57 0.003969121258705854
58 0.0038828568067401648
59 0.0037736003287136555
60 0.003709951415657997
61 0.004121618811041117
62 0.004041459411382675
63 0.003810084657743573
64 0.0038644196465611458
65 0.003779037157073617
66 0.003827405860647559
67 0.003915244713425636
68 0.003795517608523369
69 0.00405068788677454
70 0.004163946956396103
71 0.004187810234725475
72 0.003858809359371662
73 0.00388126983307302
74 0.003931424580514431
75 0.004181155003607273
76 0.004235162399709225
77 0.004086705390363932
78 0.004017149563878775
79 0.003956730477511883
80 0.0037235135678201914
81 0.00405500503256917
82 0.003732424695044756
83 0.0038063577376306057
84 0.0041365064680576324
85 0.003589736530557275
86 0.003971789963543415
87 0.0039154402911663055
88 0.0037176015321165323
89 0.003700100351125002
90 0.004102098289877176
91 0.003955736756324768
92 0.003946561366319656
93 0.004263631068170071
94 0.003680050140246749
95 0.0038141540717333555
96 0.0037927688099443913
97 0.0040351091884076595
98 0.003888166742399335
99 0.0038020084612071514
100 0.003947416320443153
101 0.004025660455226898
102 0.0035367687232792377
103 0.004358652047812939
104 0.003871968947350979
105 0.004018784500658512
106 0.0038002782966941595
107 0.004418344236910343
108 0.004124196246266365
109 0.0038539639208465815
110 0.004176527727395296
111 0.0038832107093185186
112 0.0035860720090568066
113 0.004097726196050644
114 0.003854925511404872
115 0.0038501506205648184
116 0.003884123172610998
117 0.0039670830592513084
118 0.003790182527154684
119 0.0037324505392462015
120 0.0040840585716068745
121 0.004131845198571682
122 0.004272628575563431
123 0.0038129608146846294
124 0.003984480164945126
125 0.0038773692212998867
126 0.004163861274719238
127 0.00388814858160913
128 0.0036346775013953447
129 0.0034714590292423964
130 0.0036041713319718838
131 0.0036346593406051397
132 0.003985055256634951
133 0.004214342683553696
134 0.0038875883910804987
135 0.0037186129484325647
136 0.004321013577282429
137 0.0039007302839308977
138 0.0039335633628070354
139 0.004073081538081169
140 0.0037169891875237226
141 0.003562188008800149
142 0.0038753461558371782
143 0.003783793654292822
144 0.0035594631917774677
145 0.004147697240114212
146 0.003966332413256168
147 0.0037767321337014437
148 0.0038677435368299484
149 0.0039154039695858955
150 0.003825058462098241
151 0.0042097256518900394
152 0.0035712376702576876
153 0.003773866454139352
154 0.003924473654478788
155 0.0035273462999612093
156 0.0036250373814255
157 0.00365170044824481
158 0.003926651552319527
159 0.0036936579272150993
160 0.0036504080053418875
161 0.003600083524361253
162 0.004279394168406725
163 0.003742059227079153
164 0.004015048965811729
165 0.003937958274036646
166 0.00406436575576663
167 0.003855903632938862
168 0.003966593649238348
169 0.004185134544968605
170 0.003892543725669384
171 0.0037288235034793615
172 0.00379349198192358
173 0.0037201489321887493
174 0.004081823863089085
175 0.003959356341511011
176 0.004097950179129839
177 0.0036693362053483725
178 0.003432405646890402
179 0.0036395336501300335
180 0.003881127340719104
181 0.004235728178173304
182 0.0037791267968714237
183 0.003916500601917505
184 0.004076769575476646
185 0.004093682859092951
186 0.0037666235584765673
187 0.0038783769123256207
188 0.0038723484613001347
189 0.0037557920441031456
190 0.003843010636046529
191 0.0037841657176613808
192 0.0038506649434566498
193 0.0039041743148118258
194 0.004016323015093803
195 0.004019040148705244
196 0.004204783122986555
197 0.003905836958438158
198 0.0038267571944743395
199 0.004023868124932051
200 0.0037621839437633753
201 0.0036131455563008785
202 0.003954663872718811
203 0.0035353137645870447
204 0.0037156755570322275
205 0.003691981313750148
206 0.0037510842084884644
207 0.003977385349571705
208 0.004046586807817221
209 0.003923400305211544
210 0.0038547967560589314
211 0.0040016802959144115
212 0.0037840581499040127
213 0.0038589697796851397
214 0.004281656816601753
215 0.004081546328961849
216 0.004102911800146103
217 0.004187494050711393
218 0.0037533012218773365
219 0.0037110415287315845
220 0.004038130398839712
221 0.003967358265072107
222 0.003530216170474887
223 0.004100186750292778
224 0.003619479015469551
225 0.004089535679668188
226 0.004033643286675215
227 0.00385871110484004
228 0.004047825001180172
229 0.0041900803335011005
230 0.003932690713554621
231 0.004255666863173246
232 0.003910826984792948
233 0.0036888488102704287
234 0.003833890426903963
235 0.00392288388684392
236 0.004074395634233952
237 0.0037653748877346516
238 0.0038712278474122286
239 0.0039676399901509285
240 0.0040064468048512936
241 0.004002849571406841
242 0.003797760233283043
243 0.0037927385419607162
244 0.0037936163134872913
245 0.003852003952488303
246 0.004228434059768915
247 0.004075340926647186
248 0.004012970719486475
249 0.0037937064189463854
250 0.0035581139381974936
251 0.003717673709616065
252 0.0037953448481857777
253 0.0038207208272069693
254 0.0038828346878290176
255 0.0036182417534291744
