0 0.004176412243396044
1 0.00329147488810122
2 0.003927739802747965
3 0.004049086943268776
4 0.0043183183297514915
5 0.003716676961630583
6 0.004307055380195379
7 0.003909847233444452
8 0.004364639986306429
9 0.003507743589580059
10 0.0039100972935557365
11 0.003815875854343176
12 0.0036978533025830984
13 0.003915386274456978
14 0.0040454016998410225
15 0.0038663509767502546
16 0.0041512963362038136
17 0.003908151760697365
18 0.003940990660339594
19 0.003938404843211174
20 0.003972136881202459
21 0.003926325123757124
22 0.003786662360653281
23 0.0037157947663217783
24 0.003946393728256226
25 0.003939335700124502
26 0.004124792758375406
27 0.003659854643046856
28 0.004036873113363981
29 0.0038572056218981743
30 0.004100131802260876
31 0.0035961116664111614
32 0.0037547957617789507
33 0.0035164046566933393
34 0.0036398502998054028
35 0.0039105904288589954
36 0.004064582288265228
37 0.0037127870600670576
38 0.004107843153178692
39 0.004093389958143234
40 0.004322230815887451
41 0.0032384288497269154
42 0.003875711467117071
43 0.003875328693538904
44 0.003653736552223563
45 0.004000839311629534
46 0.004213646519929171
47 0.004256983753293753
48 0.003901965683326125
49 0.0037952892016619444
50 0.00390814570710063
51 0.0035521958488970995
52 0.004302549175918102
53 0.004060080740600824
54 0.0037766515742987394
55 0.0038945269770920277
56 0.003983189817517996
57 0.0038612494245171547
58 0.00374160660430789
59 0.0037310649640858173
60 0.0036715029273182154
61 0.0040474385023117065
62 0.004276213236153126
63 0.0038321763277053833
64 0.003881333163008094
65 0.0038491885643452406
66 0.004007326439023018
67 0.003999131266027689
68 0.003955439664423466
69 0.004234236665070057
70 0.004261917434632778
71 0.003922618459910154
72 0.0040476261638104916
73 0.0035004557576030493
74 0.0038494353648275137
75 0.00411915173754096
76 0.003870458109304309
77 0.0037177049089223146
78 0.004210109356790781
79 0.0037960216868668795
80 0.003958918619900942
81 0.003909258637577295
82 0.0038239837158471346
83 0.0033877668902277946
84 0.004037719219923019
85 0.0038044224493205547
86 0.0037072866689413786
87 0.003704531118273735
88 0.0036102021113038063
89 0.0038497259374707937
90 0.004334097262471914
91 0.0038103777915239334
92 0.003960904199630022
93 0.004266665782779455
94 0.0038849087432026863
95 0.003803608240559697
96 0.0037740240804851055
97 0.004337558522820473
98 0.0039026944432407618
99 0.0041127377189695835
100 0.0035384525544941425
101 0.0038362194318324327
102 0.003457584185525775
103 0.004369646776467562
104 0.0034644021652638912
105 0.004080892074853182
106 0.0038521545939147472
107 0.004609078634530306
108 0.004155540838837624
109 0.003725215559825301
110 0.004454430192708969
111 0.0038538191001862288
112 0.003380900714546442
113 0.004350971896201372
114 0.004276967607438564
115 0.00358021748252213
116 0.003847599495202303
117 0.0038554235361516476
118 0.0035072024911642075
119 0.0036788606084883213
120 0.00392011646181345
121 0.004266379401087761
122 0.004400097299367189
123 0.003998899832367897
124 0.003839257638901472
125 0.003839953802525997
126 0.00437246123328805
127 0.0038668494671583176
128 0.003586447797715664
129 0.0036374335177242756
130 0.0037678407970815897
131 0.0035796049050986767
132 0.003998266998678446
133 0.004263715818524361
134 0.003532195230945945
135 0.003827851265668869
136 0.00445107975974679
137 0.003613395383581519
138 0.0039176931604743
139 0.004271631129086018
140 0.0035027761477977037
141 0.0034431866370141506
142 0.0037566637620329857
143 0.003645801218226552
144 0.0034455929417163134
145 0.0044512394815683365
146 0.0038678492419421673
147 0.004033209756016731
148 0.004015245474874973
149 0.003782409243285656
150 0.004149945452809334
151 0.004384973552078009
152 0.003671183716505766
153 0.0036880134139209986
154 0.003799594007432461
155 0.003514279844239354
156 0.0039040769916027784
157 0.003397568129003048
158 0.004029847215861082
159 0.0038259956054389477
160 0.0036920879501849413
161 0.003912090323865414
162 0.004353060387074947
163 0.0034274919889867306
164 0.003902892116457224
165 0.004315769299864769
166 0.0038102229591459036
167 0.004112523980438709
168 0.004201666917651892
169 0.004145641345530748
170 0.0036801055539399385
171 0.0037349159829318523
172 0.003759548533707857
173 0.003625696524977684
174 0.0041654352098703384
175 0.0038218596018850803
176 0.004094413947314024
177 0.0038408145774155855
178 0.003432770259678364
179 0.003716651815921068
180 0.003958312328904867
181 0.004179846495389938
182 0.0041321502067148685
183 0.003959585912525654
184 0.003988004755228758
185 0.004287179093807936
186 0.003382324241101742
187 0.004022148437798023
188 0.004009214695543051
189 0.004168037325143814
190 0.0038035972975194454
191 0.0037203647661954165
192 0.0037592193111777306
193 0.003982446156442165
194 0.004016241990029812
195 0.0044407714158296585
196 0.004603005480021238
197 0.0039100185967981815
198 0.004101247061043978
199 0.00396413030102849
200 0.003856928087770939
201 0.003702424233779311
202 0.004242084454745054
203 0.0038410956040024757
204 0.003752358490601182
205 0.0037501424085348845
206 0.0038120062090456486
207 0.0036972875241190195
208 0.0038300047162920237
209 0.003938999492675066
210 0.0038808989338576794
211 0.003946258220821619
212 0.0037697020452469587
213 0.003807271830737591
214 0.004085253924131393
215 0.003894353751093149
216 0.00407160772010684
217 0.004000551532953978
218 0.003696093102917075
219 0.0038789664395153522
220 0.003861697157844901
221 0.004027135670185089
222 0.0038771852850914
223 0.004172209650278091
224 0.0033295059110969305
225 0.00387357035651803
226 0.00422712741419673
227 0.003884619101881981
228 0.004017944913357496
229 0.004412809852510691
230 0.003711446188390255
231 0.004182576201856136
232 0.003915844485163689
233 0.003925813362002373
234 0.0035589926410466433
235 0.0037045825738459826
236 0.003956236410886049
237 0.00405163923278451
238 0.0037321068812161684
239 0.004229019396007061
240 0.0039568678475916386
241 0.0037954295985400677
242 0.003957939334213734
243 0.003741065040230751
244 0.003920701332390308
245 0.003753574565052986
246 0.004206553101539612
247 0.004063205327838659
248 0.003990593366324902
249 0.003558084601536393
250 0.003368620527908206
251 0.0034743943251669407
252 0.0040434254333376884
253 0.0038889332208782434
254 0.004063843283802271
255 0.0036437108647078276
