0 0.003901199670508504
1 0.0034329132176935673
2 0.003817073768004775
3 0.003832550486549735
4 0.003879425348713994
5 0.004116010386496782
6 0.004098409786820412
7 0.0039148032665252686
8 0.004057361278682947
9 0.0035119049716740847
10 0.004136024508625269
11 0.003887311089783907
12 0.003760844934731722
13 0.004055737517774105
14 0.003937521018087864
15 0.003942079376429319
16 0.004000767599791288
17 0.003994924481958151
18 0.0038418681360781193
19 0.003815543605014682
20 0.004097639583051205
21 0.0043471683748066425
22 0.004000290762633085
23 0.0037511861883103848
24 0.0038588312454521656
25 0.0043079000897705555
26 0.004021192900836468
27 0.004022050648927689
28 0.004204033873975277
29 0.003941074945032597
30 0.004381360951811075
31 0.0038523694965988398
32 0.0037150837015360594
33 0.0037665064446628094
34 0.0035662022419273853
35 0.004132019355893135
36 0.004257559310644865
37 0.003738919971510768
38 0.004015229642391205
39 0.004168326500803232
40 0.004212528001517057
41 0.0033268954139202833
42 0.003946431912481785
43 0.0037868304643779993
44 0.003955619875341654
45 0.0038916717749089003
46 0.003986901603639126
47 0.004126475192606449
48 0.003999840002506971
49 0.003704636823385954
50 0.004143345635384321
51 0.0034611443988978863
52 0.0041044591926038265
53 0.003740443615242839
54 0.003944683354347944
55 0.004178909584879875
56 0.004016646184027195
57 0.003769281320273876
58 0.0037698124069720507
59 0.0037045388016849756
60 0.003926282748579979
61 0.004099512007087469
62 0.004284886177629232
63 0.0036755844485014677
64 0.0041495817713439465
65 0.0038832840509712696
66 0.004053075797855854
67 0.0038805531803518534
68 0.0038839399348944426
69 0.003901067888364196
70 0.004447684623301029
71 0.00411134772002697
72 0.003776523284614086
73 0.0036041096318513155
74 0.0038651388604193926
75 0.004087549168616533
76 0.004009738564491272
77 0.004007864277809858
78 0.0038714443799108267
79 0.0036412279587239027
80 0.0036616616416722536
81 0.003984848037362099
82 0.003896151203662157
83 0.0036362060345709324
84 0.004020401276648045
85 0.0036967056803405285
86 0.00384419783949852
87 0.003903689095750451
88 0.003685422008857131
89 0.003796207718551159
90 0.003959110472351313
91 0.003811128670349717
92 0.0039821513928473
93 0.004186925943940878
94 0.0037381474394351244
95 0.004032534547150135
96 0.00400079321116209
97 0.004020389635115862
98 0.0037008903454989195
99 0.00398649787530303
100 0.0038399940822273493
101 0.004048161208629608
102 0.003910002298653126
103 0.004088141024112701
104 0.003866992425173521
105 0.004123259335756302
106 0.003799538128077984
107 0.0043576499447226524
108 0.004202410578727722
109 0.0038572410121560097
110 0.004029219038784504
111 0.003901979187503457
112 0.003918326459825039
113 0.004147362895309925
114 0.003924645017832518
115 0.0038247692864388227
116 0.004115582909435034
117 0.003913301974534988
118 0.0037748515605926514
119 0.003752689342945814
120 0.0038498924113810062
121 0.004356007557362318
122 0.004452310036867857
123 0.003983987960964441
124 0.004069261718541384
125 0.003982214722782373
126 0.004287635907530785
127 0.003777893027290702
128 0.0035768249072134495
129 0.0037602935917675495
130 0.003890889696776867
131 0.0035204803571105003
132 0.0041617583483457565
133 0.003970992285758257
134 0.003876668168231845
135 0.0036905568558722734
136 0.0040179407224059105
137 0.00380926881916821
138 0.0038705829065293074
139 0.0037959320470690727
140 0.0036074400413781404
141 0.003723809262737632
142 0.003891653846949339
143 0.003934022970497608
144 0.003521237289533019
145 0.004225713200867176
146 0.0038803117349743843
147 0.003937929403036833
148 0.0038914387114346027
149 0.003854375798255205
150 0.004104178864508867
151 0.0039945608004927635
152 0.003549783257767558
153 0.003967459313571453
154 0.003855842864140868
155 0.0035833334550261497
156 0.00367583311162889
157 0.0038663973100483418
158 0.0038744837511330843
159 0.0036649189423769712
160 0.003698847023770213
161 0.0037135754246264696
162 0.0043144309893250465
163 0.0037772690411657095
164 0.003959100227802992
165 0.0038750055246055126
166 0.0038635069504380226
167 0.004020441323518753
168 0.004307233262807131
169 0.0037916493602097034
170 0.00397900165989995
171 0.0036960626021027565
172 0.0035851625725626945
173 0.0037105127703398466
174 0.003851476591080427
175 0.00397731876000762
176 0.004379855934530497
177 0.0038301527965813875
178 0.0034652340691536665
179 0.0035078406799584627
180 0.0038546614814549685
181 0.004127285443246365
182 0.0036897703539580107
183 0.003798093879595399
184 0.003991295117884874
185 0.004225492011755705
186 0.003671337617561221
187 0.0038693950045853853
188 0.0038128341548144817
189 0.0037995721213519573
190 0.003837566589936614
191 0.0035093866754323244
192 0.0039055312518030405
193 0.004050109069794416
194 0.0041840411722660065
195 0.004230082500725985
196 0.004144573118537664
197 0.003912660293281078
198 0.0038632526993751526
199 0.0036921161226928234
200 0.003717227838933468
201 0.0038688131608068943
202 0.0039557223208248615
203 0.003718283260241151
204 0.00350550445728004
205 0.0035935917403548956
206 0.003853514790534973
207 0.004161123186349869
208 0.0037240376695990562
209 0.004165045451372862
210 0.003569382708519697
211 0.004104519262909889
212 0.003660310758277774
213 0.003754293778911233
214 0.004249414894729853
215 0.004027103073894978
216 0.004026349633932114
217 0.004004630725830793
218 0.003949583508074284
219 0.003609203500673175
220 0.0040528192184865475
221 0.004066087771207094
222 0.0035814857110381126
223 0.0043548098765313625
224 0.0037474348209798336
225 0.003837347961962223
226 0.004040909465402365
227 0.0038108504377305508
228 0.00397618068382144
229 0.004120973404496908
230 0.0038008317351341248
231 0.004296686500310898
232 0.00400218740105629
233 0.0037257091607898474
234 0.003797058016061783
235 0.0038636846002191305
236 0.003995142877101898
237 0.003742286702618003
238 0.003843686543405056
239 0.0038724523037672043
240 0.003827041480690241
241 0.0038940669037401676
242 0.003736213780939579
243 0.0038867914117872715
244 0.0038157363887876272
245 0.00370666291564703
246 0.004166832659393549
247 0.0038018240593373775
248 0.004225908312946558
249 0.0037715572398155928
250 0.003644329961389303
251 0.003836049698293209
252 0.003952458966523409
253 0.0036262378562241793
254 0.003995862323790789
255 0.003636369714513421
