0 0.003777626436203718
1 0.003364487551152706
2 0.00385072804056108
3 0.0036936465185135603
4 0.004133576061576605
5 0.0040549905970692635
6 0.003949579317122698
7 0.004115440882742405
8 0.003909293096512556
9 0.0036216203588992357
10 0.0040313187055289745
11 0.00414750212803483
12 0.0037513496354222298
13 0.0037554875016212463
14 0.003787473775446415
15 0.003823348321020603
16 0.003980121575295925
17 0.003864467376843095
18 0.003774479730054736
19 0.003872003173455596
20 0.00418583070859313
21 0.004135121591389179
22 0.003900588722899556
23 0.003808808047324419
24 0.003903823671862483
25 0.004042874556034803
26 0.003941618371754885
27 0.004161854274570942
28 0.003999050240963697
29 0.003966443706303835
30 0.004125072620809078
31 0.003955562133342028
32 0.0035408632829785347
33 0.003723427187651396
34 0.00354805588722229
35 0.00397407915443182
36 0.0041760969907045364
37 0.0038395903538912535
38 0.0040376451797783375
39 0.004210872575640678
40 0.0041821785271167755
41 0.0035160125698894262
42 0.003719577332958579
43 0.003951541148126125
44 0.00397883914411068
45 0.004003036301583052
46 0.004238497465848923
47 0.004306483548134565
48 0.004179846961051226
49 0.003783022752031684
50 0.004031699150800705
51 0.0036259833723306656
52 0.004088467452675104
53 0.003808694425970316
54 0.004083664622157812
55 0.004098865203559399
56 0.004239853471517563
57 0.003789519192650914
58 0.003955627325922251
59 0.003984879702329636
60 0.003760227933526039
61 0.0040540690533816814
62 0.004017720464617014
63 0.0037517542950809
64 0.004132186062633991
65 0.0039010364562273026
66 0.0037973837461322546
67 0.003886852180585265
68 0.003892452223226428
69 0.004109952133148909
70 0.00429794704541564
71 0.0039605312049388885
72 0.003860916243866086
73 0.0037402836605906487
74 0.003873769659548998
75 0.004383591935038567
76 0.004062805324792862
77 0.003948620054870844
78 0.003847822779789567
79 0.003865564474835992
80 0.003696838393807411
81 0.004052265547215939
82 0.00375016569159925
83 0.0035928250290453434
84 0.003968129400163889
85 0.0038262680172920227
86 0.0038928345311433077
87 0.00382941123098135
88 0.003640981623902917
89 0.003886091522872448
90 0.003911090083420277
91 0.004113711882382631
92 0.0036069287452846766
93 0.004088233690708876
94 0.003731249598786235
95 0.003829944645985961
96 0.003724555252119899
97 0.004093162249773741
98 0.0037411386147141457
99 0.004026520065963268
100 0.004110618494451046
101 0.0041221692226827145
102 0.0037553790025413036
103 0.004157857038080692
104 0.0036783013492822647
105 0.004304954782128334
106 0.003700647968798876
107 0.004309669137001038
108 0.004003359470516443
109 0.003986143972724676
110 0.004214283544570208
111 0.0038579830434173346
112 0.003904431127011776
113 0.004276870284229517
114 0.003934979438781738
115 0.0038971651811152697
116 0.0038300950545817614
117 0.004167563281953335
118 0.0037140152417123318
119 0.0039036402013152838
120 0.004025446716696024
121 0.0041532982140779495
122 0.004257536493241787
123 0.0037429367657750845
124 0.004307660739868879
125 0.003908663988113403
126 0.0037882868200540543
127 0.0038686669431626797
128 0.003580827498808503
129 0.0036939175333827734
130 0.0035699019208550453
131 0.0036018001846969128
132 0.0040002078749239445
133 0.004205489531159401
134 0.003813148243352771
135 0.003654982428997755
136 0.0042281080968678
137 0.004008750896900892
138 0.0040987045504152775
139 0.0037809647619724274
140 0.003782019019126892
141 0.0034803582821041346
142 0.003944532014429569
143 0.0037602155935019255
144 0.0035242014564573765
145 0.004053659271448851
146 0.004005415365099907
147 0.0038508365396410227
148 0.003702194197103381
149 0.0039655487053096294
150 0.0038966890424489975
151 0.004007983021438122
152 0.0036239991895854473
153 0.0038734821137040854
154 0.0039308941923081875
155 0.0035451266448944807
156 0.0037132378201931715
157 0.0036474792286753654
158 0.003978230990469456
159 0.0037130224518477917
160 0.003730370430275798
161 0.003663870971649885
162 0.004359645769000053
163 0.0036553291138261557
164 0.0037685215938836336
165 0.003914753906428814
166 0.003998298663645983
167 0.0039051317144185305
168 0.00405443599447608
169 0.004139285534620285
170 0.0037232618778944016
171 0.003957584034651518
172 0.0037746711168438196
173 0.003665982512757182
174 0.003839310957118869
175 0.003865399630740285
176 0.0040860422886908054
177 0.0038157717790454626
178 0.0035388462711125612
179 0.003877854673191905
180 0.0038943132385611534
181 0.004213702864944935
182 0.00413774698972702
183 0.00405646488070488
184 0.004118586890399456
185 0.0040133181028068066
186 0.0036974765826016665
187 0.00397453410550952
188 0.003977078944444656
189 0.0038762541953474283
190 0.0039324574172496796
191 0.0036524375900626183
192 0.0038163773715496063
193 0.004076994024217129
194 0.0043061356991529465
195 0.004083628300577402
196 0.00413481704890728
197 0.0036951552610844374
198 0.003599630668759346
199 0.004094297531992197
200 0.0037860646843910217
201 0.0038226849865168333
202 0.00399980740621686
203 0.003663215786218643
204 0.0038823538925498724
205 0.003718386171385646
206 0.0037152424920350313
207 0.004034167621284723
208 0.004154061898589134
209 0.0040296283550560474
210 0.0036941422149538994
211 0.004059674218297005
212 0.003697239561006427
213 0.003994114696979523
214 0.004106152802705765
215 0.0038965768180787563
216 0.003988717216998339
217 0.003920032177120447
218 0.003983744420111179
219 0.0037604186218231916
220 0.00383572094142437
221 0.0041775181889534
222 0.0037478760350495577
223 0.00410490995272994
224 0.0040981280617415905
225 0.0037584996316581964
226 0.0038937111385166645
227 0.003599270014092326
228 0.003807543311268091
229 0.0040325140580534935
230 0.003958091139793396
231 0.004006676375865936
232 0.003879982279613614
233 0.0036084544844925404
234 0.003612094558775425
235 0.0035834726877510548
236 0.004103987477719784
237 0.003674238920211792
238 0.0038812265265733004
239 0.004148814827203751
240 0.0039094435051083565
241 0.00399439362809062
242 0.003903175238519907
243 0.003743173088878393
244 0.003929453901946545
245 0.003798323916271329
246 0.00434064632281661
247 0.003837617114186287
248 0.003940042573958635
249 0.0038366978988051414
250 0.003694946179166436
251 0.003641574177891016
252 0.003697202540934086
253 0.0038861334323883057
254 0.003796999342739582
255 0.0036767153069376945
