0 0.003917979076504707
1 0.0035156526137143373
2 0.0035619442351162434
3 0.004088378511369228
4 0.004372062627226114
5 0.003947299439460039
6 0.003932397346943617
7 0.004191684070974588
8 0.00410230690613389
9 0.003601637203246355
10 0.0041351523250341415
11 0.003787863301113248
12 0.003710102988407016
13 0.003612376283854246
14 0.0037927234079688787
15 0.003871045308187604
16 0.003839248325675726
17 0.003976005595177412
18 0.003900389652699232
19 0.003972550388425589
20 0.004032338969409466
21 0.004019539337605238
22 0.003991737961769104
23 0.003768167458474636
24 0.0037622149102389812
25 0.004029389005154371
26 0.003880094736814499
27 0.00403186772018671
28 0.003916835878044367
29 0.003920568153262138
30 0.004286297131329775
31 0.003870385931804776
32 0.003590836888179183
33 0.0034642964601516724
34 0.0037081758491694927
35 0.003887245198711753
36 0.004113440867513418
37 0.0037579815834760666
38 0.0039936937391757965
39 0.004163679666817188
40 0.0042456588707864285
41 0.003429200267419219
42 0.0037972808349877596
43 0.003911108244210482
44 0.003918775822967291
45 0.004033676348626614
46 0.004342756699770689
47 0.0041943080723285675
48 0.004120227415114641
49 0.0038938724901527166
50 0.00425512483343482
51 0.003769929287955165
52 0.003983785398304462
53 0.0037872442044317722
54 0.004014486912637949
55 0.003913585562258959
56 0.004584112204611301
57 0.0036084356252104044
58 0.004112496506422758
59 0.003807204309850931
60 0.0037330198101699352
61 0.0038556635845452547
62 0.004251803737133741
63 0.0037102592177689075
64 0.003895985893905163
65 0.0038984534330666065
66 0.0037507424131035805
67 0.0038511294405907393
68 0.003865668782964349
69 0.003865324193611741
70 0.004360383842140436
71 0.003811237867921591
72 0.0036174380220472813
73 0.003762215841561556
74 0.003806995926424861
75 0.004283718299120665
76 0.003977322019636631
77 0.0039244298823177814
78 0.003842543810606003
79 0.003591538406908512
80 0.003734476398676634
81 0.004094976931810379
82 0.0037541466299444437
83 0.003532944479957223
84 0.00417702179402113
85 0.003924919292330742
86 0.003839352400973439
87 0.0038277022540569305
88 0.003410468576475978
89 0.0037592530716210604
90 0.0038155787624418736
91 0.00427573686465621
92 0.0037047627847641706
93 0.00418391078710556
94 0.003825986059382558
95 0.003444360103458166
96 0.004041635897010565
97 0.004037302453070879
98 0.003668311983346939
99 0.004019890911877155
100 0.003651013597846031
101 0.003989867866039276
102 0.0037388622295111418
103 0.004262419417500496
104 0.0036253209691494703
105 0.004185293335467577
106 0.0037501738406717777
107 0.00450458750128746
108 0.004087555687874556
109 0.0039492710493505
110 0.003950941376388073
111 0.0038118306547403336
112 0.003764013759791851
113 0.004609330557286739
114 0.0039901770651340485
115 0.0038467387203127146
116 0.0036711769644171
117 0.0038987379521131516
118 0.003569559194147587
119 0.004104073159396648
120 0.004052949137985706
121 0.004254733212292194
122 0.004337997641414404
123 0.0038232821971178055
124 0.004146866500377655
125 0.004099613055586815
126 0.004246667493134737
127 0.003670539939776063
128 0.003501672064885497
129 0.003602750599384308
130 0.003609689185395837
131 0.0036560583394020796
132 0.0040209428407251835
133 0.004371273797005415
134 0.003877186682075262
135 0.003728780895471573
136 0.004422848112881184
137 0.00367157394066453
138 0.00380890560336411
139 0.0038705042097717524
140 0.003893487621098757
141 0.0035230431240051985
142 0.0038769287057220936
143 0.003997607156634331
144 0.0035747832152992487
145 0.004398483317345381
146 0.004042261280119419
147 0.004017164930701256
148 0.003870379412546754
149 0.0036822280380874872
150 0.004110222216695547
151 0.0042088949121534824
152 0.0034103323705494404
153 0.00382839678786695
154 0.0037203237880021334
155 0.0037949061952531338
156 0.003827266162261367
157 0.0036203365307301283
158 0.004064044449478388
159 0.003909206949174404
160 0.003789482405409217
161 0.0036215244326740503
162 0.004060732200741768
163 0.003601762466132641
164 0.0035049463622272015
165 0.003842235542833805
166 0.004405591171234846
167 0.003988114185631275
168 0.004302469547837973
169 0.004221936222165823
170 0.003812891198322177
171 0.0037289310712367296
172 0.0037804138846695423
173 0.0036539535503834486
174 0.0040511200204491615
175 0.004012849181890488
176 0.004081666935235262
177 0.003953692968934774
178 0.00349588505923748
179 0.0036963073071092367
180 0.003913483116775751
181 0.004254036583006382
182 0.004041948355734348
183 0.004149151965975761
184 0.004113681614398956
185 0.004091938026249409
186 0.0035852203145623207
187 0.0038264652248471975
188 0.003774023847654462
189 0.003885707352310419
190 0.00401165010407567
191 0.003730455180630088
192 0.004156294744461775
193 0.004231629893183708
194 0.004192774649709463
195 0.004340216517448425
196 0.0039884294383227825
197 0.003732232842594385
198 0.0036233870778232813
199 0.004023301415145397
200 0.0037290677428245544
201 0.003994396887719631
202 0.004048911388963461
203 0.0038073291070759296
204 0.00397268682718277
205 0.003644532524049282
206 0.003602199023589492
207 0.004272926598787308
208 0.0038583483546972275
209 0.004138905555009842
210 0.0037613629829138517
211 0.004230015445500612
212 0.003543734783306718
213 0.003776380093768239
214 0.003948618192225695
215 0.0036728917621076107
216 0.004098184872418642
217 0.004042289685457945
218 0.00396891450509429
219 0.003955369349569082
220 0.0037556025199592113
221 0.004047740250825882
222 0.0036207465454936028
223 0.0043919687159359455
224 0.0038836058229207993
225 0.003756155027076602
226 0.004040572792291641
227 0.004062955267727375
228 0.004116103518754244
229 0.004156778566539288
230 0.0038166018202900887
231 0.004011599346995354
232 0.003859791439026594
233 0.0035933249164372683
234 0.003562202211469412
235 0.003510155947878957
236 0.0041270931251347065
237 0.0038487359415739775
238 0.003665572265163064
239 0.00417643366381526
240 0.00402357941493392
241 0.003863659454509616
242 0.0038061977829784155
243 0.0036224881187081337
244 0.003889627754688263
245 0.0036178540904074907
246 0.003992085810750723
247 0.0039170836098492146
248 0.004081310238689184
249 0.0037068757228553295
250 0.003797123208642006
251 0.0035117005463689566
252 0.0037259163800626993
253 0.0037202953826636076
254 0.0039681075140833855
255 0.0038371854461729527
