0 0.004035300575196743
1 0.003620628034695983
2 0.0037549377884715796
3 0.003798737656325102
4 0.004207952879369259
5 0.003565386403352022
6 0.003867238061502576
7 0.004219404887408018
8 0.0041531287133693695
9 0.003647145116701722
10 0.004028111230581999
11 0.003521936247125268
12 0.0037641646340489388
13 0.003807163331657648
14 0.004148427397012711
15 0.004124889615923166
16 0.003911999985575676
17 0.003631526604294777
18 0.0038294915575534105
19 0.003919411916285753
20 0.0042501273564994335
21 0.00389773678034544
22 0.004118106793612242
23 0.0038521874230355024
24 0.003980665933340788
25 0.0038770611863583326
26 0.004121468402445316
27 0.0037668023724108934
28 0.003942504525184631
29 0.003765519242733717
30 0.0044244988821446896
31 0.003668523393571377
32 0.0036057885736227036
33 0.00343060283921659
34 0.003669319674372673
35 0.0037734813522547483
36 0.004120670258998871
37 0.003752371994778514
38 0.0040870183147490025
39 0.004160574171692133
40 0.004024922847747803
41 0.0036613100674003363
42 0.003950654063373804
43 0.0037194262258708477
44 0.004052763804793358
45 0.003968115895986557
46 0.004307099152356386
47 0.004223987460136414
48 0.0036859025713056326
49 0.0037937925662845373
50 0.003983506932854652
51 0.0034916915465146303
52 0.003783151973038912
53 0.004243534989655018
54 0.0036959063727408648
55 0.003933742642402649
56 0.003876957343891263
57 0.0037964056245982647
58 0.003789676818996668
59 0.003769824979826808
60 0.003730637487024069
61 0.0038250265643000603
62 0.004271046724170446
63 0.0038160437252372503
64 0.004069939721375704
65 0.003595544258132577
66 0.0037957022432237864
67 0.0038193834479898214
68 0.004001416731625795
69 0.004327204078435898
70 0.0042130909860134125
71 0.0036232667043805122
72 0.00390225718729198
73 0.003970426041632891
74 0.003873467678204179
75 0.004489773418754339
76 0.004143153317272663
77 0.003718622727319598
78 0.003819189267233014
79 0.00373503053560853
80 0.0038572936318814754
81 0.003810700960457325
82 0.004090720321983099
83 0.0036801034584641457
84 0.003953048959374428
85 0.0037843475583940744
86 0.003800942562520504
87 0.003747468115761876
88 0.0037163402885198593
89 0.004000346176326275
90 0.003948149271309376
91 0.0039772894233465195
92 0.004259516950696707
93 0.004217743407934904
94 0.0039028150495141745
95 0.0038600247353315353
96 0.004187996964901686
97 0.00435416866093874
98 0.00399706931784749
99 0.004227143246680498
100 0.0037145637907087803
101 0.004149983171373606
102 0.003573995316401124
103 0.004235867876559496
104 0.0035049610305577517
105 0.00421685166656971
106 0.003696809057146311
107 0.0044312747195363045
108 0.004353057127445936
109 0.003834742121398449
110 0.0039147320203483105
111 0.003971106838434935
112 0.003792161587625742
113 0.004302589688450098
114 0.0038875553291291
115 0.0037694876082241535
116 0.0038384420331567526
117 0.004041840322315693
118 0.0036018795799463987
119 0.004025267902761698
120 0.004181975498795509
121 0.004352918826043606
122 0.004477096721529961
123 0.00380872399546206
124 0.004201584029942751
125 0.004068986512720585
126 0.004296997562050819
127 0.003948327619582415
128 0.0035063251852989197
129 0.003704572096467018
130 0.003671345766633749
131 0.003672379069030285
132 0.0036749651189893484
133 0.004491392057389021
134 0.003613826120272279
135 0.003443738678470254
136 0.0041895778849720955
137 0.003961638081818819
138 0.004176100250333548
139 0.003930366598069668
140 0.0036101180594414473
141 0.003849233267828822
142 0.0037905953358858824
143 0.003404601477086544
144 0.0035797483287751675
145 0.004042711574584246
146 0.0037955159787088633
147 0.003955776337534189
148 0.0037520499899983406
149 0.0036783248651772738
150 0.004137510899454355
151 0.0041982680559158325
152 0.0037196464836597443
153 0.003738549305126071
154 0.0038440125063061714
155 0.0034594356548041105
156 0.0038534151390194893
157 0.0035221900325268507
158 0.003957286011427641
159 0.003734718542546034
160 0.0038133165799081326
161 0.003975499887019396
162 0.004155673552304506
163 0.0033556821290403605
164 0.0037403409369289875
165 0.0037898686714470387
166 0.004270212724804878
167 0.0037514071445912123
168 0.004165917634963989
169 0.004123031161725521
170 0.003633220447227359
171 0.003783795051276684
172 0.0035065009724348783
173 0.004062463995069265
174 0.004262217786163092
175 0.00404855003580451
176 0.004127672407776117
177 0.003687142161652446
178 0.003507904941216111
179 0.003844745457172394
180 0.003533531678840518
181 0.0044433861039578915
182 0.004232218489050865
183 0.0039025922305881977
184 0.003880329430103302
185 0.004109572619199753
186 0.0032413266599178314
187 0.0038081055972725153
188 0.0037958757020533085
189 0.0035825276281684637
190 0.004048478789627552
191 0.0038909532595425844
192 0.003969967365264893
193 0.0041261110454797745
194 0.003950289450585842
195 0.004364357329905033
196 0.004222159273922443
197 0.0035748330410569906
198 0.0038368047680705786
199 0.003801907179877162
200 0.0037055073771625757
201 0.004008821211755276
202 0.00397499930113554
203 0.003721941262483597
204 0.0039866091683506966
205 0.003719780594110489
206 0.0036939680576324463
207 0.0037875608541071415
208 0.004333944991230965
209 0.0039613074623048306
210 0.003835875540971756
211 0.004165732301771641
212 0.0034544121008366346
213 0.003872442990541458
214 0.003939538262784481
215 0.004150502383708954
216 0.0041352976113557816
217 0.00408943509683013
218 0.003659857902675867
219 0.003802419872954488
220 0.0036688067484647036
221 0.004183027893304825
222 0.0038459592033177614
223 0.004194240085780621
224 0.003996522631496191
225 0.0038628040347248316
226 0.0038220896385610104
227 0.00385859701782465
228 0.004186895210295916
229 0.004391045775264502
230 0.0035017551854252815
231 0.004166814964264631
232 0.003778221318498254
233 0.0037756972014904022
234 0.0036692547146230936
235 0.0036937471013516188
236 0.003925515804439783
237 0.004065489396452904
238 0.003651471808552742
239 0.004167668521404266
240 0.0040984745137393475
241 0.003963469993323088
242 0.0037302973214536905
243 0.0035542272962629795
244 0.0040533216670155525
245 0.0038411510176956654
246 0.004147161263972521
247 0.004361880477517843
248 0.0037856262642890215
249 0.003980306442826986
250 0.0036256187595427036
251 0.0035553877241909504
252 0.00399740831926465
253 0.003785131499171257
254 0.0038514486514031887
255 0.00380149413831532
