0 0.0041442746296525
1 0.003508312627673149
2 0.0038438476622104645
3 0.003815960604697466
4 0.004154564347118139
5 0.0039175935089588165
6 0.0041025853715837
7 0.003945436794310808
8 0.004308388102799654
9 0.003293379209935665
10 0.003914675209671259
11 0.003665600437670946
12 0.0037067767698317766
13 0.004045397508889437
14 0.004038086626678705
15 0.004029818810522556
16 0.003763349261134863
17 0.003772071795538068
18 0.0037964212242513895
19 0.004056750796735287
20 0.00417297100648284
21 0.004107082728296518
22 0.0038841241039335728
23 0.0037548223044723272
24 0.00393100269138813
25 0.0039506945759058
26 0.004185153171420097
27 0.004050374496728182
28 0.004088598769158125
29 0.003975988365709782
30 0.00430763466283679
31 0.00394911365583539
32 0.0038747270591557026
33 0.003561164252460003
34 0.003559536300599575
35 0.003859104122966528
36 0.0040936279110610485
37 0.0036044034641236067
38 0.0042162989266216755
39 0.004271463956683874
40 0.0041292267851531506
41 0.003423010930418968
42 0.003801885759457946
43 0.004075456410646439
44 0.003636046778410673
45 0.003845512866973877
46 0.004235026892274618
47 0.004113377537578344
48 0.003940548747777939
49 0.0038136064540594816
50 0.004069948103278875
51 0.003433037083595991
52 0.004072168376296759
53 0.003900622483342886
54 0.0036785437259823084
55 0.004211823455989361
56 0.003920862916857004
57 0.0037657972425222397
58 0.003725241869688034
59 0.003668820718303323
60 0.003623400814831257
61 0.003931373357772827
62 0.0042585874907672405
63 0.0038980243261903524
64 0.003894929075613618
65 0.00384867237880826
66 0.004133264534175396
67 0.0036721820943057537
68 0.0038147808518260717
69 0.004333027638494968
70 0.004340875893831253
71 0.0038414665032178164
72 0.003907313104718924
73 0.0037016840651631355
74 0.003709666430950165
75 0.004312156233936548
76 0.004146481864154339
77 0.003725000424310565
78 0.003973496612161398
79 0.004014556296169758
80 0.0037775016389787197
81 0.0039740148931741714
82 0.0038939642254263163
83 0.003632065374404192
84 0.0040770829655230045
85 0.003967466298490763
86 0.0036631517577916384
87 0.003924372140318155
88 0.0035369752440601587
89 0.003739702980965376
90 0.0041299550794065
91 0.004133123438805342
92 0.004001842346042395
93 0.004021826665848494
94 0.003794158808887005
95 0.0037100992631167173
96 0.004117976408451796
97 0.00441583339124918
98 0.003794505028054118
99 0.004191671498119831
100 0.003780398052185774
101 0.004185480996966362
102 0.0036788766738027334
103 0.00408836267888546
104 0.003727884264662862
105 0.004090949427336454
106 0.003746794769540429
107 0.004503289703279734
108 0.004370343405753374
109 0.004053402226418257
110 0.004023445304483175
111 0.003997352905571461
112 0.0037018642760813236
113 0.004388922825455666
114 0.003987419884651899
115 0.0036430649925023317
116 0.0038830938283354044
117 0.004140233155339956
118 0.003587127663195133
119 0.0037479957100003958
120 0.003994927275925875
121 0.004166802391409874
122 0.004441217053681612
123 0.0038896044716238976
124 0.004037796054035425
125 0.003966521937400103
126 0.004367929417639971
127 0.003933923318982124
128 0.0036972882226109505
129 0.003560519777238369
130 0.0036489516496658325
131 0.0036384451668709517
132 0.004071228206157684
133 0.004409788642078638
134 0.003819474019110203
135 0.0035953600890934467
136 0.004242803901433945
137 0.0037077777087688446
138 0.003882149001583457
139 0.003893805667757988
140 0.0038540989626199007
141 0.0036136996932327747
142 0.003959129564464092
143 0.003568346379324794
144 0.00362132559530437
145 0.004010798875242472
146 0.0038593534845858812
147 0.003917334601283073
148 0.004090818110853434
149 0.003781403647735715
150 0.004136994015425444
151 0.003942734096199274
152 0.0035166903398931026
153 0.0037296211812645197
154 0.003840085119009018
155 0.0036058956757187843
156 0.0039534601382911205
157 0.0035761178005486727
158 0.003851576941087842
159 0.0037724722642451525
160 0.0037449761293828487
161 0.0038578184321522713
162 0.004290415905416012
163 0.0037730045150965452
164 0.0038087829016149044
165 0.004003280308097601
166 0.0039725047536194324
167 0.0038965686690062284
168 0.004247661679983139
169 0.003972597885876894
170 0.003800309496000409
171 0.0039066132158041
172 0.0037291143089532852
173 0.0038200109265744686
174 0.0039378805086016655
175 0.003967353608459234
176 0.004351120907813311
177 0.0038092813920229673
178 0.0034237962681800127
179 0.0036392025649547577
180 0.0036273575387895107
181 0.004260027781128883
182 0.003914324101060629
183 0.003899506526067853
184 0.0040399255231022835
185 0.004172491375356913
186 0.0032948190346360207
187 0.003921186085790396
188 0.003966168966144323
189 0.0037644938565790653
190 0.0039538005366921425
191 0.003687618998810649
192 0.0036654630675911903
193 0.00409390963613987
194 0.004126271698623896
195 0.00431603379547596
196 0.00418785260990262
197 0.0035435929894447327
198 0.003960115369409323
199 0.0037394887767732143
200 0.0038684606552124023
201 0.0038003006484359503
202 0.003889735322445631
203 0.00382967758923769
204 0.003735841019079089
205 0.003763113636523485
206 0.0037039904855191708
207 0.0037800860591232777
208 0.004118273966014385
209 0.00401923805475235
210 0.0037302030250430107
211 0.004090459086000919
212 0.003854430513456464
213 0.00367174856364727
214 0.004035344813019037
215 0.004063945263624191
216 0.003940382041037083
217 0.0038895546458661556
218 0.003833949565887451
219 0.0035504659172147512
220 0.0038563902489840984
221 0.004194427747279406
222 0.0036300092469900846
223 0.004087856970727444
224 0.0037697639781981707
225 0.0037857419811189175
226 0.004164186306297779
227 0.0036337943747639656
228 0.004184924066066742
229 0.004085653927177191
230 0.0037020945455878973
231 0.004364163149148226
232 0.0037455959245562553
233 0.00352017511613667
234 0.003744745859876275
235 0.003716300241649151
236 0.004067061934620142
237 0.0037261717952787876
238 0.003579721786081791
239 0.004337097983807325
240 0.003903282806277275
241 0.0040089888498187065
242 0.003884771838784218
243 0.003868410363793373
244 0.0038744532503187656
245 0.0037857317365705967
246 0.004012725781649351
247 0.004202940501272678
248 0.003822031430900097
249 0.004038115963339806
250 0.0035958311054855585
251 0.0037227633874863386
252 0.004004734568297863
253 0.0037041648756712675
254 0.004026353359222412
255 0.003638350637629628
