0 0.003988604061305523
1 0.0034658201038837433
2 0.0037823060993105173
3 0.003923535346984863
4 0.004084144718945026
5 0.003830134868621826
6 0.004123074468225241
7 0.0038728704676032066
8 0.004093936178833246
9 0.0035712826065719128
10 0.004302134271711111
11 0.0036730251740664244
12 0.0036817945074290037
13 0.003895239671692252
14 0.0038248449563980103
15 0.0037370005156844854
16 0.004107127897441387
17 0.003959468565881252
18 0.003891638247296214
19 0.0039357650093734264
20 0.004084640182554722
21 0.004286321811378002
22 0.0041824025101959705
23 0.0037520613986998796
24 0.003903199452906847
25 0.004109617322683334
26 0.004202879965305328
27 0.003998606465756893
28 0.004148987587541342
29 0.0037570763379335403
30 0.004199078306555748
31 0.003802746767178178
32 0.0037820925936102867
33 0.003523731604218483
34 0.0036279645282775164
35 0.0038999689277261496
36 0.0043623740784823895
37 0.003767123445868492
38 0.003861615899950266
39 0.004150215536355972
40 0.00399482436478138
41 0.003280425211414695
42 0.0038737766444683075
43 0.003732901532202959
44 0.00400938093662262
45 0.00408951984718442
46 0.004022909328341484
47 0.004064693581312895
48 0.0037467002402991056
49 0.003771986346691847
50 0.00399117823690176
51 0.003592846682295203
52 0.004035796504467726
53 0.003710172837600112
54 0.0037130997516214848
55 0.004037981387227774
56 0.0039803823456168175
57 0.003779076971113682
58 0.003738447092473507
59 0.0037309403996914625
60 0.0036614981945604086
61 0.0040383185259997845
62 0.004222894553095102
63 0.0037390966899693012
64 0.003758131992071867
65 0.003751505631953478
66 0.0038749254308640957
67 0.00386693119071424
68 0.0038115044590085745
69 0.003936099819839001
70 0.004228529520332813
71 0.003973106853663921
72 0.003872552188113332
73 0.0039927116595208645
74 0.0038437512703239918
75 0.004318021237850189
76 0.004115583375096321
77 0.004062554333359003
78 0.0038412311114370823
79 0.0037058223970234394
80 0.003770733717828989
81 0.004098763223737478
82 0.004008529707789421
83 0.0036276637110859156
84 0.0042786505073308945
85 0.0039313556626439095
86 0.003943595569580793
87 0.0038979467935860157
88 0.003716496517881751
89 0.0037439106963574886
90 0.004135939758270979
91 0.004060534760355949
92 0.004214196000248194
93 0.00410848343744874
94 0.003796354867517948
95 0.0038144078571349382
96 0.00400498416274786
97 0.00409578625112772
98 0.003778411541134119
99 0.0039059058763086796
100 0.003832946065813303
101 0.004211971070617437
102 0.0038483028765767813
103 0.0040520173497498035
104 0.003871713299304247
105 0.004037561360746622
106 0.003700017696246505
107 0.00457049859687686
108 0.004214609507471323
109 0.003906291909515858
110 0.0038047386333346367
111 0.003715082537382841
112 0.0037184266839176416
113 0.004290734883397818
114 0.003930618055164814
115 0.0037915639113634825
116 0.004023589659482241
117 0.004020940978080034
118 0.0037872646935284138
119 0.0038340711034834385
120 0.004044419154524803
121 0.004221036564558744
122 0.004230364225804806
123 0.0037035797722637653
124 0.003915269859135151
125 0.0039484151639044285
126 0.004272597376257181
127 0.0036612646654248238
128 0.0037361839786171913
129 0.003568006679415703
130 0.0035869665443897247
131 0.0036377981305122375
132 0.004101390950381756
133 0.004240383394062519
134 0.0038208842743188143
135 0.0034208435099571943
136 0.0042734001763165
137 0.0038753817789256573
138 0.003860261756926775
139 0.0038753447588533163
140 0.0036377697251737118
141 0.003532188246026635
142 0.0037059402093291283
143 0.0038628464099019766
144 0.003599073737859726
145 0.004290910437703133
146 0.003910918720066547
147 0.003878634423017502
148 0.003824122715741396
149 0.0037739889230579138
150 0.00376745592802763
151 0.004076207987964153
152 0.0034721498377621174
153 0.003919957671314478
154 0.0039361827075481415
155 0.003516964614391327
156 0.0035542293917387724
157 0.003684875089675188
158 0.003910353407263756
159 0.003742731176316738
160 0.0035669393837451935
161 0.0037219536025077105
162 0.004449383821338415
163 0.00368556659668684
164 0.003777650883421302
165 0.003867609892040491
166 0.0038970874156802893
167 0.0037978505715727806
168 0.004256796091794968
169 0.0041009425185620785
170 0.0037574099842458963
171 0.003844744525849819
172 0.003689931472763419
173 0.003616168862208724
174 0.0040319194085896015
175 0.003914238419383764
176 0.004377249628305435
177 0.0038666953332722187
178 0.003638459602370858
179 0.003589504398405552
180 0.004052125383168459
181 0.004463946912437677
182 0.00398285873234272
183 0.003845843020826578
184 0.00396368745714426
185 0.004190981388092041
186 0.0037308416794985533
187 0.0039780959486961365
188 0.0038954620249569416
189 0.003991907462477684
190 0.00417866138741374
191 0.0036753325257450342
192 0.004044565837830305
193 0.0040952288545668125
194 0.004097795579582453
195 0.0040534366853535175
196 0.004071987699717283
197 0.003656639950349927
198 0.004156955052167177
199 0.00391652574762702
200 0.003603512654080987
201 0.0038332343101501465
202 0.0038708290085196495
203 0.0037985555827617645
204 0.003549559274688363
205 0.0037697660736739635
206 0.003777023172006011
207 0.003973015584051609
208 0.004001092631369829
209 0.003997710067778826
210 0.0035527965519577265
211 0.004131503868848085
212 0.0036972868256270885
213 0.003927305340766907
214 0.003929038532078266
215 0.004074506461620331
216 0.0039798421785235405
217 0.004354999400675297
218 0.0038068764843046665
219 0.003696336643770337
220 0.003961550537496805
221 0.004032098222523928
222 0.003766733454540372
223 0.004239625297486782
224 0.0035727708600461483
225 0.003977792803198099
226 0.004032384604215622
227 0.003849020227789879
228 0.004406509455293417
229 0.004111450631171465
230 0.00393654266372323
231 0.0042815119959414005
232 0.003941704053431749
233 0.003853913163766265
234 0.003839416429400444
235 0.0037657932844012976
236 0.003960071597248316
237 0.0037854700349271297
238 0.00375684117898345
239 0.003905258607119322
240 0.004100434016436338
241 0.003933232743293047
242 0.003852678230032325
243 0.003730646800249815
244 0.003934602718800306
245 0.003748815506696701
246 0.004147190134972334
247 0.0041533419862389565
248 0.003848228370770812
249 0.003997781779617071
250 0.003643068252131343
251 0.003629229264333844
252 0.004017994273453951
253 0.003578449133783579
254 0.0038822374772280455
255 0.0036646700464189053
