0 0.0040552993305027485
1 0.0036256175953894854
2 0.0037957308813929558
3 0.0039043191354721785
4 0.004193121567368507
5 0.003990101162344217
6 0.004007939714938402
7 0.00411079078912735
8 0.003930203150957823
9 0.0035625554155558348
10 0.0041798194870352745
11 0.0038509725127369165
12 0.0037630563601851463
13 0.0037806439213454723
14 0.0037928258534520864
15 0.0039956942200660706
16 0.00410335510969162
17 0.0038610121700912714
18 0.0038107980508357286
19 0.0038740343879908323
20 0.004195131361484528
21 0.0042502060532569885
22 0.004055476281791925
23 0.0036206042859703302
24 0.003788931993767619
25 0.003987486939877272
26 0.003973966930061579
27 0.004014463629573584
28 0.0040715704672038555
29 0.003725198796018958
30 0.004258831962943077
31 0.0036539873108267784
32 0.003761457512155175
33 0.003589050844311714
34 0.003649636870250106
35 0.00424178596585989
36 0.0041046906262636185
37 0.003886281978338957
38 0.003781673964112997
39 0.004157631658017635
40 0.004098338540643454
41 0.0033308265265077353
42 0.003989203367382288
43 0.003993254620581865
44 0.003663499839603901
45 0.003911621402949095
46 0.004333168733865023
47 0.004255188629031181
48 0.004007020965218544
49 0.003872882341966033
50 0.004228996578603983
51 0.0036416526418179274
52 0.0040433453395962715
53 0.0037111532874405384
54 0.004011271055787802
55 0.004070144146680832
56 0.003941280301660299
57 0.0035863204393535852
58 0.003828018670901656
59 0.0037445540074259043
60 0.003905616234987974
61 0.003939266782253981
62 0.004143669269979
63 0.0037360626738518476
64 0.004016063176095486
65 0.0037912591360509396
66 0.003936996683478355
67 0.003735292935743928
68 0.0037602882366627455
69 0.003983435686677694
70 0.004094310570508242
71 0.0038535266648977995
72 0.003928204532712698
73 0.003779789200052619
74 0.0038866542745381594
75 0.004138275049626827
76 0.0038453401066362858
77 0.0039460305124521255
78 0.0039533027447760105
79 0.0036614255513995886
80 0.0037870898377150297
81 0.0040814741514623165
82 0.0038032580632716417
83 0.003700454020872712
84 0.004141088109463453
85 0.0037919688038527966
86 0.003659926587715745
87 0.003917889669537544
88 0.0036286325193941593
89 0.0038016384933143854
90 0.004018321633338928
91 0.003917967900633812
92 0.0041710673831403255
93 0.003985817544162273
94 0.0036739117931574583
95 0.0038953993935137987
96 0.003927642945200205
97 0.0042006890289485455
98 0.003958227578550577
99 0.004041313659399748
100 0.003872090484946966
101 0.0039965747855603695
102 0.0038467259146273136
103 0.004229061305522919
104 0.003730482654646039
105 0.004253880586475134
106 0.0037782692816108465
107 0.004225830547511578
108 0.004289133008569479
109 0.0037946803495287895
110 0.0037404880858957767
111 0.00383782759308815
112 0.0038562496192753315
113 0.004162068944424391
114 0.0038715917617082596
115 0.003842152189463377
116 0.003950989339500666
117 0.003972397651523352
118 0.0036858960520476103
119 0.003920493647456169
120 0.003968122880905867
121 0.004008360207080841
122 0.004359758924692869
123 0.003926543053239584
124 0.004077042918652296
125 0.0037416298873722553
126 0.00433331448584795
127 0.003906363621354103
128 0.0035587833262979984
129 0.0037564244121313095
130 0.003845133353024721
131 0.0037124669179320335
132 0.003990535624325275
133 0.004019270185381174
134 0.00401916541159153
135 0.0035345973446965218
136 0.004225125536322594
137 0.00396246463060379
138 0.004072137642651796
139 0.0038054371252655983
140 0.0035388825926929712
141 0.0036725555546581745
142 0.0040361820720136166
143 0.003829931141808629
144 0.0034476416185498238
145 0.004141403362154961
146 0.003765764646232128
147 0.00395731208845973
148 0.0038096937350928783
149 0.003824337152764201
150 0.003856686409562826
151 0.004209181293845177
152 0.0038463647942990065
153 0.00399567186832428
154 0.003989183343946934
155 0.0035395442973822355
156 0.0037880477029830217
157 0.0038454639725387096
158 0.003788063768297434
159 0.003948284778743982
160 0.0036685727536678314
161 0.0037486618384718895
162 0.004144835285842419
163 0.0037107844837009907
164 0.004074727650731802
165 0.0037630365695804358
166 0.003995934035629034
167 0.004054815508425236
168 0.004212119150906801
169 0.004017143975943327
170 0.0037559152115136385
171 0.003934763837605715
172 0.003472680225968361
173 0.0037281911354511976
174 0.004037993028759956
175 0.004080281127244234
176 0.004308593925088644
177 0.003951130900532007
178 0.0034737838432192802
179 0.0035221485886722803
180 0.004021597560495138
181 0.004208019468933344
182 0.0038966836873441935
183 0.004039427265524864
184 0.003947931807488203
185 0.0040137493051588535
186 0.003571015316992998
187 0.003886913415044546
188 0.0037817347329109907
189 0.003817722201347351
190 0.003980033099651337
191 0.0037285403814166784
192 0.003918863832950592
193 0.003921512980014086
194 0.004054752178490162
195 0.004292184021323919
196 0.004184166435152292
197 0.0037575876340270042
198 0.003931143786758184
199 0.0037721882108598948
200 0.0037305448204278946
201 0.003773947013542056
202 0.004127922933548689
203 0.003631233936175704
204 0.003825596533715725
205 0.003623499069362879
206 0.0037838967982679605
207 0.004131878726184368
208 0.0038762215990573168
209 0.004076015669852495
210 0.0037205605767667294
211 0.004137276206165552
212 0.0037206478882580996
213 0.0037745607551187277
214 0.004025270231068134
215 0.003983663395047188
216 0.0041692680679261684
217 0.004213694017380476
218 0.004085923545062542
219 0.003653325606137514
220 0.003943499177694321
221 0.004075285978615284
222 0.0035596515517681837
223 0.00440647779032588
224 0.0038847229443490505
225 0.003930310718715191
226 0.003951553255319595
227 0.003794563701376319
228 0.004057370126247406
229 0.004253258928656578
230 0.003771926974877715
231 0.004128682427108288
232 0.003739180276170373
233 0.0035037717316299677
234 0.0038088327273726463
235 0.0037419339641928673
236 0.004165956284850836
237 0.0037312537897378206
238 0.003665548050776124
239 0.004031706135720015
240 0.0040842704474925995
241 0.003855395130813122
242 0.0038354098796844482
243 0.0037686903961002827
244 0.0036589729133993387
245 0.0036371159367263317
246 0.004187286365777254
247 0.004221058450639248
248 0.004009006079286337
249 0.003943958319723606
250 0.0037213461473584175
251 0.0036451462656259537
252 0.00378338061273098
253 0.0035911754239350557
254 0.003902400378137827
255 0.003697065869346261
