0 0.003869601059705019
1 0.003341489005833864
2 0.003747767535969615
3 0.003811049973592162
4 0.004102447535842657
5 0.004110241774469614
6 0.004070768132805824
7 0.003920845687389374
8 0.00427694758400321
9 0.003527549095451832
10 0.0038197047542780638
11 0.004020105116069317
12 0.003740744199603796
13 0.003932917024940252
14 0.0038880296051502228
15 0.00407346710562706
16 0.0038401251658797264
17 0.0037431525997817516
18 0.003971431404352188
19 0.00375649007037282
20 0.004204841330647469
21 0.004149592947214842
22 0.004163120407611132
23 0.003919491544365883
24 0.003984724171459675
25 0.0040451460517942905
26 0.0038663872983306646
27 0.004137516021728516
28 0.004077184479683638
29 0.003799169324338436
30 0.004155510570853949
31 0.0037256169598549604
32 0.0033838257659226656
33 0.0036580825690180063
34 0.003733395365998149
35 0.0039238459430634975
36 0.004080663435161114
37 0.003926901612430811
38 0.004125368781387806
39 0.004114806652069092
40 0.0040156664326786995
41 0.003372608218342066
42 0.004032561555504799
43 0.0039303600788116455
44 0.0040300628170371056
45 0.003872987348586321
46 0.004286028910428286
47 0.0040638139471411705
48 0.004098856821656227
49 0.0036751474253833294
50 0.00409571873024106
51 0.0036486051976680756
52 0.003915340173989534
53 0.003922955133020878
54 0.0037998787593096495
55 0.0041425712406635284
56 0.004305004142224789
57 0.003749269060790539
58 0.0038878992199897766
59 0.0035668909549713135
60 0.0036636057775467634
61 0.003986279014497995
62 0.004220318514853716
63 0.003684613388031721
64 0.004366295877844095
65 0.004037364851683378
66 0.003973717335611582
67 0.0038133328780531883
68 0.00401019211858511
69 0.003919410984963179
70 0.00421099504455924
71 0.003951042424887419
72 0.003770051524043083
73 0.0036607664078474045
74 0.0040429579094052315
75 0.004217099864035845
76 0.004008154850453138
77 0.004035989288240671
78 0.003700048429891467
79 0.003689575707539916
80 0.003682822221890092
81 0.0038872265722602606
82 0.003843070473521948
83 0.003592860884964466
84 0.0037822802551090717
85 0.00395923713222146
86 0.0037010246887803078
87 0.003910229541361332
88 0.003574840258806944
89 0.0037451544776558876
90 0.004001316614449024
91 0.0038542759139090776
92 0.003596298396587372
93 0.004311221186071634
94 0.0037711921613663435
95 0.0039046609308570623
96 0.00392779940739274
97 0.004190228879451752
98 0.0036529316566884518
99 0.004238528665155172
100 0.004011840093880892
101 0.004095743410289288
102 0.0039811814203858376
103 0.004453171044588089
104 0.003799326717853546
105 0.004329427145421505
106 0.0037645602133125067
107 0.004431125707924366
108 0.00427339319139719
109 0.003855585353448987
110 0.0042625293135643005
111 0.003773894626647234
112 0.003953894600272179
113 0.004400808364152908
114 0.004416418727487326
115 0.0038908349815756083
116 0.003997793421149254
117 0.004049854818731546
118 0.0037788101471960545
119 0.0036623927298933268
120 0.003878245363011956
121 0.004158906172960997
122 0.004408571403473616
123 0.00387886306270957
124 0.004172983579337597
125 0.0037407127674669027
126 0.004259754437953234
127 0.003762581618502736
128 0.003443628316745162
129 0.0036598292645066977
130 0.003791165305301547
131 0.0035554291680455208
132 0.0038015074096620083
133 0.004006874747574329
134 0.0038435531314462423
135 0.0037199065554887056
136 0.004112927243113518
137 0.0036808857694268227
138 0.004067506641149521
139 0.0037759870756417513
140 0.003821450751274824
141 0.0035922210663557053
142 0.003693215548992157
143 0.0037295897491276264
144 0.003596200607717037
145 0.004037508275359869
146 0.0038928836584091187
147 0.003987532574683428
148 0.0038417442701756954
149 0.0039049112237989902
150 0.004174818750470877
151 0.003919802140444517
152 0.0035058811772614717
153 0.003771828720346093
154 0.00377677078358829
155 0.0034698836971074343
156 0.003797544166445732
157 0.003804328152909875
158 0.003956480883061886
159 0.003436048747971654
160 0.003729170421138406
161 0.0037878057919442654
162 0.004486802965402603
163 0.003494726028293371
164 0.0037355029489845037
165 0.0037830688524991274
166 0.004027104936540127
167 0.004094928503036499
168 0.004183243028819561
169 0.003943080082535744
170 0.003812431124970317
171 0.003886845661327243
172 0.003428203519433737
173 0.003857159987092018
174 0.0040457830764353275
175 0.0038608636241406202
176 0.004107323009520769
177 0.003929047845304012
178 0.0035651796497404575
179 0.003651079023256898
180 0.003614800749346614
181 0.004195619374513626
182 0.004008568823337555
183 0.004042667802423239
184 0.004254399333149195
185 0.004151490516960621
186 0.0035331291146576405
187 0.00384107930585742
188 0.0038391631096601486
189 0.003880902426317334
190 0.003978575114160776
191 0.003706439398229122
192 0.0038427000399678946
193 0.003990118857473135
194 0.004321396816521883
195 0.0039483001455664635
196 0.004413722548633814
197 0.003743617096915841
198 0.003658987581729889
199 0.0038270822260528803
200 0.004004906862974167
201 0.0037654011975973845
202 0.004066983703523874
203 0.004013977013528347
204 0.0039029305335134268
205 0.0035135981161147356
206 0.003746424801647663
207 0.004133771173655987
208 0.0038092718459665775
209 0.003955123480409384
210 0.0037178993225097656
211 0.004076396115124226
212 0.003534877672791481
213 0.0037456220015883446
214 0.004116253927350044
215 0.004153679125010967
216 0.004297212697565556
217 0.004092550836503506
218 0.0038020717911422253
219 0.0035988581366837025
220 0.003631448606029153
221 0.004379494581371546
222 0.0037839387077838182
223 0.004223647993057966
224 0.003771645948290825
225 0.00383175490424037
226 0.003897674148902297
227 0.003742992877960205
228 0.00403220672160387
229 0.004359641578048468
230 0.0038325712084770203
231 0.004248099401593208
232 0.0037988347467035055
233 0.0035116057842969894
234 0.003821366000920534
235 0.0038496307097375393
236 0.00417086947709322
237 0.003783664433285594
238 0.003773423144593835
239 0.004063830710947514
240 0.003898833179846406
241 0.003723397385329008
242 0.003996969200670719
243 0.003855265211313963
244 0.0037290339823812246
245 0.0037523109931498766
246 0.004168306011706591
247 0.00415972713381052
248 0.0041547734290361404
249 0.003713943064212799
250 0.003622558433562517
251 0.0036388367880135775
252 0.003875227179378271
253 0.00367921800352633
254 0.003818805329501629
255 0.003600221825763583
