0 0.003932164516299963
1 0.003263836493715644
2 0.0037442988250404596
3 0.00398307666182518
4 0.004387245047837496
5 0.003698905697092414
6 0.004287285730242729
7 0.0043040681630373
8 0.004145658574998379
9 0.0035504037514328957
10 0.004349399823695421
11 0.003890090622007847
12 0.0036242969799786806
13 0.0038973253685981035
14 0.0038065931294113398
15 0.0038156923837959766
16 0.003816889366135001
17 0.004019222687929869
18 0.003879333147779107
19 0.003894832683727145
20 0.0042630648240447044
21 0.003876280505210161
22 0.0039497376419603825
23 0.0036395948845893145
24 0.003823721082881093
25 0.004068351350724697
26 0.0038126022554934025
27 0.0040975697338581085
28 0.003893880872055888
29 0.004155760630965233
30 0.004204084165394306
31 0.003774483921006322
32 0.003802560269832611
33 0.0036975438706576824
34 0.0034064867068082094
35 0.0038346152286976576
36 0.004358544480055571
37 0.0036185476928949356
38 0.0040223123505711555
39 0.003967212047427893
40 0.004088102374225855
41 0.003471958450973034
42 0.003757690079510212
43 0.004034243989735842
44 0.003985212184488773
45 0.003849069820716977
46 0.004060910549014807
47 0.004492975305765867
48 0.0040619513019919395
49 0.0038090860471129417
50 0.0041222660802304745
51 0.003535439493134618
52 0.004051638301461935
53 0.003629672806710005
54 0.003966044634580612
55 0.0041904449462890625
56 0.004234686493873596
57 0.0036735411267727613
58 0.004000902641564608
59 0.0037787144538015127
60 0.0035066462587565184
61 0.004174906760454178
62 0.004323642235249281
63 0.0037341515999287367
64 0.00395697308704257
65 0.003847082844004035
66 0.003936631139367819
67 0.003729154821485281
68 0.003827052190899849
69 0.0038786004297435284
70 0.004311936441808939
71 0.003897000104188919
72 0.003790654242038727
73 0.003893783316016197
74 0.003772175870835781
75 0.004262181930243969
76 0.003913958091288805
77 0.003857006784528494
78 0.00393203878775239
79 0.003951328806579113
80 0.003716671373695135
81 0.0041111125610768795
82 0.003729503368958831
83 0.0034848933573812246
84 0.0039457473903894424
85 0.0038803815841674805
86 0.0038858107291162014
87 0.003739915555343032
88 0.0034833233803510666
89 0.0035832426510751247
90 0.00401989184319973
91 0.0038056557532399893
92 0.00373190944083035
93 0.004205258563160896
94 0.0039381226524710655
95 0.0038032529409974813
96 0.003924689255654812
97 0.004006643779575825
98 0.003610719693824649
99 0.004273992497473955
100 0.004212720785290003
101 0.00404444569721818
102 0.0036743618547916412
103 0.004148518200963736
104 0.003933282103389502
105 0.0041986857540905476
106 0.0039078122936189175
107 0.004571499302983284
108 0.004115134943276644
109 0.004044117871671915
110 0.004110913258045912
111 0.0038768756203353405
112 0.003570219036191702
113 0.00404721824452281
114 0.0040627517737448215
115 0.003877629991620779
116 0.003965407144278288
117 0.0038653637748211622
118 0.003448272356763482
119 0.0039006450679153204
120 0.003917889669537544
121 0.004117635544389486
122 0.004507036413997412
123 0.0038494858890771866
124 0.004209692589938641
125 0.0040083699859678745
126 0.0041433777660131454
127 0.003880405332893133
128 0.003654254600405693
129 0.003528636647388339
130 0.0035178326070308685
131 0.0036764934193342924
132 0.00399677362293005
133 0.004075884819030762
134 0.003962497692555189
135 0.003616089466959238
136 0.004391350783407688
137 0.0038734881673008204
138 0.0038521005772054195
139 0.003990426193922758
140 0.003866738872602582
141 0.0033162159379571676
142 0.004065126180648804
143 0.0039699203334748745
144 0.003697937587276101
145 0.004040170460939407
146 0.004038998857140541
147 0.0036821584217250347
148 0.0038854265585541725
149 0.0039141420274972916
150 0.003956909757107496
151 0.004069192335009575
152 0.0034871494863182306
153 0.00392060074955225
154 0.003634548280388117
155 0.003653754713013768
156 0.0038606778252869844
157 0.003356577130034566
158 0.003961985930800438
159 0.003552112728357315
160 0.003880309173837304
161 0.0036286881659179926
162 0.004335945472121239
163 0.003566556144505739
164 0.00350400572642684
165 0.004096770193427801
166 0.004008292220532894
167 0.0039851306937634945
168 0.004024154506623745
169 0.00409706262871623
170 0.003841572906821966
171 0.0039014159701764584
172 0.0037564707454293966
173 0.0037134969606995583
174 0.004013792145997286
175 0.0038530100136995316
176 0.004359262529760599
177 0.0038972049951553345
178 0.0037455700803548098
179 0.0039054141379892826
180 0.0038060140796005726
181 0.004282292444258928
182 0.004138586577028036
183 0.0039956048130989075
184 0.003958687651902437
185 0.004027883056551218
186 0.003593148197978735
187 0.003926528617739677
188 0.003957228269428015
189 0.003987752366811037
190 0.003902331693097949
191 0.0038805846124887466
192 0.0037299077957868576
193 0.003889532992616296
194 0.00391260115429759
195 0.004145518410950899
196 0.0042160628363490105
197 0.0035709417425096035
198 0.003892073640599847
199 0.003958737011998892
200 0.003843373619019985
201 0.0038885287940502167
202 0.0039754463359713554
203 0.004089796915650368
204 0.0038988590240478516
205 0.0039400141686201096
206 0.003988942131400108
207 0.003998176660388708
208 0.004012890625745058
209 0.004111552145332098
210 0.0033988787326961756
211 0.0037941397167742252
212 0.003770459908992052
213 0.0037200350780040026
214 0.004015680868178606
215 0.0038049707654863596
216 0.003768674563616514
217 0.0036712689325213432
218 0.0038585886359214783
219 0.0038510242011398077
220 0.0038138965610414743
221 0.004054669756442308
222 0.00382475508376956
223 0.004121801350265741
224 0.003759857965633273
225 0.003817868186160922
226 0.004265683703124523
227 0.0037238430231809616
228 0.004040717612951994
229 0.004246869124472141
230 0.003867405466735363
231 0.0042598494328558445
232 0.004044201225042343
233 0.003576097311452031
234 0.003766856389120221
235 0.0037751568015664816
236 0.00390043668448925
237 0.003655883949249983
238 0.003584611928090453
239 0.004025773610919714
240 0.003930354956537485
241 0.003950692713260651
242 0.004043221473693848
243 0.0037650284357368946
244 0.004160660784691572
245 0.003637372050434351
246 0.004281932488083839
247 0.003991108853369951
248 0.003972724080085754
249 0.003857060568407178
250 0.003924491349607706
251 0.003729982068762183
252 0.003738538594916463
253 0.0037873960100114346
254 0.003967312164604664
255 0.0038427275139838457
