0 0.003776207799091935
1 0.00344295147806406
2 0.0037210420705378056
3 0.0036397220101207495
4 0.004347246140241623
5 0.003729497315362096
6 0.004053106531500816
7 0.004013080149888992
8 0.004020583815872669
9 0.0036172913387417793
10 0.004094375297427177
11 0.003971227444708347
12 0.0036614839918911457
13 0.0041768355295062065
14 0.00391649454832077
15 0.004073857795447111
16 0.004242418333888054
17 0.003703213529661298
18 0.0037311245687305927
19 0.0038509019650518894
20 0.003948132041841745
21 0.004304983653128147
22 0.0037284111604094505
23 0.003750446019694209
24 0.003937914967536926
25 0.004177122842520475
26 0.003958427347242832
27 0.00396262900903821
28 0.004191592801362276
29 0.003997901454567909
30 0.0040540555492043495
31 0.0038275972474366426
32 0.0035969840828329325
33 0.0035724209155887365
34 0.00358208897523582
35 0.0039031952619552612
36 0.0040856520645320415
37 0.0037126801908016205
38 0.004175103735178709
39 0.0042609223164618015
40 0.004073297139257193
41 0.003414265578612685
42 0.003613424487411976
43 0.003977562300860882
44 0.0038821345660835505
45 0.004189434461295605
46 0.004299928434193134
47 0.004326141905039549
48 0.004250382538884878
49 0.003879914991557598
50 0.0039507239125669
51 0.003455450525507331
52 0.003985719755291939
53 0.004109472036361694
54 0.00388700095936656
55 0.004130842164158821
56 0.004273952916264534
57 0.0038909721188247204
58 0.0038533485494554043
59 0.00360873993486166
60 0.0036099483259022236
61 0.004032746888697147
62 0.004256085492670536
63 0.003792582545429468
64 0.003879132680594921
65 0.003818582510575652
66 0.0039784568361938
67 0.003829729277640581
68 0.003824095008894801
69 0.0040595256723463535
70 0.004408129490911961
71 0.0042222472839057446
72 0.003962737042456865
73 0.0037734920624643564
74 0.0038469925057142973
75 0.004481252748519182
76 0.004053089302033186
77 0.0039034925866872072
78 0.003953907173126936
79 0.00400551175698638
80 0.0036766293924301863
81 0.003970586694777012
82 0.003939890302717686
83 0.0036749732680618763
84 0.0037982244975864887
85 0.0036315498873591423
86 0.0038514945190399885
87 0.003928186371922493
88 0.0035289237275719643
89 0.0038861194625496864
90 0.003959453199058771
91 0.003849550150334835
92 0.0038221492432057858
93 0.004355533514171839
94 0.003880327334627509
95 0.0038145543076097965
96 0.003940206952393055
97 0.0041883704252541065
98 0.00365849700756371
99 0.004139448516070843
100 0.0041859946213662624
101 0.004142616875469685
102 0.0035452782176434994
103 0.004220867063850164
104 0.0037860057782381773
105 0.004244697745889425
106 0.0036269789561629295
107 0.004394259303808212
108 0.004133826587349176
109 0.003786111483350396
110 0.00429703202098608
111 0.004005680326372385
112 0.0034938626922667027
113 0.004287611693143845
114 0.003934814594686031
115 0.003871314460411668
116 0.003907938487827778
117 0.00423438660800457
118 0.0038534710183739662
119 0.004017494153231382
120 0.004092601593583822
121 0.004464820493012667
122 0.004652052652090788
123 0.003937005531042814
124 0.004226410761475563
125 0.004027189686894417
126 0.004109385889023542
127 0.0037021294701844454
128 0.0036400335375219584
129 0.0037435374688357115
130 0.003697901265695691
131 0.0036875337827950716
132 0.003803747473284602
133 0.004088911693543196
134 0.0037028605584055185
135 0.003631696803495288
136 0.004282732959836721
137 0.0037942291237413883
138 0.003995197359472513
139 0.0039695450104773045
140 0.003645531600341201
141 0.003438785206526518
142 0.0037515275180339813
143 0.0036326150875538588
144 0.003305054036900401
145 0.0041451179422438145
146 0.003858300158753991
147 0.003802774241194129
148 0.0038017372135072947
149 0.003860506461933255
150 0.00388359185308218
151 0.004088283516466618
152 0.0036463455762714148
153 0.0037216604687273502
154 0.0037337744142860174
155 0.003700667293742299
156 0.004031570162624121
157 0.0037822311278432608
158 0.003989053890109062
159 0.003885868703946471
160 0.0037442271132022142
161 0.0037421523593366146
162 0.004262786824256182
163 0.0036468501202762127
164 0.003844797145575285
165 0.003999304957687855
166 0.00393435126170516
167 0.0038439808413386345
168 0.004165078047662973
169 0.00412879278883338
170 0.003828039625659585
171 0.0038686294574290514
172 0.0037671178579330444
173 0.003766519483178854
174 0.003816442796960473
175 0.0037390757352113724
176 0.004295938648283482
177 0.003795514814555645
178 0.0035367398522794247
179 0.003820819314569235
180 0.003971773199737072
181 0.004260973073542118
182 0.0038441363722085953
183 0.0040820082649588585
184 0.003976143430918455
185 0.004137785639613867
186 0.003526571672409773
187 0.0037224343977868557
188 0.004008210729807615
189 0.0037855426780879498
190 0.003757544094696641
191 0.0037864299956709146
192 0.003674429841339588
193 0.004088759887963533
194 0.0044071003794670105
195 0.00421125628054142
196 0.004313812591135502
197 0.003680531634017825
198 0.0037929187528789043
199 0.0038420783821493387
200 0.0037785074673593044
201 0.0037303664721548557
202 0.004050948191434145
203 0.0037661180831491947
204 0.003868413856253028
205 0.0037863366305828094
206 0.0038500705268234015
207 0.0040161446668207645
208 0.004142248537391424
209 0.003920522518455982
210 0.0039028222672641277
211 0.004038687329739332
212 0.00354464421980083
213 0.004037465900182724
214 0.0041947984136641026
215 0.003997590392827988
216 0.003951496444642544
217 0.003884234931319952
218 0.003726384835317731
219 0.003613394917920232
220 0.003847748041152954
221 0.004108039662241936
222 0.003541089128702879
223 0.004012344870716333
224 0.003857065923511982
225 0.0037934447173029184
226 0.003994818311184645
227 0.0036242727655917406
228 0.0038978480733931065
229 0.004099351819604635
230 0.0037553277797997
231 0.004274873994290829
232 0.003679063403978944
233 0.0038920666556805372
234 0.0036257151514291763
235 0.0035491548478603363
236 0.0039012886118143797
237 0.003640096401795745
238 0.0037783861625939608
239 0.0040230415761470795
240 0.0037487868685275316
241 0.003989162389189005
242 0.0037839089054614305
243 0.0037470394745469093
244 0.003793506883084774
245 0.0036459786351770163
246 0.004352312069386244
247 0.003983996342867613
248 0.003918122965842485
249 0.0037967353127896786
250 0.0036684218794107437
251 0.0035882582888007164
252 0.0038967784494161606
253 0.0035992467310279608
254 0.004127227235585451
255 0.0035719082225114107
