0 0.003995190840214491
1 0.0033119111321866512
2 0.0038001129869371653
3 0.003804605221375823
4 0.004165547899901867
5 0.004151543136686087
6 0.0039095282554626465
7 0.004187637008726597
8 0.004163426347076893
9 0.003426621202379465
10 0.004107351880520582
11 0.003974405582994223
12 0.0035846857354044914
13 0.00383544759824872
14 0.0037771309725940228
15 0.004074030555784702
16 0.003978641238063574
17 0.0036334418691694736
18 0.003664004150778055
19 0.003993171267211437
20 0.003941078204661608
21 0.004312995821237564
22 0.004027255345135927
23 0.0037620477378368378
24 0.004040872678160667
25 0.004052458796650171
26 0.004022077191621065
27 0.003854685928672552
28 0.0040543293580412865
29 0.004028282593935728
30 0.004236417356878519
31 0.003975967410951853
32 0.0036291026044636965
33 0.0036023776046931744
34 0.0034239806700497866
35 0.0039843302220106125
36 0.004091399256139994
37 0.003659256035462022
38 0.004143212456256151
39 0.004353552591055632
40 0.0041204895824193954
41 0.0034107468090951443
42 0.0037733749486505985
43 0.0038374834693968296
44 0.0037601145450025797
45 0.0037930121179670095
46 0.00414503738284111
47 0.004330344032496214
48 0.004055009689182043
49 0.0038007989060133696
50 0.003945262171328068
51 0.003496442688629031
52 0.0041824327781796455
53 0.003887457074597478
54 0.0037226227577775717
55 0.0040492890402674675
56 0.003995305858552456
57 0.004115017596632242
58 0.003931151703000069
59 0.003826174885034561
60 0.003830479923635721
61 0.003900382900610566
62 0.00412017572671175
63 0.004031991120427847
64 0.004033664707094431
65 0.0037635506596416235
66 0.0038638983387500048
67 0.003897611051797867
68 0.0037803868763148785
69 0.004246328957378864
70 0.004263979848474264
71 0.004064370412379503
72 0.0041018589399755
73 0.003829097142443061
74 0.0038990408647805452
75 0.00443351361900568
76 0.00421986635774374
77 0.003935657907277346
78 0.0036767737474292517
79 0.003935427404940128
80 0.0036428046878427267
81 0.004022136330604553
82 0.003956667147576809
83 0.0037627818528562784
84 0.0038778935559093952
85 0.003551510162651539
86 0.0038958594668656588
87 0.0039152540266513824
88 0.00356655172072351
89 0.003664508694782853
90 0.0040485733188688755
91 0.003708586795255542
92 0.003873675363138318
93 0.004029153846204281
94 0.0038366715889424086
95 0.0038258302956819534
96 0.004048285540193319
97 0.00427583884447813
98 0.003739464096724987
99 0.0041160243563354015
100 0.003902667900547385
101 0.004128099884837866
102 0.0035114965867251158
103 0.004157853312790394
104 0.003988207317888737
105 0.004066416993737221
106 0.0037339015398174524
107 0.004404744599014521
108 0.004199721850454807
109 0.003996122628450394
110 0.0041833254508674145
111 0.0039458442479372025
112 0.0039705755189061165
113 0.0040559349581599236
114 0.004034491255879402
115 0.003816356649622321
116 0.003904836717993021
117 0.004057066049426794
118 0.00397042091935873
119 0.003979797009378672
120 0.004116196185350418
121 0.0041594295762479305
122 0.0042928121984004974
123 0.0038296408019959927
124 0.004153643734753132
125 0.004061526618897915
126 0.004201017785817385
127 0.0039033854845911264
128 0.003550343681126833
129 0.003746259957551956
130 0.0037680352106690407
131 0.003779895370826125
132 0.003800528822466731
133 0.004180081654340029
134 0.00399037217721343
135 0.0036220289766788483
136 0.004178621806204319
137 0.0039534480310976505
138 0.004224947188049555
139 0.00390716502442956
140 0.003724189242348075
141 0.003662207629531622
142 0.003953614737838507
143 0.003441160311922431
144 0.003350673010572791
145 0.003833785653114319
146 0.0036434477660804987
147 0.0038186823949217796
148 0.004021805711090565
149 0.003878570394590497
150 0.003935580141842365
151 0.004055213648825884
152 0.003758926410228014
153 0.003744913265109062
154 0.0038100117817521095
155 0.0035269998479634523
156 0.004067626316100359
157 0.003841556143015623
158 0.0039027296006679535
159 0.0037170718424022198
160 0.0037569443229585886
161 0.003912962973117828
162 0.004283208400011063
163 0.0037430264055728912
164 0.0038361125625669956
165 0.0039890725165605545
166 0.00405753031373024
167 0.0038126162253320217
168 0.004264905117452145
169 0.003989492077380419
170 0.0038617460522800684
171 0.003823445877060294
172 0.0036413543857634068
173 0.003742421744391322
174 0.004029897972941399
175 0.003841938218101859
176 0.0041764467023313046
177 0.0036996938288211823
178 0.003392054932191968
179 0.0037612474989145994
180 0.0037692885380238295
181 0.004243351519107819
182 0.004022493027150631
183 0.0037799992132931948
184 0.003994151018559933
185 0.004090779460966587
186 0.003689751960337162
187 0.0037260479293763638
188 0.004039871506392956
189 0.003782987594604492
190 0.003995732869952917
191 0.0038597946986556053
192 0.003608154598623514
193 0.0039353882893919945
194 0.004267900250852108
195 0.004194103647023439
196 0.004344663582742214
197 0.003795975586399436
198 0.0039034252986311913
199 0.003978031687438488
200 0.0035769452806562185
201 0.0038779822643846273
202 0.0038770169485360384
203 0.0038324042689055204
204 0.003757322672754526
205 0.0036147304344922304
206 0.003575701266527176
207 0.004015655256807804
208 0.004033940378576517
209 0.00395198492333293
210 0.003689031582325697
211 0.0041307914070785046
212 0.0035484391264617443
213 0.0039306520484387875
214 0.003929175436496735
215 0.004328855779021978
216 0.004100030288100243
217 0.004055671393871307
218 0.0037185989785939455
219 0.003639989998191595
220 0.003984833601862192
221 0.003920798655599356
222 0.003607523860409856
223 0.004203632939606905
224 0.0036507395561784506
225 0.003724698442965746
226 0.004141571931540966
227 0.003724176436662674
228 0.003920631483197212
229 0.003984320443123579
230 0.003676162101328373
231 0.004140443168580532
232 0.0037502306513488293
233 0.0038238964043557644
234 0.0034437791910022497
235 0.003741797525435686
236 0.004138934891670942
237 0.003593690460547805
238 0.003702598623931408
239 0.0039395177736878395
240 0.0039343805983662605
241 0.004026827868074179
242 0.003651251085102558
243 0.003884849138557911
244 0.0038115503266453743
245 0.0040753502398729324
246 0.0041641672141849995
247 0.003980871289968491
248 0.003988646902143955
249 0.003933584783226252
250 0.003632551757618785
251 0.003668467979878187
252 0.003868845524266362
253 0.0035603963769972324
254 0.0041540684178471565
255 0.003813407616689801
