0 0.0040179165080189705
1 0.003597926814109087
2 0.0036936718970537186
3 0.004024275112897158
4 0.00424985121935606
5 0.0038592908531427383
6 0.004057723097503185
7 0.004036963451653719
8 0.004090727772563696
9 0.0036427017766982317
10 0.004120311234146357
11 0.003951606340706348
12 0.0036684516817331314
13 0.0038451356813311577
14 0.003685962874442339
15 0.0038906794507056475
16 0.00393000990152359
17 0.003781405743211508
18 0.003860043128952384
19 0.00421187374740839
20 0.004028737545013428
21 0.004236992914229631
22 0.00403114827349782
23 0.003663739189505577
24 0.003766497364267707
25 0.004102783743292093
26 0.004013057332485914
27 0.0038511347956955433
28 0.004116649739444256
29 0.0038317020516842604
30 0.004087284207344055
31 0.0039293537847697735
32 0.003650412429124117
33 0.003633214393630624
34 0.0036888853646814823
35 0.004208456724882126
36 0.004108718130737543
37 0.0035905195400118828
38 0.0038074308540672064
39 0.004306558053940535
40 0.004071254748851061
41 0.0032812163699418306
42 0.0038797901943325996
43 0.0037352859508246183
44 0.003920756746083498
45 0.0037451365496963263
46 0.004230181220918894
47 0.004150657914578915
48 0.004078670870512724
49 0.003629653248935938
50 0.004206385929137468
51 0.0036273186560720205
52 0.004022466484457254
53 0.0037568118423223495
54 0.003879521507769823
55 0.00424306420609355
56 0.004101641476154327
57 0.0035869330167770386
58 0.003708359319716692
59 0.003956797067075968
60 0.0038926389534026384
61 0.00369245745241642
62 0.0041257767006754875
63 0.00381665863096714
64 0.0038804507348686457
65 0.0035983039997518063
66 0.0038151489570736885
67 0.0038979542441666126
68 0.00406656414270401
69 0.003936270251870155
70 0.004205266945064068
71 0.004018687643110752
72 0.003958848305046558
73 0.0035516005009412766
74 0.004053637385368347
75 0.004177156835794449
76 0.003974385093897581
77 0.004028249066323042
78 0.0038492046296596527
79 0.003655818058177829
80 0.0038256379775702953
81 0.004197976086288691
82 0.0039366669952869415
83 0.0039032525382936
84 0.00405259570106864
85 0.0037911981344223022
86 0.0037430468946695328
87 0.003911483567208052
88 0.003677994478493929
89 0.003671562997624278
90 0.004076727200299501
91 0.003753385040909052
92 0.0040520052425563335
93 0.004273874685168266
94 0.0037675972562283278
95 0.0038928822614252567
96 0.0038274687249213457
97 0.004252564162015915
98 0.0037874008994549513
99 0.004030181095004082
100 0.00395040912553668
101 0.004082079511135817
102 0.00368742854334414
103 0.003933538217097521
104 0.003823290579020977
105 0.004143124911934137
106 0.003789290087297559
107 0.004372069612145424
108 0.00428789434954524
109 0.003880223026499152
110 0.003827908542007208
111 0.003849714295938611
112 0.0037317778915166855
113 0.004262711852788925
114 0.0037413386162370443
115 0.0038147971499711275
116 0.0039009558968245983
117 0.004000716842710972
118 0.0037383753806352615
119 0.003919926472008228
120 0.003958051558583975
121 0.003956962842494249
122 0.004323074594140053
123 0.0039099096320569515
124 0.003985243383795023
125 0.0039961994625627995
126 0.004267058335244656
127 0.00396666070446372
128 0.0037054952699691057
129 0.0038387528620660305
130 0.0038830426055938005
131 0.00376020441763103
132 0.0038351649418473244
133 0.004308296833187342
134 0.003957473672926426
135 0.0035373931750655174
136 0.004319905769079924
137 0.00382243818603456
138 0.004194727633148432
139 0.004144961945712566
140 0.0037846118211746216
141 0.0035848577972501516
142 0.003897484391927719
143 0.0038751347456127405
144 0.0036787933204323053
145 0.004080723039805889
146 0.004091092851012945
147 0.003981920890510082
148 0.003832076210528612
149 0.0037978547625243664
150 0.003936501685529947
151 0.0043019745498895645
152 0.0036015782970935106
153 0.003911125939339399
154 0.003972245380282402
155 0.0037024705670773983
156 0.0036468971520662308
157 0.003582895966246724
158 0.004145786166191101
159 0.0038006093818694353
160 0.003808677429333329
161 0.0035257688723504543
162 0.0041594067588448524
163 0.0037054261192679405
164 0.003846965031698346
165 0.0038502190727740526
166 0.004152367357164621
167 0.003922553267329931
168 0.004236435052007437
169 0.004118350334465504
170 0.0037441770546138287
171 0.003670894540846348
172 0.0036768370773643255
173 0.0037512180861085653
174 0.004018492065370083
175 0.003921563737094402
176 0.004104006104171276
177 0.0037028237711638212
178 0.0035245632752776146
179 0.003609969513490796
180 0.0038196081295609474
181 0.004375261254608631
182 0.003932036459445953
183 0.004002053756266832
184 0.003944671247154474
185 0.004304053727537394
186 0.0037901701871305704
187 0.0038729591760784388
188 0.0039442735724151134
189 0.003845292143523693
190 0.004043478984385729
191 0.0036545905750244856
192 0.0038512670435011387
193 0.003908201120793819
194 0.00401418237015605
195 0.004208918195217848
196 0.003946938551962376
197 0.0037118333857506514
198 0.0038565725553780794
199 0.003833840135484934
200 0.00380537542514503
201 0.003707027528434992
202 0.003858786541968584
203 0.0037600635550916195
204 0.003658328205347061
205 0.003768771653994918
206 0.003772413358092308
207 0.0038422346115112305
208 0.003944280091673136
209 0.0040471660904586315
210 0.0037172739394009113
211 0.00410127779468894
212 0.0036732794251292944
213 0.0038858361076563597
214 0.0040176622569561005
215 0.0041635166853666306
216 0.004115371033549309
217 0.004131710156798363
218 0.003982835449278355
219 0.003793042851611972
220 0.003909470047801733
221 0.0038669861387461424
222 0.0036792235914617777
223 0.004204319790005684
224 0.0039261626079678535
225 0.0037217698991298676
226 0.003921303898096085
227 0.0041076852940022945
228 0.004113426897674799
229 0.004107264336198568
230 0.0038903597742319107
231 0.00411062641069293
232 0.004022892564535141
233 0.003768845461308956
234 0.003661619732156396
235 0.0038475936744362116
236 0.003954172134399414
237 0.0038232714869081974
238 0.003713317448273301
239 0.00410608621314168
240 0.0040372745133936405
241 0.003803930012509227
242 0.004001067019999027
243 0.0035758092999458313
244 0.0037750666961073875
245 0.0037163912784308195
246 0.004035257734358311
247 0.003954328130930662
248 0.0038245627656579018
249 0.003965848591178656
250 0.003935506101697683
251 0.003628613194450736
252 0.003794822609052062
253 0.003543855855241418
254 0.0038232053630053997
255 0.003553405636921525
