0 0.004045022185891867
1 0.003443529363721609
2 0.0037715965881943703
3 0.0039033391512930393
4 0.004108538385480642
5 0.00412357971072197
6 0.004203354008495808
7 0.00404412392526865
8 0.004157350864261389
9 0.0036752992309629917
10 0.004075437318533659
11 0.003825506428256631
12 0.003717825748026371
13 0.003844010643661022
14 0.0038492169696837664
15 0.00389712187461555
16 0.0038405107334256172
17 0.0038764008786529303
18 0.003721750108525157
19 0.0038222591392695904
20 0.003957992885261774
21 0.0041867876425385475
22 0.004057108424603939
23 0.0038486786652356386
24 0.004090466536581516
25 0.004115435294806957
26 0.004001711495220661
27 0.003938211593776941
28 0.004017035011202097
29 0.003949160221964121
30 0.004249363671988249
31 0.003974147140979767
32 0.0037183123640716076
33 0.003562021069228649
34 0.0036855784710496664
35 0.003886446123942733
36 0.004058226477354765
37 0.0038595786318182945
38 0.004020446911454201
39 0.00424997741356492
40 0.004233318846672773
41 0.003314442466944456
42 0.003998483065515757
43 0.0038737861905246973
44 0.0038147028535604477
45 0.003821915714070201
46 0.004241793882101774
47 0.0043744188733398914
48 0.004102583043277264
49 0.003841823199763894
50 0.004229935817420483
51 0.0036666831001639366
52 0.0040022688917815685
53 0.0037992363795638084
54 0.003687195247039199
55 0.004198682494461536
56 0.004157721530646086
57 0.0039175329729914665
58 0.0039014725480228662
59 0.003769568633288145
60 0.003724187845364213
61 0.004127930849790573
62 0.004033240955322981
63 0.00390430586412549
64 0.004013180732727051
65 0.0038208833429962397
66 0.003884718054905534
67 0.0039048728067427874
68 0.004048145841807127
69 0.0040198564529418945
70 0.004114823881536722
71 0.0037689809687435627
72 0.003980728331953287
73 0.004138255957514048
74 0.0038576291408389807
75 0.004202323965728283
76 0.004286968614906073
77 0.003905436024069786
78 0.003902659984305501
79 0.0037853007670491934
80 0.0037808821070939302
81 0.003928042016923428
82 0.0038793962448835373
83 0.003583999117836356
84 0.003931433893740177
85 0.0036490815691649914
86 0.0039045773446559906
87 0.004135022405534983
88 0.0036660043988376856
89 0.0037372533697634935
90 0.0038500281516462564
91 0.003913579974323511
92 0.0039102681912481785
93 0.0041135079227387905
94 0.0037104561924934387
95 0.0038715277332812548
96 0.003934449516236782
97 0.0038789238315075636
98 0.003746633417904377
99 0.004044181201606989
100 0.0038253425154834986
101 0.004227028228342533
102 0.0037393628153949976
103 0.004211170133203268
104 0.0038395782466977835
105 0.004196091089397669
106 0.003774616401642561
107 0.004615020472556353
108 0.004121263045817614
109 0.0037144313100725412
110 0.004195223096758127
111 0.003901759395375848
112 0.0038366701919585466
113 0.004161260090768337
114 0.0040397667326033115
115 0.0037068931851536036
116 0.003971822559833527
117 0.0038912734016776085
118 0.0036831817124038935
119 0.003870866261422634
120 0.004121442325413227
121 0.004172183107584715
122 0.004128927364945412
123 0.0037952058482915163
124 0.003984988667070866
125 0.003748716088011861
126 0.004135520663112402
127 0.003919657319784164
128 0.0036758759524673223
129 0.0036412759218364954
130 0.0037831279914826155
131 0.003686838084831834
132 0.003874637419357896
133 0.004210582468658686
134 0.0038589444011449814
135 0.003692830679938197
136 0.004391619004309177
137 0.00380102195776999
138 0.004118638578802347
139 0.0038988881278783083
140 0.0034724494908005
141 0.0037609960418194532
142 0.003717640182003379
143 0.0037071360275149345
144 0.0035758784506469965
145 0.003858997253701091
146 0.0037674533668905497
147 0.003851712914183736
148 0.0037850344087928534
149 0.003826622851192951
150 0.003992782905697823
151 0.0042543257586658
152 0.003721694927662611
153 0.003803205443546176
154 0.0038971679750829935
155 0.0035649852361530066
156 0.003798513673245907
157 0.003823838196694851
158 0.004044380504637957
159 0.0036518226843327284
160 0.0037180797662585974
161 0.004025879316031933
162 0.004314436111599207
163 0.003611043794080615
164 0.003928688820451498
165 0.0037725644651800394
166 0.004041523206979036
167 0.0038712192326784134
168 0.004105297848582268
169 0.004053579643368721
170 0.0038075547199696302
171 0.003818902652710676
172 0.003715055761858821
173 0.0036031000781804323
174 0.004010198172181845
175 0.003868119092658162
176 0.004322780761867762
177 0.0038940731901675463
178 0.0036312630400061607
179 0.0036915431264787912
180 0.0038907574489712715
181 0.004020713735371828
182 0.003924990072846413
183 0.003975412808358669
184 0.004141298588365316
185 0.004085784312337637
186 0.0038001402281224728
187 0.0038270296063274145
188 0.004067122936248779
189 0.0038231636863201857
190 0.0036969271022826433
191 0.0037552856374531984
192 0.0037976594176143408
193 0.003909851890057325
194 0.004212341737002134
195 0.004051992669701576
196 0.004423485603183508
197 0.003771817544475198
198 0.0038577637169510126
199 0.003897469025105238
200 0.003641255432739854
201 0.0038618934340775013
202 0.0037421120796352625
203 0.0036831246688961983
204 0.0036813165061175823
205 0.0035399203188717365
206 0.0036674048751592636
207 0.0039491611532866955
208 0.00392934400588274
209 0.003843695390969515
210 0.0038294794503599405
211 0.004079554229974747
212 0.0036193521227687597
213 0.00393242621794343
214 0.0038999521639198065
215 0.004024391528218985
216 0.004162922967225313
217 0.004054659511893988
218 0.0038274102844297886
219 0.0036297072656452656
220 0.004054763354361057
221 0.0038351465482264757
222 0.0035828568506985903
223 0.004097646567970514
224 0.0035801976919174194
225 0.0039528049528598785
226 0.004082174971699715
227 0.0035472698509693146
228 0.004108167719095945
229 0.004115657415241003
230 0.0039741224609315395
231 0.004055368714034557
232 0.0038880270440131426
233 0.0037563827354460955
234 0.003653225488960743
235 0.0038627446629107
236 0.003997554071247578
237 0.0039503248408436775
238 0.0037919748574495316
239 0.004063114523887634
240 0.003961978945881128
241 0.004102472681552172
242 0.0037936405278742313
243 0.0036551037337630987
244 0.003936956636607647
245 0.00375993805937469
246 0.004087511450052261
247 0.004033742938190699
248 0.004069627728313208
249 0.0038781019393354654
250 0.0035183080472052097
251 0.0036049191839993
252 0.003913629800081253
253 0.003662759903818369
254 0.003985887859016657
255 0.0037970473058521748
