0 0.003693502163514495
1 0.003266657004132867
2 0.004051391035318375
3 0.0038464642129838467
4 0.004437942057847977
5 0.004008427262306213
6 0.004106304608285427
7 0.004035111516714096
8 0.004046339076012373
9 0.003696571569889784
10 0.0039958949200809
11 0.003922907169908285
12 0.003798177232965827
13 0.00382601679302752
14 0.003890644060447812
15 0.0039751301519572735
16 0.0038629844784736633
17 0.0037399271968752146
18 0.003703054040670395
19 0.0038871937431395054
20 0.004251869861036539
21 0.004090908914804459
22 0.004079488571733236
23 0.003801425453275442
24 0.0038746376521885395
25 0.004052873235195875
26 0.0040573119185864925
27 0.003887440077960491
28 0.0042183492332696915
29 0.0039215730503201485
30 0.004246369004249573
31 0.003681505797430873
32 0.0036833693739026785
33 0.0037228818982839584
34 0.003891008673235774
35 0.003981893882155418
36 0.003959938418120146
37 0.004089623689651489
38 0.00421189097687602
39 0.004183787386864424
40 0.00406617671251297
41 0.0034962331410497427
42 0.0038636692333966494
43 0.0036186121869832277
44 0.003870931454002857
45 0.003936335910111666
46 0.00435326062142849
47 0.0041156853549182415
48 0.004070335533469915
49 0.003644474083557725
50 0.003944287076592445
51 0.0037452164106070995
52 0.003922470845282078
53 0.0038962766993790865
54 0.0036981506273150444
55 0.003993178717792034
56 0.004037224687635899
57 0.0037465724162757397
58 0.004005372524261475
59 0.003747678129002452
60 0.0037221733946353197
61 0.004114279989153147
62 0.004094058182090521
63 0.003644784679636359
64 0.004021742846816778
65 0.0039050369523465633
66 0.0040644328109920025
67 0.0035428935661911964
68 0.003760846797376871
69 0.004354667849838734
70 0.0041620684787631035
71 0.003971906378865242
72 0.0039492156356573105
73 0.003641157178208232
74 0.003972399979829788
75 0.004398503806442022
76 0.004076512064784765
77 0.0036644909996539354
78 0.0037659688387066126
79 0.003993642516434193
80 0.003698625136166811
81 0.004012360703200102
82 0.0035975142382085323
83 0.00363871525041759
84 0.004004030022770166
85 0.0038792071864008904
86 0.003561621531844139
87 0.0040036397986114025
88 0.003612694563344121
89 0.0036070856731384993
90 0.003957054112106562
91 0.004052354022860527
92 0.004050309769809246
93 0.004339421167969704
94 0.0037341518327593803
95 0.003815414384007454
96 0.003862143261358142
97 0.004218520596623421
98 0.0038706609047949314
99 0.0039010262116789818
100 0.004005919210612774
101 0.004150629974901676
102 0.003708807984367013
103 0.0040899706073105335
104 0.003699688473716378
105 0.004323338158428669
106 0.00387576618231833
107 0.004055704455822706
108 0.004261388443410397
109 0.0037615979090332985
110 0.004152011126279831
111 0.0041237338446080685
112 0.00374974450096488
113 0.0044434391893446445
114 0.0041738771833479404
115 0.003966988995671272
116 0.00377681665122509
117 0.0040253521874547005
118 0.003884805366396904
119 0.00396354915574193
120 0.003870195709168911
121 0.003993468824774027
122 0.004520426969975233
123 0.003942894283682108
124 0.00409826310351491
125 0.0038060068618506193
126 0.004114655312150717
127 0.003863266436383128
128 0.003522637765854597
129 0.0037866977509111166
130 0.0038389377295970917
131 0.0034116660244762897
132 0.003932299558073282
133 0.004206586163491011
134 0.003758220234885812
135 0.0037360363639891148
136 0.004444489721208811
137 0.0038028680719435215
138 0.003994803875684738
139 0.0038236258551478386
140 0.003558629658073187
141 0.003499520244076848
142 0.003870605258271098
143 0.0036814077757298946
144 0.0033890933264046907
145 0.004262502770870924
146 0.0038954117335379124
147 0.004182398319244385
148 0.0036683864891529083
149 0.00367349642328918
150 0.003867365187034011
151 0.004115044604986906
152 0.0037030517123639584
153 0.0041819242760539055
154 0.0037682345137000084
155 0.0037321769632399082
156 0.003821442136541009
157 0.0037438273429870605
158 0.004034655634313822
159 0.003834628965705633
160 0.0036908357869833708
161 0.003793288953602314
162 0.004205632023513317
163 0.00369320809841156
164 0.004026913549751043
165 0.003928168211132288
166 0.003974666818976402
167 0.004091933835297823
168 0.0040134526789188385
169 0.003994792699813843
170 0.0037255745846778154
171 0.0038070064038038254
172 0.0036203009076416492
173 0.0035142283886671066
174 0.003838342847302556
175 0.003934153821319342
176 0.004138623829931021
177 0.00379186007194221
178 0.003516292665153742
179 0.004065895453095436
180 0.0037523035425692797
181 0.004236034117639065
182 0.003823530627414584
183 0.003953699953854084
184 0.0038059966173022985
185 0.003952833823859692
186 0.003359478199854493
187 0.003928469028323889
188 0.004223258700221777
189 0.00383010134100914
190 0.0037846635095775127
191 0.0037845156621187925
192 0.003677129978314042
193 0.003819242585450411
194 0.004191075451672077
195 0.004133791662752628
196 0.004216321744024754
197 0.0037887662183493376
198 0.003928760066628456
199 0.004063018597662449
200 0.003712060395628214
201 0.003831797745078802
202 0.0040903957560658455
203 0.0040234774351119995
204 0.003980847075581551
205 0.0037959006149321795
206 0.003746163100004196
207 0.003955384250730276
208 0.004175086040049791
209 0.003779233433306217
210 0.003774091601371765
211 0.0037959390319883823
212 0.003647478297352791
213 0.0037662526592612267
214 0.004029434639960527
215 0.004044949542731047
216 0.003943220246583223
217 0.0038661810103803873
218 0.0039714546874165535
219 0.0038301930762827396
220 0.003893525805324316
221 0.003961241338402033
222 0.0037297443486750126
223 0.003962598741054535
224 0.004082570318132639
225 0.003730823053047061
226 0.004138447809964418
227 0.00379248708486557
228 0.0038724776823073626
229 0.004158164840191603
230 0.003614508779719472
231 0.004035304766148329
232 0.0037397968117147684
233 0.003727942006662488
234 0.003697731299325824
235 0.003789127804338932
236 0.004260621499270201
237 0.003765557426959276
238 0.003647531382739544
239 0.004337985534220934
240 0.004020329564809799
241 0.004009877797216177
242 0.0039494214579463005
243 0.0035822512581944466
244 0.003856751136481762
245 0.0038822575006633997
246 0.00422158557921648
247 0.004246564116328955
248 0.003972845152020454
249 0.0036424489226192236
250 0.003724614391103387
251 0.0036115976981818676
252 0.003754171309992671
253 0.0038568051531910896
254 0.0038533026818186045
255 0.0036660281475633383
