0 0.003979705274105072
1 0.0034438339062035084
2 0.003894706955179572
3 0.004049990326166153
4 0.0039599197916686535
5 0.0037079479079693556
6 0.004073264077305794
7 0.003996588289737701
8 0.004056497011333704
9 0.003541582962498069
10 0.004228739999234676
11 0.0037235510535538197
12 0.0037438571453094482
13 0.003724676789715886
14 0.0038068098947405815
15 0.004027071408927441
16 0.0039809104055166245
17 0.003906558733433485
18 0.0038894517347216606
19 0.003983708564192057
20 0.004091951996088028
21 0.004287975374609232
22 0.003972986713051796
23 0.0035966397263109684
24 0.004019695334136486
25 0.004040505271404982
26 0.004169650375843048
27 0.003963227849453688
28 0.004177444148808718
29 0.003971675410866737
30 0.0043613542802631855
31 0.004054768476635218
32 0.003718879772350192
33 0.0037411986850202084
34 0.0034855257254093885
35 0.0038667158223688602
36 0.003984007518738508
37 0.0036488589830696583
38 0.003934024833142757
39 0.003928440622985363
40 0.003937169909477234
41 0.003435394959524274
42 0.003880476811900735
43 0.0036886432208120823
44 0.003918931353837252
45 0.003969716373831034
46 0.004079221282154322
47 0.0041749910451471806
48 0.003952561412006617
49 0.0037536807358264923
50 0.0040857819840312
51 0.003410924458876252
52 0.004091206472367048
53 0.003818440018221736
54 0.0036635296419262886
55 0.004011507611721754
56 0.003913712687790394
57 0.003802670631557703
58 0.0037862828467041254
59 0.0039157988503575325
60 0.0038225208409130573
61 0.004099205136299133
62 0.004272837657481432
63 0.003868075553327799
64 0.0038976813666522503
65 0.003747674636542797
66 0.0038178618997335434
67 0.004066531080752611
68 0.00379054993391037
69 0.00414619967341423
70 0.004125786479562521
71 0.003950228914618492
72 0.0040744817815721035
73 0.0037271766923367977
74 0.00397347379475832
75 0.004337942693382502
76 0.003931799437850714
77 0.004199974238872528
78 0.003936099354177713
79 0.0037259189411997795
80 0.0037727071903645992
81 0.004040251486003399
82 0.003846451872959733
83 0.0038350322283804417
84 0.0041381665505468845
85 0.0036987296771258116
86 0.003847892628982663
87 0.0038042450323700905
88 0.003661262569949031
89 0.0037456087302416563
90 0.004155009053647518
91 0.003914723172783852
92 0.004105255473405123
93 0.004094884730875492
94 0.0037897347938269377
95 0.003748953342437744
96 0.004133307840675116
97 0.004088325425982475
98 0.0037186925765126944
99 0.003954753279685974
100 0.003861313918605447
101 0.0040992917492985725
102 0.003569082822650671
103 0.00417626928538084
104 0.0037158674094825983
105 0.004158189054578543
106 0.0039475117810070515
107 0.004540066234767437
108 0.004176042508333921
109 0.003958811052143574
110 0.003921012859791517
111 0.003888193517923355
112 0.003924263175576925
113 0.004264915362000465
114 0.0038955078925937414
115 0.0037514229770749807
116 0.004064666107296944
117 0.003754334058612585
118 0.0036842122208327055
119 0.003933260682970285
120 0.003919161390513182
121 0.004144558683037758
122 0.004311971832066774
123 0.0036652605049312115
124 0.004176458343863487
125 0.003960225265473127
126 0.0041812509298324585
127 0.003845104482024908
128 0.003724676324054599
129 0.0036702179349958897
130 0.003596936585381627
131 0.00375859416089952
132 0.003974016290158033
133 0.00421832175925374
134 0.003832336748018861
135 0.003626573830842972
136 0.00421367771923542
137 0.003857977222651243
138 0.004059089347720146
139 0.0038937709759920835
140 0.003695075400173664
141 0.0035034241154789925
142 0.0040357173420488834
143 0.0038081358652561903
144 0.0033747516572475433
145 0.004027043003588915
146 0.004013815429061651
147 0.0038734436966478825
148 0.0038201722782105207
149 0.003964669536799192
150 0.004005360882729292
151 0.00398287596181035
152 0.0037164881359785795
153 0.003896972630172968
154 0.0038114453200250864
155 0.003698960179463029
156 0.003713439218699932
157 0.003656514221802354
158 0.003961352165788412
159 0.0036884555593132973
160 0.003563924692571163
161 0.0037184657994657755
162 0.004115936812013388
163 0.0035790735855698586
164 0.0037996782921254635
165 0.003969979472458363
166 0.003956408705562353
167 0.0038152241613715887
168 0.004178627859801054
169 0.004155413713306189
170 0.003722741035744548
171 0.0038212796207517385
172 0.0037274956703186035
173 0.0038836728781461716
174 0.004123188555240631
175 0.004171430133283138
176 0.004336345009505749
177 0.003850828157737851
178 0.0035828023683279753
179 0.003616773523390293
180 0.0037938517052680254
181 0.0043983845971524715
182 0.004024494905024767
183 0.0038050070870667696
184 0.0038235413376241922
185 0.004310245625674725
186 0.003579954616725445
187 0.0037331480998545885
188 0.004013235680758953
189 0.0038863136433064938
190 0.004118497017771006
191 0.00383353466168046
192 0.003977256827056408
193 0.003952990286052227
194 0.004166821017861366
195 0.004229496233165264
196 0.004335974808782339
197 0.003779840189963579
198 0.003972387406975031
199 0.0038709118962287903
200 0.003770893206819892
201 0.004004767630249262
202 0.0038002056535333395
203 0.003822836559265852
204 0.003733833087608218
205 0.0036109075881540775
206 0.0037721439730376005
207 0.0038209191989153624
208 0.004265223629772663
209 0.0039712293073534966
210 0.003527604741975665
211 0.004235743544995785
212 0.003608852857723832
213 0.0037481386680155993
214 0.0038703761529177427
215 0.004095723852515221
216 0.004055100958794355
217 0.004034210927784443
218 0.003840666264295578
219 0.003923004027456045
220 0.003841334953904152
221 0.0040039727464318275
222 0.003722571302205324
223 0.004023237619549036
224 0.0036673909053206444
225 0.0037429246585816145
226 0.003938262350857258
227 0.003863690886646509
228 0.0041099791415035725
229 0.004064526408910751
230 0.0037582030054181814
231 0.004359217826277018
232 0.0038213348016142845
233 0.003556603565812111
234 0.003684272291138768
235 0.003827008418738842
236 0.0039657787419855595
237 0.0036810305900871754
238 0.0036332954186946154
239 0.00402068579569459
240 0.003952661529183388
241 0.004016375169157982
242 0.003817084012553096
243 0.00377617753110826
244 0.003999291453510523
245 0.003893262008205056
246 0.004325374960899353
247 0.004082788247615099
248 0.004021510016173124
249 0.0038596016820520163
250 0.003670432372018695
251 0.0036898513790220022
252 0.003785826498642564
253 0.0037330761551856995
254 0.0037027073558419943
255 0.0037870516534894705
