0 0.00389391602948308
1 0.0035673300735652447
2 0.003801848040893674
3 0.004041015170514584
4 0.004214332439005375
5 0.0040608178824186325
6 0.003868384752422571
7 0.004155394155532122
8 0.0041200886480510235
9 0.0036167495418339968
10 0.004003014415502548
11 0.003782200161367655
12 0.0035974723286926746
13 0.003737521357834339
14 0.003913836553692818
15 0.004162666387856007
16 0.003908107057213783
17 0.003870859043672681
18 0.003798834513872862
19 0.004112990107387304
20 0.0038317639846354723
21 0.0041102878749370575
22 0.0038574396166950464
23 0.003822323866188526
24 0.004127948544919491
25 0.004262870643287897
26 0.0041963462717831135
27 0.004034162499010563
28 0.004093369003385305
29 0.0041815112344920635
30 0.004429594147950411
31 0.003939667250961065
32 0.0035994802601635456
33 0.003741385880857706
34 0.003730145748704672
35 0.004056939855217934
36 0.004195013083517551
37 0.0038360273465514183
38 0.004175882320851088
39 0.004163325298577547
40 0.004025098402053118
41 0.003352150786668062
42 0.003993325866758823
43 0.003644285723567009
44 0.004089037422090769
45 0.0040285782888531685
46 0.004354372154921293
47 0.004281175788491964
48 0.003977979067713022
49 0.0038262067828327417
50 0.0040401676669716835
51 0.0037062307819724083
52 0.003798843827098608
53 0.004051420837640762
54 0.0038338101003319025
55 0.0041149272583425045
56 0.004335320089012384
57 0.0037347476463764906
58 0.003935410175472498
59 0.0037299490068107843
60 0.003711934434249997
61 0.004060786683112383
62 0.004059666767716408
63 0.0037674338091164827
64 0.003900951938703656
65 0.003990666009485722
66 0.003930952399969101
67 0.003986629191786051
68 0.003941844217479229
69 0.003957806620746851
70 0.004327654372900724
71 0.003780849976465106
72 0.0036847623996436596
73 0.003912817221134901
74 0.003977630287408829
75 0.004455162212252617
76 0.004343852400779724
77 0.004088811110705137
78 0.0035744288470596075
79 0.003980864305049181
80 0.0037277189549058676
81 0.003945362754166126
82 0.003831979352980852
83 0.0037649294827133417
84 0.004041189793497324
85 0.003814516356214881
86 0.0038353444542735815
87 0.003814930096268654
88 0.0037711814511567354
89 0.0036346325650811195
90 0.0038308920338749886
91 0.004208412021398544
92 0.003949582576751709
93 0.0042744954116642475
94 0.0038619323167949915
95 0.003682483220472932
96 0.0038953018374741077
97 0.00424412963911891
98 0.0036588769871741533
99 0.003885769285261631
100 0.0036871174816042185
101 0.004166548606008291
102 0.003698498010635376
103 0.004155117552727461
104 0.0036702887155115604
105 0.004112159367650747
106 0.003595932386815548
107 0.004283952992409468
108 0.004463090095669031
109 0.0037352293729782104
110 0.004093182738870382
111 0.004107896704226732
112 0.0038823382928967476
113 0.004436934366822243
114 0.0038599579129368067
115 0.003850532229989767
116 0.003899369388818741
117 0.004005969036370516
118 0.0038207448087632656
119 0.003972908481955528
120 0.004073518328368664
121 0.0043175723403692245
122 0.0041878544725477695
123 0.0038229981437325478
124 0.00401071272790432
125 0.004101458936929703
126 0.004033587872982025
127 0.003833923488855362
128 0.0035862158983945847
129 0.0036705732345581055
130 0.0038054499309509993
131 0.0035364734940230846
132 0.004033800680190325
133 0.004276657477021217
134 0.003797961864620447
135 0.0036541444715112448
136 0.0042739491909742355
137 0.0037868733052164316
138 0.003973415121436119
139 0.0038685426115989685
140 0.0035228226333856583
141 0.0035468924324959517
142 0.0038112588226795197
143 0.0036833961494266987
144 0.0036222769413143396
145 0.004006606061011553
146 0.003884900128468871
147 0.003972105216234922
148 0.0036024863366037607
149 0.003795465687289834
150 0.004071696195751429
151 0.003951884340494871
152 0.0035583635326474905
153 0.003952380269765854
154 0.003875830676406622
155 0.0038252228405326605
156 0.003687782445922494
157 0.0036620632745325565
158 0.004116099327802658
159 0.0035028583370149136
160 0.003830001223832369
161 0.003949946723878384
162 0.004101743455976248
163 0.0035660923458635807
164 0.003755092853680253
165 0.0037818066775798798
166 0.0040627894923090935
167 0.003810546826571226
168 0.003988555632531643
169 0.004164267331361771
170 0.0036122696474194527
171 0.0035418204497545958
172 0.0036280553322285414
173 0.0037967467214912176
174 0.004082410130649805
175 0.003809763118624687
176 0.004118122160434723
177 0.0037375115789473057
178 0.0034480562899261713
179 0.003752449993044138
180 0.0038669707719236612
181 0.004157718271017075
182 0.0038757440634071827
183 0.004119529388844967
184 0.004196621477603912
185 0.004046750254929066
186 0.003458366496488452
187 0.003869847394526005
188 0.00390201760455966
189 0.0036904385779052973
190 0.004120924044400454
191 0.0036016623489558697
192 0.003969637211412191
193 0.0037604481913149357
194 0.004089003894478083
195 0.004247521515935659
196 0.004125766456127167
197 0.003689866280183196
198 0.0036596767604351044
199 0.003814809024333954
200 0.0037345471791923046
201 0.003982983063906431
202 0.003882271470502019
203 0.0038803548086434603
204 0.0038956378120929003
205 0.003850681707262993
206 0.003709938609972596
207 0.004077164921909571
208 0.004138951189815998
209 0.0037980186752974987
210 0.0038711605593562126
211 0.004088853485882282
212 0.0036804520059376955
213 0.003982778172940016
214 0.003879668191075325
215 0.003931495826691389
216 0.004205318167805672
217 0.00406554713845253
218 0.0038068119902163744
219 0.003915091976523399
220 0.003619182389229536
221 0.004130061715841293
222 0.0036615089047700167
223 0.004117709118872881
224 0.003808168461546302
225 0.003589480882510543
226 0.00385500630363822
227 0.00395728275179863
228 0.0041144490242004395
229 0.0039002085104584694
230 0.0038069039583206177
231 0.00403604144230485
232 0.003793723415583372
233 0.0036358628422021866
234 0.0036977713461965322
235 0.003714031772688031
236 0.003974504768848419
237 0.004028222989290953
238 0.0038105833809822798
239 0.0042078616097569466
240 0.003919614478945732
241 0.0037411742378026247
242 0.003940573427826166
243 0.0036149790976196527
244 0.003843169193714857
245 0.003667389741167426
246 0.004159157630056143
247 0.00412695063278079
248 0.003902602009475231
249 0.004016583319753408
250 0.0037044005002826452
251 0.0035596233792603016
252 0.003710930235683918
253 0.0035460232757031918
254 0.0038481163792312145
255 0.003690167795866728
