0 0.00387687049806118
1 0.0035440383944660425
2 0.004016632214188576
3 0.003922723699361086
4 0.004201185889542103
5 0.0038963204715400934
6 0.0040863980539143085
7 0.003876657458022237
8 0.004186226520687342
9 0.0035362746566534042
10 0.004236710723489523
11 0.003887524828314781
12 0.003616519970819354
13 0.003924166783690453
14 0.003809081157669425
15 0.004089188762009144
16 0.004251085687428713
17 0.003934096544981003
18 0.003674183739349246
19 0.003991236910223961
20 0.004009038209915161
21 0.0041753631085157394
22 0.003979166969656944
23 0.0036744512617588043
24 0.004094352480024099
25 0.004112686961889267
26 0.003958697430789471
27 0.003948519937694073
28 0.004002663306891918
29 0.004072901327162981
30 0.004349829629063606
31 0.003901137737557292
32 0.0035627870820462704
33 0.0037948419339954853
34 0.0035629679914563894
35 0.004353686701506376
36 0.004247439559549093
37 0.0037115742452442646
38 0.0040409076027572155
39 0.004233156330883503
40 0.004018295556306839
41 0.003331978339701891
42 0.004012908320873976
43 0.003715835278853774
44 0.004131750203669071
45 0.003873026231303811
46 0.004245351068675518
47 0.004096081480383873
48 0.003925899509340525
49 0.0037651341408491135
50 0.004073882941156626
51 0.0036141108721494675
52 0.0042462726123631
53 0.003857170697301626
54 0.0038948357105255127
55 0.003991570323705673
56 0.004244557116180658
57 0.003890583524480462
58 0.0037280377000570297
59 0.0036272965371608734
60 0.003870306769385934
61 0.004040260333567858
62 0.004118834622204304
63 0.0036012050695717335
64 0.004010339733213186
65 0.003928462974727154
66 0.003977365326136351
67 0.003980976063758135
68 0.003967691212892532
69 0.003754381323233247
70 0.004156238865107298
71 0.004132731352001429
72 0.0038263099268078804
73 0.0036304506938904524
74 0.003916976507753134
75 0.00425909087061882
76 0.003933233674615622
77 0.004330091178417206
78 0.0040477910079061985
79 0.0036796890199184418
80 0.003714818973094225
81 0.003832422196865082
82 0.004003196023404598
83 0.0037793531082570553
84 0.0038533087354153395
85 0.003665122203528881
86 0.003700061934068799
87 0.004086810164153576
88 0.003600895870476961
89 0.0038172302301973104
90 0.003845537081360817
91 0.0036745683755725622
92 0.004023696295917034
93 0.004465098027139902
94 0.003556577255949378
95 0.0037355166859924793
96 0.003691103309392929
97 0.004198506474494934
98 0.003618881804868579
99 0.004028391558676958
100 0.003945546690374613
101 0.004018872044980526
102 0.003910413943231106
103 0.004165826831012964
104 0.003771912306547165
105 0.004311275668442249
106 0.0037516544107347727
107 0.004469078499823809
108 0.0044448236003518105
109 0.0037441153544932604
110 0.004210899118334055
111 0.0037686775904148817
112 0.003845768980681896
113 0.00423830933868885
114 0.004009202588349581
115 0.0037134410813450813
116 0.003960738889873028
117 0.004110079724341631
118 0.003668342251330614
119 0.003730491502210498
120 0.003754016477614641
121 0.0041659921407699585
122 0.004682009108364582
123 0.003914116881787777
124 0.00413705687969923
125 0.00393165647983551
126 0.004054570104926825
127 0.003753847908228636
128 0.003528644796460867
129 0.0038154376670718193
130 0.0038140565156936646
131 0.0035940411034971476
132 0.003739161416888237
133 0.004094093572348356
134 0.0037813829258084297
135 0.003516084048897028
136 0.004264253191649914
137 0.004090339411050081
138 0.003959575202316046
139 0.003960540052503347
140 0.003704358357936144
141 0.0033688624389469624
142 0.0038142669945955276
143 0.0038427975960075855
144 0.00364814605563879
145 0.004074907395988703
146 0.0037934985011816025
147 0.0037177130579948425
148 0.0038969318848103285
149 0.003942898474633694
150 0.004003890790045261
151 0.0038426618557423353
152 0.0036632756236940622
153 0.0036751660518348217
154 0.0038299558218568563
155 0.0037065015640109777
156 0.0038176164962351322
157 0.003853983711451292
158 0.00425594812259078
159 0.0036424482241272926
160 0.003809054382145405
161 0.0037387365009635687
162 0.004258325789123774
163 0.0037365162279456854
164 0.0037086056545376778
165 0.004025822039693594
166 0.003992703277617693
167 0.0037552546709775925
168 0.0040308148600161076
169 0.0039591011591255665
170 0.003608106868341565
171 0.003673848230391741
172 0.0036690146662294865
173 0.0039690351113677025
174 0.0038951642345637083
175 0.0038566971197724342
176 0.004325415939092636
177 0.004017092287540436
178 0.0035931349266320467
179 0.0035081880632787943
180 0.0039537386037409306
181 0.004231993108987808
182 0.0036956937983632088
183 0.0038038117345422506
184 0.004327430389821529
185 0.004530637059360743
186 0.0036300530191510916
187 0.003912963438779116
188 0.003986275289207697
189 0.00382552994415164
190 0.004011616110801697
191 0.0038341230247169733
192 0.0039257691241800785
193 0.003924653399735689
194 0.004233364015817642
195 0.004170949570834637
196 0.004052739590406418
197 0.0036540983710438013
198 0.0037104461807757616
199 0.0038264552131295204
200 0.0038065884727984667
201 0.0037201379891484976
202 0.003767191432416439
203 0.0038939916994422674
204 0.003748740302398801
205 0.003944221418350935
206 0.0037512597627937794
207 0.00401674909517169
208 0.003982240799814463
209 0.004130457993596792
210 0.0036287198308855295
211 0.004041819833219051
212 0.00343392719514668
213 0.0039633652195334435
214 0.004397756885737181
215 0.003961749840527773
216 0.004021370783448219
217 0.004227347206324339
218 0.003829972120001912
219 0.0039080181159079075
220 0.0039116935804486275
221 0.003913094289600849
222 0.003646425437182188
223 0.003914966247975826
224 0.0035526445135474205
225 0.0037962752394378185
226 0.004004712216556072
227 0.0038607504684478045
228 0.003905142890289426
229 0.003858924377709627
230 0.003862196346744895
231 0.004006479866802692
232 0.003709708107635379
233 0.0038199962582439184
234 0.0038172032218426466
235 0.0038688613567501307
236 0.0038958231452852488
237 0.003937899600714445
238 0.0038412106223404408
239 0.0038930862210690975
240 0.003919841721653938
241 0.0038222738076001406
242 0.0038017791230231524
243 0.0038743712939321995
244 0.0038769724778831005
245 0.003824639832600951
246 0.003956797067075968
247 0.004041921813040972
248 0.004119143355637789
249 0.0038888100534677505
250 0.003780335420742631
251 0.0036214874126017094
252 0.0037760459817945957
253 0.003426861483603716
254 0.003840035991743207
255 0.003745399648323655
