0 0.0037931264378130436
1 0.0034801082219928503
2 0.003852077992632985
3 0.003957000095397234
4 0.003998610656708479
5 0.0038763084448873997
6 0.004107427783310413
7 0.004079177509993315
8 0.003920579794794321
9 0.0036154647823423147
10 0.004005101043730974
11 0.0038688378408551216
12 0.00387008348479867
13 0.003859297139570117
14 0.0038606703747063875
15 0.0037794315721839666
16 0.0039342776872217655
17 0.003868203843012452
18 0.003983422182500362
19 0.003685512114316225
20 0.004101510159671307
21 0.004230448044836521
22 0.004088489804416895
23 0.0036385096609592438
24 0.0037991898134350777
25 0.004126356448978186
26 0.00402150908485055
27 0.003805760759860277
28 0.003919451497495174
29 0.0038918396458029747
30 0.004255956970155239
31 0.0036981296725571156
32 0.003956673201173544
33 0.0035423273220658302
34 0.003711842931807041
35 0.0041915555484592915
36 0.004030908457934856
37 0.0040216208435595036
38 0.0038359134923666716
39 0.004154042806476355
40 0.004068003036081791
41 0.0033072715159505606
42 0.003869135631248355
43 0.003731018165126443
44 0.00368691748008132
45 0.0037778974510729313
46 0.004197338130325079
47 0.004087004344910383
48 0.0038330131210386753
49 0.00377561803907156
50 0.0042519336566329
51 0.0036919103004038334
52 0.0038802060298621655
53 0.0037220448721200228
54 0.003987063188105822
55 0.003950275480747223
56 0.0039730616845190525
57 0.0037239352241158485
58 0.0038362436462193727
59 0.003884173696860671
60 0.003990523051470518
61 0.004005469381809235
62 0.004221886862069368
63 0.003779156832024455
64 0.00406754482537508
65 0.0038408918771892786
66 0.0037702172994613647
67 0.003805407090112567
68 0.0038913909811526537
69 0.003987764939665794
70 0.004185998346656561
71 0.003989276010543108
72 0.003947426099330187
73 0.003699357621371746
74 0.0038577166851609945
75 0.0041586291044950485
76 0.003853078465908766
77 0.003807052969932556
78 0.003874351968988776
79 0.0036513321101665497
80 0.0037428196519613266
81 0.004061225801706314
82 0.003884142730385065
83 0.003649615915492177
84 0.004088159184902906
85 0.003690612968057394
86 0.003886467544361949
87 0.0037417772691696882
88 0.0036439839750528336
89 0.0039558508433401585
90 0.004136735573410988
91 0.004157861694693565
92 0.004139017313718796
93 0.004227258265018463
94 0.003807749832049012
95 0.004032650962471962
96 0.003940904047340155
97 0.0041264439933001995
98 0.00393809424713254
99 0.004185763653367758
100 0.0037035003770142794
101 0.003993615508079529
102 0.0037840763106942177
103 0.004317340906709433
104 0.0037799545098096132
105 0.004026067443192005
106 0.003861546516418457
107 0.004315678495913744
108 0.004132132511585951
109 0.0037250141613185406
110 0.0036862047854810953
111 0.003920577932149172
112 0.0038527389988303185
113 0.004284537862986326
114 0.003789847018197179
115 0.0038233809173107147
116 0.003894902067258954
117 0.004010540433228016
118 0.003576366463676095
119 0.003913292195647955
120 0.0039756507612764835
121 0.004141959361732006
122 0.004080468323081732
123 0.00389664969407022
124 0.004188460763543844
125 0.003868554253131151
126 0.004156240727752447
127 0.0038585106376558542
128 0.003869878826662898
129 0.0037472527474164963
130 0.003802680876106024
131 0.0036684940569102764
132 0.004157496616244316
133 0.004262428730726242
134 0.0038831031415611506
135 0.003750691656023264
136 0.0041824993677437305
137 0.0037664591800421476
138 0.003977467305958271
139 0.003891971195116639
140 0.003521619364619255
141 0.0038186144083738327
142 0.003997602500021458
143 0.0037814113311469555
144 0.0035767327062785625
145 0.004135788884013891
146 0.0037957108579576015
147 0.003930375911295414
148 0.0037900300230830908
149 0.0038716874551028013
150 0.004148681648075581
151 0.004269062541425228
152 0.0036029964685440063
153 0.003992665559053421
154 0.0037971744313836098
155 0.0034763759467750788
156 0.003822461934760213
157 0.0034904908388853073
158 0.003935907036066055
159 0.003938002046197653
160 0.003728854237124324
161 0.0036813528276979923
162 0.004268992226570845
163 0.0036512459628283978
164 0.0037899762392044067
165 0.003759674495086074
166 0.003974215593189001
167 0.003995342645794153
168 0.004213934298604727
169 0.004227738827466965
170 0.0037017406430095434
171 0.0038020950742065907
172 0.0036453870125114918
173 0.0037440448068082333
174 0.004019983112812042
175 0.003962367307394743
176 0.0041179778054356575
177 0.003923473879694939
178 0.0034632885362952948
179 0.0035581940319389105
180 0.004007078241556883
181 0.0042078690603375435
182 0.003978018648922443
183 0.003962417133152485
184 0.003862931625917554
185 0.003998743370175362
186 0.003692162688821554
187 0.00393874105066061
188 0.0036996915005147457
189 0.003784281201660633
190 0.003957666456699371
191 0.003705193754285574
192 0.003931482322514057
193 0.0038324224296957254
194 0.003937375266104937
195 0.004328543785959482
196 0.004262835718691349
197 0.003681604051962495
198 0.003955468535423279
199 0.0038091104943305254
200 0.0038869818672537804
201 0.0036810904275625944
202 0.00410428736358881
203 0.003697361331433058
204 0.0038418706972151995
205 0.0035729259252548218
206 0.003688399912789464
207 0.004144970793277025
208 0.003978224936872721
209 0.0039556738920509815
210 0.0037039578892290592
211 0.004080642946064472
212 0.003598049283027649
213 0.0037857918068766594
214 0.0040311249904334545
215 0.0038508169818669558
216 0.004267541225999594
217 0.004298110026866198
218 0.003919289447367191
219 0.003760299878194928
220 0.0038705768529325724
221 0.0040335217490792274
222 0.0037630286533385515
223 0.004188394173979759
224 0.003927268553525209
225 0.00413493812084198
226 0.003911377862095833
227 0.0038370927795767784
228 0.004271929617971182
229 0.004205828998237848
230 0.004038745071738958
231 0.004171753767877817
232 0.0041425651870667934
233 0.003752578981220722
234 0.003717711428180337
235 0.003804644802585244
236 0.003999537788331509
237 0.003840840421617031
238 0.0037993835285305977
239 0.004000325687229633
240 0.004059361293911934
241 0.0039904299192130566
242 0.003854915499687195
243 0.00362400128506124
244 0.003932862542569637
245 0.0036544175818562508
246 0.004120767116546631
247 0.004001609515398741
248 0.004056718200445175
249 0.0038503422401845455
250 0.003754418808966875
251 0.0036246010567992926
252 0.00387018290348351
253 0.003644244745373726
254 0.003961118869483471
255 0.0036930053029209375
