0 0.004133235197514296
1 0.0034728525206446648
2 0.0038217660039663315
3 0.003975644242018461
4 0.004111833870410919
5 0.0038051747251302004
6 0.004066984169185162
7 0.004139245022088289
8 0.004281960427761078
9 0.0035271758679300547
10 0.0041540879756212234
11 0.004027265124022961
12 0.0034126306418329477
13 0.004003873094916344
14 0.0038702392484992743
15 0.003797906683757901
16 0.0038067963905632496
17 0.003917999565601349
18 0.0034652601461857557
19 0.003944124095141888
20 0.003994557075202465
21 0.00411998899653554
22 0.0038971854373812675
23 0.003855866612866521
24 0.004063940141350031
25 0.004175914917141199
26 0.003946084529161453
27 0.003830954898148775
28 0.004083089996129274
29 0.0038288154173642397
30 0.004157430958002806
31 0.0039412700571119785
32 0.003725336631760001
33 0.003794020274654031
34 0.0035801187623292208
35 0.003773235250264406
36 0.003998695407062769
37 0.0037904458586126566
38 0.004186551086604595
39 0.004283847287297249
40 0.003919378854334354
41 0.0035217644181102514
42 0.003992489539086819
43 0.003819151781499386
44 0.0037629452999681234
45 0.0039044488221406937
46 0.00424521928653121
47 0.004416095092892647
48 0.004225903656333685
49 0.0037738762330263853
50 0.004293529782444239
51 0.003577754134312272
52 0.003983750939369202
53 0.004002770874649286
54 0.0035590254701673985
55 0.0038796516600996256
56 0.0038190449122339487
57 0.00371679593808949
58 0.0036304236855357885
59 0.0038987223524600267
60 0.003686103969812393
61 0.004088536370545626
62 0.004291330464184284
63 0.0037333029322326183
64 0.00391831248998642
65 0.0037153169978410006
66 0.003987492062151432
67 0.003717663697898388
68 0.0037716664373874664
69 0.0041152071207761765
70 0.004153614863753319
71 0.0037941252812743187
72 0.003892524167895317
73 0.0037697323132306337
74 0.003760184161365032
75 0.004432687535881996
76 0.004061851650476456
77 0.0038209096528589725
78 0.004059383645653725
79 0.003816356649622321
80 0.0036914884112775326
81 0.004037242382764816
82 0.003811462549492717
83 0.0036508115008473396
84 0.003940165042877197
85 0.0037524329964071512
86 0.003562644124031067
87 0.004116725642234087
88 0.003561276476830244
89 0.0037954191211611032
90 0.00403920654207468
91 0.004217864479869604
92 0.0040182615630328655
93 0.004076357465237379
94 0.003510683309286833
95 0.003932385239750147
96 0.004009941592812538
97 0.00418738042935729
98 0.003906545229256153
99 0.004209714010357857
100 0.003987109754234552
101 0.004293695092201233
102 0.0038398473989218473
103 0.004243621602654457
104 0.003694663057103753
105 0.004187911748886108
106 0.0038485184777528048
107 0.004282196052372456
108 0.004359067417681217
109 0.003747728420421481
110 0.003749539377167821
111 0.0037330002523958683
112 0.003834444098174572
113 0.004472598433494568
114 0.004041545558720827
115 0.0037647474091500044
116 0.003927761223167181
117 0.003884358098730445
118 0.003583701094612479
119 0.0040389797650277615
120 0.004130957648158073
121 0.004042827058583498
122 0.004382380750030279
123 0.003886827966198325
124 0.004068293143063784
125 0.003763793036341667
126 0.004301981069147587
127 0.003736356971785426
128 0.0036614721175283194
129 0.003599808318540454
130 0.003644605167210102
131 0.003708220086991787
132 0.003921262454241514
133 0.0041908943094313145
134 0.00367923965677619
135 0.0036867985036224127
136 0.004418989177793264
137 0.0038038368802517653
138 0.003784391563385725
139 0.004020421765744686
140 0.0036277580074965954
141 0.0036592434626072645
142 0.0037918558809906244
143 0.0037880975287407637
144 0.003501294646412134
145 0.003830465255305171
146 0.003822487546131015
147 0.0040911901742219925
148 0.003830531146377325
149 0.0039045456796884537
150 0.003883435856550932
151 0.004040315747261047
152 0.003836022224277258
153 0.004046390298753977
154 0.0038208155892789364
155 0.003591375658288598
156 0.0038181806448847055
157 0.0036473546642810106
158 0.003890075022354722
159 0.0038123305421322584
160 0.0035922990646213293
161 0.0038670734502375126
162 0.00415766192600131
163 0.0036793784238398075
164 0.003926099743694067
165 0.003996516112238169
166 0.003935540560632944
167 0.0038528041914105415
168 0.004083624575287104
169 0.003945717588067055
170 0.003972118254750967
171 0.0038283485919237137
172 0.003621507901698351
173 0.0037662943359464407
174 0.0042539252899587154
175 0.004149639513343573
176 0.0042092520743608475
177 0.003828523214906454
178 0.0035484640393406153
179 0.0036318486090749502
180 0.003788030007854104
181 0.004016183782368898
182 0.004081178922206163
183 0.004020090214908123
184 0.003916190937161446
185 0.004167941864579916
186 0.0035972855985164642
187 0.0037017264403402805
188 0.004045969806611538
189 0.003679691581055522
190 0.0037674251943826675
191 0.0038630166091024876
192 0.0038508602883666754
193 0.004044011700898409
194 0.004243037197738886
195 0.004090980160981417
196 0.004395142197608948
197 0.003669553669169545
198 0.004013213329017162
199 0.003851229092106223
200 0.0038333807606250048
201 0.004020009655505419
202 0.003984133247286081
203 0.0036453178618103266
204 0.0037932959385216236
205 0.0036590835079550743
206 0.0038277970161288977
207 0.0038880491629242897
208 0.004071498289704323
209 0.003927648067474365
210 0.003632049774751067
211 0.004082775209099054
212 0.003600030206143856
213 0.003660044865682721
214 0.004212697967886925
215 0.004141004290431738
216 0.004020228516310453
217 0.004070987459272146
218 0.0036909631453454494
219 0.003775506280362606
220 0.0037643928080797195
221 0.003894524183124304
222 0.0037337769754230976
223 0.003941639792174101
224 0.0039095645770430565
225 0.004087147768586874
226 0.003964420408010483
227 0.0036681091878563166
228 0.003952058497816324
229 0.00427077803760767
230 0.0037969821132719517
231 0.004150979686528444
232 0.0037944286596029997
233 0.0038753219414502382
234 0.003906446509063244
235 0.0038611278869211674
236 0.004001868888735771
237 0.0037916828878223896
238 0.0036507705226540565
239 0.004191310610622168
240 0.004141002427786589
241 0.0041924878023564816
242 0.003790016286075115
243 0.003456756239756942
244 0.0038629791233688593
245 0.003669822122901678
246 0.003982308320701122
247 0.0044139716774225235
248 0.00393972173333168
249 0.0036659014876931906
250 0.003710455261170864
251 0.003530657384544611
252 0.004103705286979675
253 0.003896741895005107
254 0.0038413582369685173
255 0.00390631565824151
