0 0.003942945972084999
1 0.003283069236204028
2 0.003947127610445023
3 0.003789310809224844
4 0.004203055519610643
5 0.0038922906387597322
6 0.0040328181348741055
7 0.00426903972402215
8 0.004339671228080988
9 0.0036393434274941683
10 0.004041093401610851
11 0.003940683789551258
12 0.003647416830062866
13 0.003871069522574544
14 0.0038038252387195826
15 0.003917483612895012
16 0.004063866101205349
17 0.003976177424192429
18 0.0038040566723793745
19 0.0038328892551362514
20 0.003980256617069244
21 0.004219280555844307
22 0.004021513741463423
23 0.003754753852263093
24 0.00392614072188735
25 0.003986581228673458
26 0.003927320241928101
27 0.0039286003448069096
28 0.004003242589533329
29 0.004071285482496023
30 0.00405134866014123
31 0.003963509574532509
32 0.0035888508427888155
33 0.0036653231363743544
34 0.0035846165847033262
35 0.0038841937202960253
36 0.004092423245310783
37 0.0038161827251315117
38 0.004205846693366766
39 0.004066311288625002
40 0.004152930807322264
41 0.003525893669575453
42 0.004065427929162979
43 0.003943369258195162
44 0.0038573381025344133
45 0.0038647842593491077
46 0.004308043979108334
47 0.004364380147308111
48 0.0038629265036433935
49 0.0040075830183923244
50 0.004090276546776295
51 0.0035812226124107838
52 0.004161536227911711
53 0.003607563441619277
54 0.003842495381832123
55 0.00396979134529829
56 0.0042881169356405735
57 0.003956729080528021
58 0.0038952974136918783
59 0.0037602675147354603
60 0.003789156675338745
61 0.00398622453212738
62 0.004168460611253977
63 0.0037736594676971436
64 0.003961686044931412
65 0.004057339392602444
66 0.0038764902856200933
67 0.0037540383636951447
68 0.0038892305456101894
69 0.003975399304181337
70 0.004185752011835575
71 0.004133975598961115
72 0.0038430201821029186
73 0.0038421147037297487
74 0.003932768478989601
75 0.004228119272738695
76 0.00393586466088891
77 0.003915087785571814
78 0.0040109241381287575
79 0.0037584537640213966
80 0.0036383490078151226
81 0.0039694164879620075
82 0.003853997215628624
83 0.0036291542928665876
84 0.003926541656255722
85 0.003613758133724332
86 0.0038639858830720186
87 0.00398451229557395
88 0.0035078898072242737
89 0.0038724408950656652
90 0.003972269129008055
91 0.0040664393454790115
92 0.003969497047364712
93 0.00425208592787385
94 0.0038146914448589087
95 0.0038257178384810686
96 0.0038730097003281116
97 0.0040554385632276535
98 0.003767851274460554
99 0.004082287661731243
100 0.0040009962394833565
101 0.003948667086660862
102 0.0038108292501419783
103 0.00413435697555542
104 0.003772762604057789
105 0.004187636077404022
106 0.003928088117390871
107 0.004404228646308184
108 0.003935031592845917
109 0.004011467099189758
110 0.004243597853928804
111 0.0039230696856975555
112 0.003642837982624769
113 0.004337079357355833
114 0.004018760751932859
115 0.003547769971191883
116 0.004053717944771051
117 0.003971210215240717
118 0.0036413257475942373
119 0.0038079258520156145
120 0.0038290745578706264
121 0.004130141343921423
122 0.004618133883923292
123 0.0039462679997086525
124 0.004312871024012566
125 0.0036827337462455034
126 0.004231221973896027
127 0.0037307406309992075
128 0.00371882994659245
129 0.003558042226359248
130 0.0037458273582160473
131 0.0035911330487579107
132 0.0040866476483643055
133 0.004127425607293844
134 0.003888502949848771
135 0.0035485646221786737
136 0.004173431545495987
137 0.0038530167657881975
138 0.004001126158982515
139 0.0038754709530621767
140 0.003875455353409052
141 0.0035585903096944094
142 0.003972711507230997
143 0.0036811642348766327
144 0.003506576409563422
145 0.004149089567363262
146 0.0039062080904841423
147 0.003936956636607647
148 0.003884831676259637
149 0.003962592221796513
150 0.00399739621207118
151 0.004162708763033152
152 0.0034735719673335552
153 0.003945853095501661
154 0.003744695568457246
155 0.0036866560112684965
156 0.003741044783964753
157 0.0035478323698043823
158 0.004110453650355339
159 0.003756109392270446
160 0.0038714639376848936
161 0.0039241076447069645
162 0.00401728879660368
163 0.0036759551148861647
164 0.0036419432144612074
165 0.003906965721398592
166 0.003926167730242014
167 0.0036527591291815042
168 0.004267292562872171
169 0.0041004060767591
170 0.003964531235396862
171 0.004041498061269522
172 0.003735045436769724
173 0.0038348264060914516
174 0.0039519802667200565
175 0.003782217390835285
176 0.00424977345392108
177 0.003958597779273987
178 0.0035336276050657034
179 0.003562402445822954
180 0.0037633914034813643
181 0.004022795241326094
182 0.004075383301824331
183 0.004070729948580265
184 0.004023566376417875
185 0.004015693441033363
186 0.0035299707669764757
187 0.0038940943777561188
188 0.0037386396434158087
189 0.00386187806725502
190 0.0038803634233772755
191 0.003972509875893593
192 0.0038133489433676004
193 0.004059990402311087
194 0.00420630956068635
195 0.0039817821234464645
196 0.004065624438226223
197 0.00393703393638134
198 0.003982457797974348
199 0.003864589612931013
200 0.0037335469387471676
201 0.003813265822827816
202 0.003860153490677476
203 0.003930049482733011
204 0.0037670840974897146
205 0.0037528271786868572
206 0.0037190134171396494
207 0.003998942673206329
208 0.0041684843599796295
209 0.004170557018369436
210 0.0036821626126766205
211 0.003946792334318161
212 0.0035933488979935646
213 0.0037245021667331457
214 0.004118736367672682
215 0.003997792489826679
216 0.0038077649660408497
217 0.004059735219925642
218 0.003812274197116494
219 0.003720741719007492
220 0.003937192261219025
221 0.003995339851826429
222 0.0037167342379689217
223 0.0039320471696555614
224 0.003680884838104248
225 0.0039096735417842865
226 0.004006328992545605
227 0.0037458797451108694
228 0.0038475629407912493
229 0.004102733451873064
230 0.003883143188431859
231 0.003936349879950285
232 0.0039783017709851265
233 0.003736316692084074
234 0.0037693562917411327
235 0.0037326528690755367
236 0.004004449583590031
237 0.0038075167685747147
238 0.0038088783621788025
239 0.004055629950016737
240 0.0038789380341768265
241 0.003853760426864028
242 0.004022656939923763
243 0.003830691333860159
244 0.0038499138318002224
245 0.0037890879902988672
246 0.004101745784282684
247 0.004071281757205725
248 0.004086990375071764
249 0.0037335928063839674
250 0.0035569658502936363
251 0.0034734101500362158
252 0.0037887925282120705
253 0.0036728568375110626
254 0.004013506695628166
255 0.0037431216333061457
