0 0.0040812864899635315
1 0.0035406635142862797
2 0.0037937213201075792
3 0.0038983074482530355
4 0.003973789047449827
5 0.003974789287894964
6 0.00401963759213686
7 0.004279462620615959
8 0.004114216193556786
9 0.00366017478518188
10 0.004036761354655027
11 0.00398143008351326
12 0.00377425504848361
13 0.0038436977192759514
14 0.0037212492898106575
15 0.003981468267738819
16 0.004049951676279306
17 0.0039740512147545815
18 0.003570363624021411
19 0.003994380123913288
20 0.003969254437834024
21 0.004126039799302816
22 0.0041289255023002625
23 0.003842854406684637
24 0.004102469887584448
25 0.003914777655154467
26 0.003911098465323448
27 0.004017884377390146
28 0.0038731188978999853
29 0.0037711907643824816
30 0.004547896329313517
31 0.0038340187165886164
32 0.0036421676632016897
33 0.0036801821552217007
34 0.0037416203413158655
35 0.004124561790376902
36 0.004113383125513792
37 0.003727632574737072
38 0.004122085869312286
39 0.004110008478164673
40 0.004288507625460625
41 0.003496822901070118
42 0.003714371006935835
43 0.003816373646259308
44 0.0037329336628317833
45 0.003614988876506686
46 0.004275125917047262
47 0.004321357235312462
48 0.0039947424083948135
49 0.003876756178215146
50 0.004276475869119167
51 0.00352550414390862
52 0.003929054830223322
53 0.003838707460090518
54 0.0037922391202300787
55 0.004099826794117689
56 0.004076856188476086
57 0.00386409810744226
58 0.0038949656300246716
59 0.00379142421297729
60 0.0037742184940725565
61 0.003984012641012669
62 0.004101961385458708
63 0.003841840196400881
64 0.004043607972562313
65 0.0038668399211019278
66 0.003931095357984304
67 0.00374588486738503
68 0.004010909236967564
69 0.004159993026405573
70 0.004098675213754177
71 0.003701277542859316
72 0.003840863471850753
73 0.003849792294204235
74 0.003814272815361619
75 0.004439930897206068
76 0.004141009412705898
77 0.003877980401739478
78 0.00374142499640584
79 0.00393845047801733
80 0.003535681637004018
81 0.004250960424542427
82 0.0036777860950678587
83 0.003650476224720478
84 0.0039601451717317104
85 0.0038253492675721645
86 0.0037248472217470407
87 0.0040197549387812614
88 0.0033787661232054234
89 0.003834903473034501
90 0.003875086782500148
91 0.0039451150223612785
92 0.003914832603186369
93 0.004205767530947924
94 0.003925775643438101
95 0.004145042970776558
96 0.004067513160407543
97 0.004119133576750755
98 0.003774169133976102
99 0.004175348207354546
100 0.003883532714098692
101 0.00417241919785738
102 0.003661105176433921
103 0.004190038423985243
104 0.0038510654121637344
105 0.004274043254554272
106 0.0039717284962534904
107 0.004422146826982498
108 0.004060286097228527
109 0.0037858858704566956
110 0.003824568120762706
111 0.003680109977722168
112 0.003849544795230031
113 0.004223974887281656
114 0.004117817617952824
115 0.003689112374559045
116 0.003932205028831959
117 0.003974879626184702
118 0.0036568762734532356
119 0.00421023927628994
120 0.004018065053969622
121 0.004099932499229908
122 0.004325452726334333
123 0.0039015531074255705
124 0.004032539203763008
125 0.00377265689894557
126 0.004023147281259298
127 0.003948618192225695
128 0.0036632646806538105
129 0.00389569322578609
130 0.003894218010827899
131 0.003726752009242773
132 0.003986476920545101
133 0.004209935199469328
134 0.003945543430745602
135 0.0035821630153805017
136 0.004143725149333477
137 0.003778297919780016
138 0.004103994462639093
139 0.0038870174903422594
140 0.00354748428799212
141 0.003638788592070341
142 0.003985247109085321
143 0.003760353894904256
144 0.003702174872159958
145 0.004032214637845755
146 0.003912742715328932
147 0.0037729530595242977
148 0.0038323276676237583
149 0.003863563761115074
150 0.0038418967742472887
151 0.004108855035156012
152 0.0038402851205319166
153 0.003966840449720621
154 0.003767200279980898
155 0.0036047978792339563
156 0.003908291459083557
157 0.0038206949830055237
158 0.004134993068873882
159 0.0036909757182002068
160 0.0037198138888925314
161 0.003770912066102028
162 0.004287132062017918
163 0.0037053923588246107
164 0.003679124638438225
165 0.003896535374224186
166 0.003852848894894123
167 0.0037149698473513126
168 0.004178657662123442
169 0.004048362839967012
170 0.0038342021871358156
171 0.0038605518639087677
172 0.0038194030057638884
173 0.003851254703477025
174 0.003958696499466896
175 0.003921568859368563
176 0.0043471092358231544
177 0.003866052720695734
178 0.003481115447357297
179 0.003752762218937278
180 0.003821528749540448
181 0.004054625518620014
182 0.00392192555591464
183 0.0038411621935665607
184 0.004028439521789551
185 0.004078177269548178
186 0.003457259386777878
187 0.003846476785838604
188 0.003736356506124139
189 0.0037541131023317575
190 0.003907481208443642
191 0.0037762841675430536
192 0.003772589610889554
193 0.0039703682996332645
194 0.004043926484882832
195 0.0042678192257881165
196 0.004100770223885775
197 0.0036734342575073242
198 0.003743586130440235
199 0.003700422355905175
200 0.0037384387105703354
201 0.0037213137838989496
202 0.003996764309704304
203 0.003780424827709794
204 0.0037768539041280746
205 0.003557114163413644
206 0.0036998512223362923
207 0.004036076366901398
208 0.0042296722531318665
209 0.0038726746570318937
210 0.0038295781705528498
211 0.004192112945020199
212 0.0037760850973427296
213 0.0038511105813086033
214 0.004171894863247871
215 0.0040682838298380375
216 0.003922009840607643
217 0.004006217699497938
218 0.0038334180135279894
219 0.003901761956512928
220 0.003999291453510523
221 0.003973584622144699
222 0.003586443606764078
223 0.003979504108428955
224 0.004034028388559818
225 0.003930282779037952
226 0.004120745230466127
227 0.0037378715351223946
228 0.004034741315990686
229 0.004025967791676521
230 0.003848541993647814
231 0.004112815484404564
232 0.003962724469602108
233 0.0036553218960762024
234 0.0037887701764702797
235 0.0036198494490236044
236 0.0041776858270168304
237 0.0036802683025598526
238 0.0037775093223899603
239 0.004095889627933502
240 0.003929316997528076
241 0.0038683456368744373
242 0.0038110720925033092
243 0.0036482117138803005
244 0.003849948290735483
245 0.003739031497389078
246 0.003992867656052113
247 0.004006827715784311
248 0.004048969130963087
249 0.0038738360162824392
250 0.003667691955342889
251 0.0035252657253295183
252 0.0037536348681896925
253 0.0036325929686427116
254 0.004008065909147263
255 0.003697816515341401
