0 0.003852185560390353
1 0.0033159246668219566
2 0.003926875535398722
3 0.003983698785305023
4 0.004012423567473888
5 0.0038813091814517975
6 0.0042696488089859486
7 0.0037831496447324753
8 0.00418554013594985
9 0.0034296377561986446
10 0.004389870911836624
11 0.003976346459239721
12 0.0036139164585620165
13 0.00390945840626955
14 0.0038589476607739925
15 0.003943267744034529
16 0.00409728242084384
17 0.003953937441110611
18 0.00357715948484838
19 0.003915094770491123
20 0.004105391912162304
21 0.004459467250853777
22 0.0039017347153276205
23 0.0036526969633996487
24 0.0037421691231429577
25 0.0041702063754200935
26 0.004277564585208893
27 0.003855505958199501
28 0.003895488800480962
29 0.004028280731290579
30 0.004022478125989437
31 0.004074448253959417
32 0.003652015468105674
33 0.003441925160586834
34 0.0035747182555496693
35 0.004072364419698715
36 0.004153461195528507
37 0.003864364931359887
38 0.003921848256140947
39 0.004013841040432453
40 0.004013743717223406
41 0.0033391632605344057
42 0.003771822899580002
43 0.003635650034993887
44 0.00383699219673872
45 0.004155297763645649
46 0.004176922142505646
47 0.004031133837997913
48 0.003844289341941476
49 0.0038581020198762417
50 0.004066115710884333
51 0.0034244523849338293
52 0.004325489513576031
53 0.003782255109399557
54 0.00393287930637598
55 0.004030237440019846
56 0.004125305917114019
57 0.003811516799032688
58 0.003856531111523509
59 0.0038530356250703335
60 0.0037438725121319294
61 0.004038253799080849
62 0.004319304134696722
63 0.0038474779576063156
64 0.003922918811440468
65 0.0037772790528833866
66 0.0036861165426671505
67 0.004243048839271069
68 0.0035919882357120514
69 0.003927761688828468
70 0.004259054083377123
71 0.0042371549643576145
72 0.004106339532881975
73 0.00384667981415987
74 0.0037599108181893826
75 0.0044158282689750195
76 0.004120118450373411
77 0.004143584985285997
78 0.003992932382971048
79 0.0037253322079777718
80 0.0036825963761657476
81 0.003997222054749727
82 0.003888718318194151
83 0.003642906667664647
84 0.004039474297314882
85 0.0037080696783959866
86 0.003863485297188163
87 0.0038995901122689247
88 0.0036665257066488266
89 0.0036815558560192585
90 0.004124595783650875
91 0.003810269758105278
92 0.003960405942052603
93 0.004508155398070812
94 0.0036435246001929045
95 0.0038334166165441275
96 0.0039638071320950985
97 0.004239909816533327
98 0.0038265485782176256
99 0.0041343532502651215
100 0.0036150533705949783
101 0.004207906313240528
102 0.003631699364632368
103 0.004409001208841801
104 0.0037542395293712616
105 0.004134002607315779
106 0.0039053931832313538
107 0.0044602565467357635
108 0.004401629790663719
109 0.0037417036946862936
110 0.004053093492984772
111 0.0037364333402365446
112 0.0036010504700243473
113 0.004254435654729605
114 0.0038728914223611355
115 0.0038538656663149595
116 0.0038706022314727306
117 0.0038222132716327906
118 0.0038784602656960487
119 0.0038001961074769497
120 0.003928290214389563
121 0.004177935887128115
122 0.004365981090813875
123 0.0037431090604513884
124 0.0039732190780341625
125 0.003999482374638319
126 0.0041259233839809895
127 0.0037911455146968365
128 0.003685231087729335
129 0.0035643354058265686
130 0.0036945336032658815
131 0.003822831204161048
132 0.00397004559636116
133 0.0040776547975838184
134 0.0039020127151161432
135 0.0035483273677527905
136 0.00431477278470993
137 0.00412575202062726
138 0.003948558121919632
139 0.0038882638327777386
140 0.0036805595736950636
141 0.0034313402138650417
142 0.0038139319512993097
143 0.0037686952855437994
144 0.003301766933873296
145 0.004060432314872742
146 0.003998605068773031
147 0.0038088392466306686
148 0.003978047054260969
149 0.003999801352620125
150 0.0037876234855502844
151 0.004272483289241791
152 0.0036583533510565758
153 0.0037731435149908066
154 0.003901224583387375
155 0.003637443296611309
156 0.003839579178020358
157 0.003747575217857957
158 0.003940280992537737
159 0.004094673320651054
160 0.0034790451172739267
161 0.003632555017247796
162 0.00404474837705493
163 0.0036765229888260365
164 0.003801836632192135
165 0.003736030077561736
166 0.0039359573274850845
167 0.0039895074442029
168 0.00415898859500885
169 0.004043970722705126
170 0.003931868355721235
171 0.003848531749099493
172 0.0038399524055421352
173 0.003790837014093995
174 0.003910665400326252
175 0.004042631480842829
176 0.004261340945959091
177 0.0037789992056787014
178 0.0033603927586227655
179 0.0035158968530595303
180 0.003947793040424585
181 0.004105810541659594
182 0.0037604973185807467
183 0.0038368513341993093
184 0.004042524378746748
185 0.004230713006108999
186 0.003756631864234805
187 0.003778525162488222
188 0.0038876361213624477
189 0.0037526520900428295
190 0.004059091210365295
191 0.0038718008436262608
192 0.003959798254072666
193 0.0038678611163049936
194 0.00419917656108737
195 0.004094966687262058
196 0.004403045866638422
197 0.003928963094949722
198 0.004093823488801718
199 0.003764190012589097
200 0.0036580944433808327
201 0.0038644333835691214
202 0.004058411344885826
203 0.0035328890662640333
204 0.003794898046180606
205 0.0036079289857298136
206 0.003574288683012128
207 0.00415935181081295
208 0.003916820045560598
209 0.0041730208322405815
210 0.003747399663552642
211 0.004021592438220978
212 0.003590904176235199
213 0.003810530761256814
214 0.0041912514716386795
215 0.003931840416043997
216 0.003950853366404772
217 0.0043814233504235744
218 0.0037577569019049406
219 0.00392630510032177
220 0.004027038812637329
221 0.0040185051038861275
222 0.0035315584391355515
223 0.004222250077873468
224 0.0036951913498342037
225 0.0039519998244941235
226 0.0037781137507408857
227 0.003983562812209129
228 0.004082829225808382
229 0.004277685657143593
230 0.003725905204191804
231 0.004091628361493349
232 0.0038379603065550327
233 0.0037550805136561394
234 0.0038547201547771692
235 0.003824017010629177
236 0.003866758430376649
237 0.003594164503738284
238 0.003868760308250785
239 0.003948815632611513
240 0.003941670060157776
241 0.004125494975596666
242 0.00383092206902802
243 0.0038489666767418385
244 0.003838394535705447
245 0.00373305706307292
246 0.004283120855689049
247 0.003945694770663977
248 0.004371998365968466
249 0.0038949574809521437
250 0.0036791577003896236
251 0.003381331218406558
252 0.0036223926581442356
253 0.003602945478633046
254 0.0039003570564091206
255 0.0036978176794946194
