0 0.00385990715585649
1 0.0032981212716549635
2 0.0037310239858925343
3 0.003973597660660744
4 0.0041493698954582214
5 0.003731620265170932
6 0.004210763610899448
7 0.0038993204943835735
8 0.003956073895096779
9 0.0037176047917455435
10 0.004362389910966158
11 0.0037896977737545967
12 0.0037983180955052376
13 0.00361211271956563
14 0.003725253278389573
15 0.0038933276664465666
16 0.00401335721835494
17 0.003889890154823661
18 0.0037886076606810093
19 0.003952570725232363
20 0.003943948540836573
21 0.004151327535510063
22 0.004100122954696417
23 0.003681677859276533
24 0.003998422529548407
25 0.004003489855676889
26 0.00415093032643199
27 0.004040274303406477
28 0.0038411926943808794
29 0.004088001325726509
30 0.004405011888593435
31 0.0039688823744654655
32 0.00359247624874115
33 0.003507060930132866
34 0.003559470409527421
35 0.0038427766412496567
36 0.004052398726344109
37 0.0036583379842340946
38 0.003963709808886051
39 0.004017649684101343
40 0.00387338874861598
41 0.0033659355249255896
42 0.004040111787617207
43 0.003686924697831273
44 0.00397461885586381
45 0.0038923230022192
46 0.004224049858748913
47 0.0042448025196790695
48 0.003916306886821985
49 0.003879126626998186
50 0.004188584629446268
51 0.0035575528163462877
52 0.004137973301112652
53 0.003945784643292427
54 0.0037973017897456884
55 0.004084522370249033
56 0.004009750671684742
57 0.004083993844687939
58 0.003920908086001873
59 0.0038244405295699835
60 0.003867673920467496
61 0.004070746246725321
62 0.0043493579141795635
63 0.003693000413477421
64 0.003933097701519728
65 0.0037805766332894564
66 0.0037429528310894966
67 0.0040969206020236015
68 0.003661904949694872
69 0.0039042814169079065
70 0.004075047094374895
71 0.0038338808808475733
72 0.004100053105503321
73 0.003964591305702925
74 0.0038367551751434803
75 0.004437817260622978
76 0.00406737020239234
77 0.003920296672731638
78 0.004186050035059452
79 0.0037484141066670418
80 0.0036043203435838223
81 0.004036813508719206
82 0.003909196238964796
83 0.003516650293022394
84 0.004044785164296627
85 0.003885092446580529
86 0.0037296945229172707
87 0.0037379555869847536
88 0.003559166332706809
89 0.0038092508912086487
90 0.004071710165590048
91 0.004196777939796448
92 0.004089402500540018
93 0.00399051746353507
94 0.0037677946966141462
95 0.0037912281695753336
96 0.004128538072109222
97 0.00410129688680172
98 0.003928092308342457
99 0.004227142781019211
100 0.003913580439984798
101 0.004137094132602215
102 0.0037598309572786093
103 0.004048853646963835
104 0.0037978440523147583
105 0.004253691527992487
106 0.003998872358351946
107 0.0045222328044474125
108 0.004247171804308891
109 0.0038857685867697
110 0.0038861026987433434
111 0.003828343003988266
112 0.0037727500312030315
113 0.004232366569340229
114 0.003938148729503155
115 0.004057467915117741
116 0.004028976894915104
117 0.003979081753641367
118 0.003525088308379054
119 0.0038103009574115276
120 0.0038534803315997124
121 0.004084260202944279
122 0.004343618638813496
123 0.0038185911253094673
124 0.003984113223850727
125 0.00388755789026618
126 0.004180699121206999
127 0.0038099619559943676
128 0.0037919769529253244
129 0.003501499304547906
130 0.003708530217409134
131 0.0037400517612695694
132 0.0038445484824478626
133 0.004353889264166355
134 0.0036722247023135424
135 0.0034669847227633
136 0.004363782238215208
137 0.004071753937751055
138 0.003790658200159669
139 0.0039789797738194466
140 0.0036057299003005028
141 0.003639791626483202
142 0.003840142395347357
143 0.0036903908476233482
144 0.0034585946705192327
145 0.003944822587072849
146 0.003850520821288228
147 0.0037867825012654066
148 0.003986047580838203
149 0.00407408969476819
150 0.004030411131680012
151 0.0039021470583975315
152 0.0035422933287918568
153 0.0038500535301864147
154 0.003598610870540142
155 0.0035996551159769297
156 0.003775570308789611
157 0.0034435249399393797
158 0.004007726442068815
159 0.0036953981034457684
160 0.003842507489025593
161 0.0035704525653272867
162 0.004260578658431768
163 0.0036696181632578373
164 0.00351956719532609
165 0.00394062977284193
166 0.003986432682722807
167 0.0038098411168903112
168 0.004059433005750179
169 0.004297597333788872
170 0.003923763055354357
171 0.003774111159145832
172 0.003887785831466317
173 0.003970937337726355
174 0.004044703207910061
175 0.004252980463206768
176 0.0042105782777071
177 0.003855874063447118
178 0.0036593482363969088
179 0.0036169597879052162
180 0.003799709491431713
181 0.004346421919763088
182 0.003812323324382305
183 0.0037564351223409176
184 0.003832858055830002
185 0.004162522964179516
186 0.003381452988833189
187 0.0038505317643284798
188 0.004012759309262037
189 0.0036888872273266315
190 0.004107319284230471
191 0.004140693694353104
192 0.003969784360378981
193 0.0038780751638114452
194 0.004027273040264845
195 0.004375688266009092
196 0.004225089214742184
197 0.003523244522511959
198 0.00379125215113163
199 0.003882142947986722
200 0.0038817785680294037
201 0.003900582203641534
202 0.0037364258896559477
203 0.0036489234771579504
204 0.0038292771205306053
205 0.0036403173580765724
206 0.0038402117788791656
207 0.004049758426845074
208 0.0041899182833731174
209 0.004018072970211506
210 0.0037832590751349926
211 0.004186772275716066
212 0.003445356385782361
213 0.004041591659188271
214 0.0040426976047456264
215 0.003927227575331926
216 0.004035918973386288
217 0.004132653120905161
218 0.003803796833381057
219 0.00389031576924026
220 0.003923343028873205
221 0.003956720232963562
222 0.0038177159149199724
223 0.0040381052531301975
224 0.0038706751074641943
225 0.003884323872625828
226 0.003982536494731903
227 0.003817801596596837
228 0.004072215873748064
229 0.00408469932153821
230 0.0037097358144819736
231 0.004298324231058359
232 0.003744353074580431
233 0.003666285425424576
234 0.003855540882796049
235 0.003721862332895398
236 0.004017848987132311
237 0.0037101362831890583
238 0.0036918395198881626
239 0.004033651668578386
240 0.004190204199403524
241 0.004180055111646652
242 0.003659095847979188
243 0.0037052384577691555
244 0.004005995113402605
245 0.003771526040509343
246 0.004076166544109583
247 0.00418878486379981
248 0.0038020783104002476
249 0.0039043882861733437
250 0.0037001539021730423
251 0.003570975735783577
252 0.003911707084625959
253 0.0037191014271229506
254 0.0040314714424312115
255 0.0037845661863684654
