0 0.0039067924953997135
1 0.003338505746796727
2 0.0036035615485161543
3 0.003906881902366877
4 0.0038988429587334394
5 0.0036136722192168236
6 0.004079327918589115
7 0.0040948898531496525
8 0.004251107573509216
9 0.003451600205153227
10 0.004260322544723749
11 0.003892230335623026
12 0.0036363997496664524
13 0.004008078016340733
14 0.0038029924035072327
15 0.0040632071904838085
16 0.003967463504523039
17 0.003965991083532572
18 0.0036446149460971355
19 0.004053948447108269
20 0.00407959520816803
21 0.004052234813570976
22 0.004014132544398308
23 0.0037319122347980738
24 0.004006907343864441
25 0.004223248455673456
26 0.003952695056796074
27 0.0039439634419977665
28 0.004099641460925341
29 0.003963680472224951
30 0.004345844965428114
31 0.0039293235167860985
32 0.003574262373149395
33 0.003613838227465749
34 0.003333145985379815
35 0.004084286279976368
36 0.004106734413653612
37 0.0039045216981321573
38 0.004119886085391045
39 0.0041582114063203335
40 0.004065514542162418
41 0.003706881310790777
42 0.004054999444633722
43 0.003732407931238413
44 0.0038687263149768114
45 0.0037944046780467033
46 0.004221194889396429
47 0.004279808606952429
48 0.003931246232241392
49 0.003733490826562047
50 0.004004454240202904
51 0.0035431161522865295
52 0.00403981888666749
53 0.003920165356248617
54 0.003701997920870781
55 0.004309018608182669
56 0.004165870603173971
57 0.003992128185927868
58 0.0036099907010793686
59 0.0037975769955664873
60 0.0036861728876829147
61 0.004047995433211327
62 0.004250901285558939
63 0.003653591964393854
64 0.003871799446642399
65 0.0038455002941191196
66 0.003905999707058072
67 0.0037384519819170237
68 0.003951763268560171
69 0.0039679501205682755
70 0.004254728555679321
71 0.0036990512162446976
72 0.003980390727519989
73 0.003916753455996513
74 0.003928071353584528
75 0.004463122226297855
76 0.004221975803375244
77 0.004149869084358215
78 0.0037790376227349043
79 0.004025878384709358
80 0.0037084051873534918
81 0.004089069552719593
82 0.004002533853054047
83 0.0036548799835145473
84 0.003919190261512995
85 0.003659011796116829
86 0.003861311124637723
87 0.003919082228094339
88 0.0035999498795717955
89 0.003655009903013706
90 0.00404485734179616
91 0.0038909234572201967
92 0.004085966385900974
93 0.004050962161272764
94 0.0037220665253698826
95 0.00393466092646122
96 0.004087515641003847
97 0.004289006348699331
98 0.0036696456372737885
99 0.004193424712866545
100 0.004039115738123655
101 0.004130401182919741
102 0.003637701738625765
103 0.0041544451378285885
104 0.0037878016009926796
105 0.004191091749817133
106 0.0039029987528920174
107 0.004433522466570139
108 0.004271561745554209
109 0.003971473779529333
110 0.004209811799228191
111 0.003819951554760337
112 0.0036348651628941298
113 0.0040632025338709354
114 0.004039366729557514
115 0.0038899960927665234
116 0.004020928405225277
117 0.0038180702831596136
118 0.003496755613014102
119 0.00366712873801589
120 0.0041272882372140884
121 0.004219365771859884
122 0.004597581923007965
123 0.004050138872116804
124 0.004023557063192129
125 0.003959959838539362
126 0.00429307296872139
127 0.003911601845175028
128 0.0037343865260481834
129 0.0035713401157408953
130 0.0036702770739793777
131 0.0035485404077917337
132 0.003890913212671876
133 0.0041791764087975025
134 0.003745089750736952
135 0.003576003946363926
136 0.004156853072345257
137 0.003909528721123934
138 0.003915799781680107
139 0.003793975105509162
140 0.0037713656201958656
141 0.0036440964322537184
142 0.0037821917794644833
143 0.0035374697763472795
144 0.003711985656991601
145 0.003907290752977133
146 0.0038422157522290945
147 0.0037063697818666697
148 0.003991361241787672
149 0.0038329719100147486
150 0.003987335134297609
151 0.004019569605588913
152 0.0037199249491095543
153 0.003759627928957343
154 0.003782574785873294
155 0.003650057828053832
156 0.0036559654399752617
157 0.0037179426290094852
158 0.003885485464707017
159 0.003607223043218255
160 0.0037259284872561693
161 0.0038322657346725464
162 0.004441642668098211
163 0.0037773686926811934
164 0.003687812015414238
165 0.004106986336410046
166 0.004038429353386164
167 0.003783873748034239
168 0.0039867497980594635
169 0.0040533095598220825
170 0.003824586747214198
171 0.0038158479146659374
172 0.0037305669393390417
173 0.0039008010644465685
174 0.004033023025840521
175 0.004110496956855059
176 0.004248854238539934
177 0.0037347350735217333
178 0.0035243681631982327
179 0.0037465651985257864
180 0.003787563182413578
181 0.004190173465758562
182 0.0039042741991579533
183 0.003686306532472372
184 0.003945762757211924
185 0.0042617726139724255
186 0.003537929616868496
187 0.0036415059585124254
188 0.004116331227123737
189 0.0038351810071617365
190 0.003997953608632088
191 0.0037402459420263767
192 0.003815362462773919
193 0.0039952946826815605
194 0.00406276248395443
195 0.004137445706874132
196 0.004245636519044638
197 0.0037323529832065105
198 0.003956017550081015
199 0.0038663791492581367
200 0.0037821175064891577
201 0.0038119598757475615
202 0.00383548391982913
203 0.003574612783268094
204 0.003679324872791767
205 0.003703700378537178
206 0.0036324027460068464
207 0.003885202342644334
208 0.0040650456212460995
209 0.004239193629473448
210 0.0037191887386143208
211 0.0040475549176335335
212 0.0035842773504555225
213 0.0038837979082018137
214 0.004176827147603035
215 0.004127670545130968
216 0.003972128964960575
217 0.004139317665249109
218 0.00377904181368649
219 0.003924642223864794
220 0.003983017522841692
221 0.0038860971108078957
222 0.0037154224701225758
223 0.00403762748464942
224 0.0038559117820113897
225 0.003879821626469493
226 0.004198609851300716
227 0.003823067992925644
228 0.003880842123180628
229 0.004229541402310133
230 0.003603530116379261
231 0.004242496099323034
232 0.003930093254894018
233 0.0037582777440547943
234 0.0037345117889344692
235 0.003988344222307205
236 0.004081070888787508
237 0.0038720087613910437
238 0.003697575069963932
239 0.004044795408844948
240 0.004071421455591917
241 0.003988976590335369
242 0.003594381734728813
243 0.0036041210405528545
244 0.0038600594270974398
245 0.003814524970948696
246 0.004162146244198084
247 0.003971877507865429
248 0.0038079945370554924
249 0.003862689947709441
250 0.003642954397946596
251 0.0036196555010974407
252 0.003852337831631303
253 0.003579520620405674
254 0.004038640763610601
255 0.003866702551022172
