0 0.003984099719673395
1 0.0034570558927953243
2 0.003938636742532253
3 0.003961002919822931
4 0.00421772850677371
5 0.003967237193137407
6 0.003955162595957518
7 0.003991476260125637
8 0.0042397030629217625
9 0.0035634420346468687
10 0.004187786485999823
11 0.003942291252315044
12 0.0036940351128578186
13 0.0038838358595967293
14 0.0037382447626441717
15 0.00392793957144022
16 0.0039613815024495125
17 0.0041941991075873375
18 0.00391277065500617
19 0.003888149745762348
20 0.004158138297498226
21 0.004099439829587936
22 0.0038956550415605307
23 0.0038012443110346794
24 0.004037942737340927
25 0.003923474345356226
26 0.003897702554240823
27 0.004093230701982975
28 0.004107855260372162
29 0.003767422866076231
30 0.004241141956299543
31 0.0041150180622935295
32 0.0035387680400162935
33 0.003564649261534214
34 0.00358761427924037
35 0.003989501856267452
36 0.004091867711395025
37 0.0036552136298269033
38 0.004008794203400612
39 0.003907132428139448
40 0.003965186886489391
41 0.003429914591833949
42 0.003971312195062637
43 0.0039821527898311615
44 0.0038799059111624956
45 0.0038416157476603985
46 0.00406974833458662
47 0.004346778616309166
48 0.00398646155372262
49 0.0037834157701581717
50 0.004159008618444204
51 0.0035017274785786867
52 0.00415312685072422
53 0.003707678522914648
54 0.003994698170572519
55 0.003924976103007793
56 0.004168864339590073
57 0.0035955605562776327
58 0.0039266375824809074
59 0.0038237893022596836
60 0.0038370650727301836
61 0.004070430528372526
62 0.0043817502446472645
63 0.003742106491699815
64 0.003979172091931105
65 0.0037959597539156675
66 0.003856143681332469
67 0.0038747431244701147
68 0.003893716959282756
69 0.0037371935322880745
70 0.00419373856857419
71 0.00387354358099401
72 0.0038023015949875116
73 0.0036643382627516985
74 0.0037983618676662445
75 0.004197754431515932
76 0.003819036530330777
77 0.004064594395458698
78 0.0040722861886024475
79 0.0035569733008742332
80 0.0036280883941799402
81 0.003929977770894766
82 0.003990147728472948
83 0.0037196686025708914
84 0.0039643594063818455
85 0.0038461179938167334
86 0.0036630267277359962
87 0.0037369506899267435
88 0.00367672648280859
89 0.0036759173963218927
90 0.0040440489538013935
91 0.003819491248577833
92 0.0038889620918780565
93 0.004188502207398415
94 0.0036614183336496353
95 0.00379627151414752
96 0.0040263100527226925
97 0.004076943267136812
98 0.003866210812702775
99 0.003994875121861696
100 0.003915448673069477
101 0.004277639556676149
102 0.0037596256006509066
103 0.0042248377576470375
104 0.003600785043090582
105 0.004230286926031113
106 0.003945736214518547
107 0.00451884837821126
108 0.004219249822199345
109 0.004081686958670616
110 0.003911021165549755
111 0.003820839338004589
112 0.0038639670237898827
113 0.004127706401050091
114 0.003932526335120201
115 0.0036867724265903234
116 0.0038655991666018963
117 0.003975181374698877
118 0.003718511899933219
119 0.003805862506851554
120 0.003910805564373732
121 0.004106225911527872
122 0.00440901517868042
123 0.0039501492865383625
124 0.004337064456194639
125 0.003779948689043522
126 0.004331603646278381
127 0.0036764475516974926
128 0.0035590296611189842
129 0.003584979334846139
130 0.003720769425854087
131 0.003668791614472866
132 0.0038001760840415955
133 0.004374582786113024
134 0.0039018297102302313
135 0.0034897634759545326
136 0.00436722906306386
137 0.0038376846350729465
138 0.003928765654563904
139 0.003715618047863245
140 0.0037610477302223444
141 0.0034529215190559626
142 0.0039728134870529175
143 0.003916600253432989
144 0.003496012883260846
145 0.0040258197113871574
146 0.004088381305336952
147 0.0037933513522148132
148 0.0038924359250813723
149 0.003942277282476425
150 0.004085649270564318
151 0.004002933856099844
152 0.0037092668935656548
153 0.0038515906780958176
154 0.00388275645673275
155 0.003506620181724429
156 0.0038525820709764957
157 0.0036518548149615526
158 0.0038504875265061855
159 0.0036739404313266277
160 0.0037279443349689245
161 0.0036164827179163694
162 0.004204580094665289
163 0.0035659377463161945
164 0.003701163223013282
165 0.0036546133924275637
166 0.004049780312925577
167 0.003955278545618057
168 0.0041388352401554585
169 0.004040347412228584
170 0.0037799356505274773
171 0.004082658793777227
172 0.0038432541768997908
173 0.003908257465809584
174 0.0039477660320699215
175 0.00405952287837863
176 0.004410549532622099
177 0.003873278386890888
178 0.0035372949205338955
179 0.0035062392707914114
180 0.0037442450411617756
181 0.004181746859103441
182 0.004259915091097355
183 0.0038650284986943007
184 0.004006075672805309
185 0.004136115778237581
186 0.0036242769565433264
187 0.0038272705860435963
188 0.003718065796419978
189 0.004037830978631973
190 0.004222402349114418
191 0.0037164774257689714
192 0.00390623789280653
193 0.004203455522656441
194 0.004034328740090132
195 0.004110557027161121
196 0.004152409266680479
197 0.0038396723102778196
198 0.003932127263396978
199 0.0038606696762144566
200 0.0038779755122959614
201 0.0038585246074944735
202 0.0038656454998999834
203 0.0038782835472375154
204 0.0037578726187348366
205 0.003711049212142825
206 0.0038154534995555878
207 0.004013995639979839
208 0.004074976779520512
209 0.004140529315918684
210 0.003618143731728196
211 0.004185826051980257
212 0.003535719122737646
213 0.0037827040068805218
214 0.004328499082475901
215 0.0040073213167488575
216 0.004022328183054924
217 0.004105305299162865
218 0.003952154889702797
219 0.0037420731969177723
220 0.0037594980094581842
221 0.003967088647186756
222 0.003903536591678858
223 0.004062993451952934
224 0.0037670356687158346
225 0.0037697353400290012
226 0.0041346559301018715
227 0.00378342904150486
228 0.003963104449212551
229 0.004339199513196945
230 0.003965149633586407
231 0.004190064035356045
232 0.0039800298400223255
233 0.0037331171333789825
234 0.0038773149717599154
235 0.0037918733432888985
236 0.003992556128650904
237 0.0038582750130444765
238 0.0036785562988370657
239 0.003960861824452877
240 0.0039908261969685555
241 0.0038642713334411383
242 0.003843067679554224
243 0.0038021751679480076
244 0.003912263549864292
245 0.0038178754039108753
246 0.004064246546477079
247 0.004019913729280233
248 0.003982940688729286
249 0.003830118104815483
250 0.003623343538492918
251 0.0036547682248055935
252 0.003722255816683173
253 0.003790457034483552
254 0.0037050615064799786
255 0.0035935859195888042
