0 0.0038633320946246386
1 0.003339445451274514
2 0.003748491173610091
3 0.004093690309673548
4 0.004123179242014885
5 0.003785134060308337
6 0.004209605511277914
7 0.004088784102350473
8 0.004194367211312056
9 0.0036285491660237312
10 0.004136200528591871
11 0.003810093505308032
12 0.0036080549471080303
13 0.003887044731527567
14 0.0038597197271883488
15 0.0038380930200219154
16 0.0039327871054410934
17 0.003958850167691708
18 0.0036588339135050774
19 0.0038372711278498173
20 0.004211763851344585
21 0.004231091123074293
22 0.0040291897021234035
23 0.0036825155839323997
24 0.00387318292632699
25 0.0039436426013708115
26 0.003867762628942728
27 0.003927317447960377
28 0.003975757397711277
29 0.0038733051624149084
30 0.004055050201714039
31 0.0038868954870849848
32 0.003713583806529641
33 0.0036266546230763197
34 0.0034795498941093683
35 0.00390339526347816
36 0.0040229205042123795
37 0.0038230151403695345
38 0.003931306768208742
39 0.0040618679486215115
40 0.004107394255697727
41 0.003339532297104597
42 0.0038490635342895985
43 0.003922541160136461
44 0.00387125788256526
45 0.004043984226882458
46 0.004232018254697323
47 0.004226746037602425
48 0.004017098341137171
49 0.003951412159949541
50 0.004162006080150604
51 0.0034786819014698267
52 0.0040752519853413105
53 0.0038736925926059484
54 0.0038112588226795197
55 0.0039881691336631775
56 0.004049471113830805
57 0.003860955825075507
58 0.003926473204046488
59 0.0038919607177376747
60 0.0038065852131694555
61 0.0038925271946936846
62 0.004006179049611092
63 0.00366220367141068
64 0.004178530536592007
65 0.0037471905816346407
66 0.003946379292756319
67 0.004035664722323418
68 0.003890515537932515
69 0.004195717629045248
70 0.0041627478785812855
71 0.003998810425400734
72 0.003918485715985298
73 0.003899593837559223
74 0.0038937211502343416
75 0.004358349833637476
76 0.0038163415156304836
77 0.003974918741732836
78 0.003777100471779704
79 0.0037794222589582205
80 0.004028121009469032
81 0.004112036433070898
82 0.003908193204551935
83 0.003481695195659995
84 0.0039842333644628525
85 0.0037087982054799795
86 0.003856182564049959
87 0.003858603537082672
88 0.003479880280792713
89 0.0037332468200474977
90 0.004026985727250576
91 0.003923354670405388
92 0.0038713456597179174
93 0.004140757489949465
94 0.0038887884002178907
95 0.0038879388011991978
96 0.003920012153685093
97 0.004106984008103609
98 0.0037446576170623302
99 0.004075104370713234
100 0.0038008487317711115
101 0.0042637926526367664
102 0.0037577874027192593
103 0.004180565942078829
104 0.003741753986105323
105 0.0041190097108483315
106 0.003812419017776847
107 0.004321365151554346
108 0.004094615578651428
109 0.003944484516978264
110 0.00410945201292634
111 0.0036410042084753513
112 0.0036543868482112885
113 0.0042929574847221375
114 0.0041437032632529736
115 0.0037989492993801832
116 0.00391862029209733
117 0.0037993011064827442
118 0.003622370073571801
119 0.003986094146966934
120 0.003977728076279163
121 0.0042008752934634686
122 0.004216954577714205
123 0.0036678723990917206
124 0.004052828066051006
125 0.003949545789510012
126 0.004176054149866104
127 0.003850731998682022
128 0.0036115895491093397
129 0.0036892984062433243
130 0.00360513711348176
131 0.003612829139456153
132 0.003968597389757633
133 0.003891676664352417
134 0.003968217875808477
135 0.003808028530329466
136 0.0041223750449717045
137 0.0037882057949900627
138 0.004077048972249031
139 0.0039411368779838085
140 0.0035676828119903803
141 0.0035991021431982517
142 0.003950880840420723
143 0.003917711786925793
144 0.0036703990772366524
145 0.003906705416738987
146 0.003775688586756587
147 0.003860010765492916
148 0.0038321511819958687
149 0.003964099567383528
150 0.003982133232057095
151 0.004083927255123854
152 0.0036028174217790365
153 0.0037265268620103598
154 0.004050168674439192
155 0.003687116317451
156 0.003616936970502138
157 0.003814501455053687
158 0.003991996869444847
159 0.0036843838170170784
160 0.003737100400030613
161 0.003914281260222197
162 0.004374794661998749
163 0.0035770812537521124
164 0.003709878074005246
165 0.0038202705327421427
166 0.003870406886562705
167 0.004005604889243841
168 0.0042964993044734
169 0.004050285089761019
170 0.003906297031790018
171 0.003937477245926857
172 0.003688560565933585
173 0.0037318021059036255
174 0.004190752748399973
175 0.003959158435463905
176 0.004235242959111929
177 0.0038321197498589754
178 0.003578599076718092
179 0.0035950862802565098
180 0.003888304578140378
181 0.004222547169774771
182 0.003976485226303339
183 0.003798635443672538
184 0.0038739237934350967
185 0.004319305066019297
186 0.0036853470373898745
187 0.003905969439074397
188 0.003907815553247929
189 0.0039042772259563208
190 0.0038213920779526234
191 0.0037349232006818056
192 0.003927443642169237
193 0.003925389610230923
194 0.004173695109784603
195 0.004387049935758114
196 0.004380876664072275
197 0.0037740683183073997
198 0.0039024557918310165
199 0.003698325715959072
200 0.0037724212743341923
201 0.00382792204618454
202 0.003912375774234533
203 0.0038789890240877867
204 0.003858353476971388
205 0.0037668279837816954
206 0.0035773387644439936
207 0.003980536479502916
208 0.003808256471529603
209 0.004167100880295038
210 0.003615526482462883
211 0.004267178010195494
212 0.0035622366704046726
213 0.003842835081741214
214 0.0038941383827477694
215 0.003979942295700312
216 0.004149740096181631
217 0.003984801471233368
218 0.003907002042979002
219 0.0037843245081603527
220 0.003908227663487196
221 0.004145162645727396
222 0.0036321987863630056
223 0.004071527160704136
224 0.0037185116671025753
225 0.0038458469789475203
226 0.003990553319454193
227 0.003945594187825918
228 0.004132841248065233
229 0.004184258636087179
230 0.003915451001375914
231 0.0041732038371264935
232 0.003970745485275984
233 0.0036337669007480145
234 0.0037321229465305805
235 0.003805076004937291
236 0.00408268254250288
237 0.003616978181526065
238 0.0035834130831062794
239 0.0041884128004312515
240 0.003950012847781181
241 0.003971914295107126
242 0.003990447614341974
243 0.0038302510511130095
244 0.004002647940069437
245 0.0037478755693882704
246 0.004213557578623295
247 0.004064834676682949
248 0.004197854083031416
249 0.0037438557483255863
250 0.0037514495197683573
251 0.0035212149377912283
252 0.003950468730181456
253 0.0037354270461946726
254 0.0039411806501448154
255 0.0038097621873021126
