0 0.0039312345907092094
1 0.003550171386450529
2 0.0036534646060317755
3 0.0038922112435102463
4 0.004260946996510029
5 0.0038769319653511047
6 0.004096993710845709
7 0.004092351067811251
8 0.004345170222222805
9 0.0034655635245144367
10 0.0040983110666275024
11 0.00392843596637249
12 0.003762926673516631
13 0.004046704154461622
14 0.003908865619450808
15 0.0039342306554317474
16 0.00423118332400918
17 0.004037337377667427
18 0.003880983917042613
19 0.004066842142492533
20 0.004013963975012302
21 0.004238715395331383
22 0.003659854643046856
23 0.0035321242175996304
24 0.004091361071914434
25 0.004045276436954737
26 0.003889545099809766
27 0.003952006343752146
28 0.004155954346060753
29 0.0037668622098863125
30 0.00440203258767724
31 0.0038698602002114058
32 0.0037274619098752737
33 0.0034887564834207296
34 0.003480824874714017
35 0.004108123015612364
36 0.0043510678224265575
37 0.003586806124076247
38 0.004017449915409088
39 0.004283054266124964
40 0.0042609358206391335
41 0.0033077870029956102
42 0.0037705106660723686
43 0.00396310118958354
44 0.003636562032625079
45 0.003970956429839134
46 0.004085778724402189
47 0.004263508133590221
48 0.004070643335580826
49 0.0038595509249716997
50 0.004020918160676956
51 0.0034221766982227564
52 0.004047144670039415
53 0.0038285544142127037
54 0.0040972474962472916
55 0.004330778028815985
56 0.003997361287474632
57 0.0037783626466989517
58 0.0038771654944866896
59 0.0036496175453066826
60 0.0036824282724410295
61 0.003933888394385576
62 0.004046344663947821
63 0.003773532109335065
64 0.0037993863224983215
65 0.0038717356510460377
66 0.003850765060633421
67 0.0037677709478884935
68 0.004061270505189896
69 0.0041020712815225124
70 0.004440744873136282
71 0.003801428247243166
72 0.003851683810353279
73 0.0038673742674291134
74 0.00376964476890862
75 0.004338476806879044
76 0.0038380322512239218
77 0.00381688610650599
78 0.003915147390216589
79 0.0037041818723082542
80 0.0036741909570991993
81 0.004026510752737522
82 0.004045029170811176
83 0.0035406218376010656
84 0.0039931489154696465
85 0.003867380553856492
86 0.003735705278813839
87 0.0037846385966986418
88 0.003678522538393736
89 0.003622838295996189
90 0.004066708497703075
91 0.003928130958229303
92 0.003965439740568399
93 0.004118490032851696
94 0.0038807280361652374
95 0.0038910487201064825
96 0.003928390331566334
97 0.0041943760588765144
98 0.0037349017802625895
99 0.004313959274441004
100 0.0038891283329576254
101 0.004182123579084873
102 0.003738567465916276
103 0.0038597669918090105
104 0.003662287490442395
105 0.0039864773862063885
106 0.003824645886197686
107 0.0044868504628539085
108 0.00408913241699338
109 0.0038676438853144646
110 0.004094957839697599
111 0.003775126300752163
112 0.003678050357848406
113 0.004273429978638887
114 0.003917335532605648
115 0.003675919258967042
116 0.003892583539709449
117 0.0041357725858688354
118 0.0036763420794159174
119 0.004105236381292343
120 0.00396150816231966
121 0.004256312269717455
122 0.004045052453875542
123 0.0036785679403692484
124 0.003991912584751844
125 0.0039735413156449795
126 0.0040638018399477005
127 0.0036282872315496206
128 0.0036385012790560722
129 0.003721191780641675
130 0.0038528311997652054
131 0.003897505346685648
132 0.003969395998865366
133 0.004602552391588688
134 0.0038219091948121786
135 0.0036495563108474016
136 0.004360772669315338
137 0.0039475541561841965
138 0.003920984920114279
139 0.003874602261930704
140 0.003659406676888466
141 0.003593672998249531
142 0.003868625732138753
143 0.003765646368265152
144 0.0034986832179129124
145 0.004450036212801933
146 0.0038117810618132353
147 0.004036854021251202
148 0.0040807160548865795
149 0.0038362224586308002
150 0.004259352106601
151 0.0039612590335309505
152 0.0036979070864617825
153 0.0038246572948992252
154 0.004070278722792864
155 0.0037596372421830893
156 0.003926354460418224
157 0.0036041655112057924
158 0.003915767185389996
159 0.003793885465711355
160 0.0036687434185296297
161 0.003847791813313961
162 0.0042321039363741875
163 0.0035854100715368986
164 0.003684691386297345
165 0.003785202046856284
166 0.004094189498573542
167 0.003973803482949734
168 0.004228923469781876
169 0.004059555009007454
170 0.0036921044811606407
171 0.003969715908169746
172 0.003591404529288411
173 0.0037806392647325993
174 0.004036220256239176
175 0.0038857117760926485
176 0.00428052619099617
177 0.004080614540725946
178 0.0036732458975166082
179 0.0035744868218898773
180 0.003953338135033846
181 0.004116513300687075
182 0.004001768305897713
183 0.00378014356829226
184 0.003962616436183453
185 0.0040683439001441
186 0.0033712342847138643
187 0.0037520844489336014
188 0.0038497657515108585
189 0.003820796264335513
190 0.004110774025321007
191 0.0036364877596497536
192 0.0036786296404898167
193 0.004106798209249973
194 0.004083601757884026
195 0.004395673982799053
196 0.00436398247256875
197 0.0037513060960918665
198 0.003682062029838562
199 0.003798691788688302
200 0.0038910554721951485
201 0.0038474693428725004
202 0.004000476095825434
203 0.0037243482656776905
204 0.00390615058131516
205 0.003966071642935276
206 0.00397540582343936
207 0.004229879472404718
208 0.004072175826877356
209 0.0040804604068398476
210 0.003633243730291724
211 0.004503249656409025
212 0.003401468973606825
213 0.0037839943543076515
214 0.004064377397298813
215 0.003930311184376478
216 0.003741435008123517
217 0.0040519931353628635
218 0.003914623986929655
219 0.0037283324636518955
220 0.0038558808155357838
221 0.004052110482007265
222 0.0037900132592767477
223 0.004166336730122566
224 0.003938627429306507
225 0.003806982422247529
226 0.003956920932978392
227 0.003968646749854088
228 0.004224878270179033
229 0.003870823420584202
230 0.003850215347483754
231 0.004067186266183853
232 0.0038381528574973345
233 0.0036017720121890306
234 0.003719813423231244
235 0.003670044708997011
236 0.0038597537204623222
237 0.003704317146912217
238 0.0035284378100186586
239 0.004261879250407219
240 0.0037385253235697746
241 0.0036885528825223446
242 0.00396494846791029
243 0.0037736196536570787
244 0.0038338613230735064
245 0.003941361326724291
246 0.004015645477920771
247 0.003938486333936453
248 0.003853793488815427
249 0.003717290936037898
250 0.0035278694704174995
251 0.003496668767184019
252 0.004023445304483175
253 0.0035648976918309927
254 0.003835599170997739
255 0.0036296762991696596
