0 0.003931835759431124
1 0.0035066502168774605
2 0.003800429869443178
3 0.004106130916625261
4 0.004210908897221088
5 0.0038499003276228905
6 0.003804624080657959
7 0.0043250396847724915
8 0.0042874012142419815
9 0.0037780716083943844
10 0.0041962964460253716
11 0.0035030748695135117
12 0.003441064851358533
13 0.003951060585677624
14 0.0038905926048755646
15 0.004042377229779959
16 0.004177228547632694
17 0.0039274259470403194
18 0.00387340085580945
19 0.004047673661261797
20 0.00421143788844347
21 0.004194012377411127
22 0.003914198838174343
23 0.00381363183259964
24 0.004020672291517258
25 0.004096606746315956
26 0.0036335433833301067
27 0.003893430344760418
28 0.004259980283677578
29 0.003874103305861354
30 0.004131148103624582
31 0.003574614878743887
32 0.00357984215952456
33 0.0037960882764309645
34 0.003649461315944791
35 0.0038708217907696962
36 0.004362624604254961
37 0.0037929313257336617
38 0.004035183694213629
39 0.004354022443294525
40 0.0042388844303786755
41 0.0034100422635674477
42 0.0039012222550809383
43 0.0038859264459460974
44 0.0039711263962090015
45 0.004124700557440519
46 0.0040312218479812145
47 0.004427959211170673
48 0.004001402761787176
49 0.0037463242188096046
50 0.0039041677955538034
51 0.0035042392555624247
52 0.0038619835395365953
53 0.0038163335993885994
54 0.003961336333304644
55 0.0042266263626515865
56 0.004137997515499592
57 0.0037357769906520844
58 0.003785652806982398
59 0.003644836600869894
60 0.0037892633117735386
61 0.003751979675143957
62 0.003980027511715889
63 0.0036468706093728542
64 0.003993861377239227
65 0.0037307757884263992
66 0.004040357191115618
67 0.0037160140927881002
68 0.0038671919610351324
69 0.004048578441143036
70 0.004337303806096315
71 0.003831653855741024
72 0.003909457940608263
73 0.0036167879588901997
74 0.0039772288873791695
75 0.0043205516412854195
76 0.003834579372778535
77 0.0037944894284009933
78 0.003682783804833889
79 0.003667157143354416
80 0.0038950738962739706
81 0.004152826499193907
82 0.004214508458971977
83 0.003508737776428461
84 0.004038228653371334
85 0.0036539642605930567
86 0.003878070041537285
87 0.0037399923894554377
88 0.0034764083102345467
89 0.0038326263893395662
90 0.00426205899566412
91 0.0036858825478702784
92 0.004085144028067589
93 0.004331517033278942
94 0.003877652110531926
95 0.003629577811807394
96 0.004059408791363239
97 0.004329098854213953
98 0.003718836000189185
99 0.0040038153529167175
100 0.003763730637729168
101 0.004283578600734472
102 0.0038146108854562044
103 0.0039901756681501865
104 0.0036722233053296804
105 0.00399848073720932
106 0.0034714853391051292
107 0.004227330442517996
108 0.0043690986931324005
109 0.004098245408385992
110 0.004191787447780371
111 0.004008074756711721
112 0.003867549356073141
113 0.004517864435911179
114 0.004003334790468216
115 0.0037004859186708927
116 0.0037762760184705257
117 0.004024653695523739
118 0.0038867024704813957
119 0.003943576943129301
120 0.003979945555329323
121 0.0043595293536782265
122 0.0043628322891891
123 0.003599435556679964
124 0.0041432930156588554
125 0.003900103038176894
126 0.004159899894148111
127 0.0038335889112204313
128 0.003486763220280409
129 0.003779106540605426
130 0.0038069584406912327
131 0.0035185585729777813
132 0.004070366267114878
133 0.004217660985887051
134 0.003982974216341972
135 0.003775116289034486
136 0.004083008971065283
137 0.0039846464060246944
138 0.0039234166033566
139 0.003793036099523306
140 0.0035461178049445152
141 0.0035623153671622276
142 0.003937538713216782
143 0.00368734379298985
144 0.0034280659165233374
145 0.004285494796931744
146 0.003924221731722355
147 0.004057638812810183
148 0.0036721809301525354
149 0.003642420517280698
150 0.0037717989180237055
151 0.003999463282525539
152 0.0035170549526810646
153 0.0038251765072345734
154 0.0038101142272353172
155 0.003600558266043663
156 0.003709463169798255
157 0.003934788983315229
158 0.004254148341715336
159 0.0035484496038407087
160 0.003744215704500675
161 0.0038527310825884342
162 0.004344344604760408
163 0.0035130188334733248
164 0.0039253537543118
165 0.003995797596871853
166 0.003942638635635376
167 0.003749140538275242
168 0.0041513931937515736
169 0.003987426403909922
170 0.0038734613917768
171 0.003947803284972906
172 0.0033631836995482445
173 0.003829673398286104
174 0.004209224600344896
175 0.0038311074022203684
176 0.004311304539442062
177 0.003632081439718604
178 0.0035231956280767918
179 0.003656343324109912
180 0.0038914319593459368
181 0.004166776314377785
182 0.004029246047139168
183 0.0038311704993247986
184 0.0037146531976759434
185 0.004208238795399666
186 0.003506287932395935
187 0.0036814368795603514
188 0.004336266778409481
189 0.003917102701961994
190 0.0038009444251656532
191 0.003719637868925929
192 0.0038565450813621283
193 0.003943182993680239
194 0.004190480336546898
195 0.004273869097232819
196 0.004260275978595018
197 0.003778239479288459
198 0.003981271758675575
199 0.0038350161630660295
200 0.0037859680596739054
201 0.00378489145077765
202 0.004070956259965897
203 0.00385269895195961
204 0.003921113908290863
205 0.003843517741188407
206 0.0037260176613926888
207 0.004157079849392176
208 0.004164240323007107
209 0.004106516484171152
210 0.003620194038376212
211 0.00420578196644783
212 0.0035752628464251757
213 0.0035885816905647516
214 0.004045275039970875
215 0.003933338914066553
216 0.003977395594120026
217 0.00402678269892931
218 0.0038851173594594
219 0.003804777981713414
220 0.003808979643508792
221 0.0039667184464633465
222 0.0036371287424117327
223 0.00424220459535718
224 0.003713283920660615
225 0.004026646725833416
226 0.004003622103482485
227 0.003972397651523352
228 0.0040176017209887505
229 0.003942072857171297
230 0.0038012193981558084
231 0.00413237139582634
232 0.004048003349453211
233 0.003762941574677825
234 0.0036804175470024347
235 0.0037044151686131954
236 0.00408242316916585
237 0.0038935572374612093
238 0.003601438831537962
239 0.00415246095508337
240 0.003891469445079565
241 0.003881277283653617
242 0.0036886304151266813
243 0.003746604546904564
244 0.0037650896701961756
245 0.0037629948928952217
246 0.004431562032550573
247 0.0038993668276816607
248 0.004067688714712858
249 0.0037460990715771914
250 0.003782296786084771
251 0.003629528684541583
252 0.003949281293898821
253 0.003688036696985364
254 0.0036852594930678606
255 0.0037923811469227076
