0 0.0037944328505545855
1 0.0033424135763198137
2 0.0037738389801234007
3 0.004000223241746426
4 0.004297260660678148
5 0.003782579442486167
6 0.004043159075081348
7 0.004076940473169088
8 0.00435250997543335
9 0.0036761017981916666
10 0.004153639543801546
11 0.00398260960355401
12 0.0036816520150750875
13 0.0040442547760903835
14 0.003754548728466034
15 0.0038649332709610462
16 0.003747677430510521
17 0.004198400303721428
18 0.0037283366546034813
19 0.003879270749166608
20 0.003963548224419355
21 0.004233045037835836
22 0.003787227673456073
23 0.0035911027807742357
24 0.003760926192626357
25 0.004197295289486647
26 0.004026326350867748
27 0.003899544244632125
28 0.004224841948598623
29 0.003953416366130114
30 0.004418510012328625
31 0.003875334281474352
32 0.0034763857256621122
33 0.0036818538792431355
34 0.0034999691415578127
35 0.003892423352226615
36 0.004096895921975374
37 0.0038051195442676544
38 0.004146816208958626
39 0.004132432863116264
40 0.0040487064979970455
41 0.0033035266678780317
42 0.003917313180863857
43 0.0036099085118621588
44 0.003942941315472126
45 0.0040603806264698505
46 0.004228305537253618
47 0.004139034077525139
48 0.004024600610136986
49 0.003845158265903592
50 0.004190016537904739
51 0.0036025801673531532
52 0.004086596891283989
53 0.003740648739039898
54 0.003772478085011244
55 0.004084451589733362
56 0.0039445762522518635
57 0.00384883931837976
58 0.004063963424414396
59 0.0038913972675800323
60 0.0038000657223165035
61 0.0041416906751692295
62 0.004286766517907381
63 0.0036820131354033947
64 0.003931595478206873
65 0.003685629926621914
66 0.003911009058356285
67 0.0039083692245185375
68 0.003874249290674925
69 0.004134612623602152
70 0.004288280848413706
71 0.004189308732748032
72 0.003981184680014849
73 0.003689618082717061
74 0.003998864907771349
75 0.004402601160109043
76 0.0039156717248260975
77 0.00399765046313405
78 0.003780537750571966
79 0.0038211471401154995
80 0.003637920133769512
81 0.004024185705929995
82 0.0037780478596687317
83 0.0035778526216745377
84 0.0038281811866909266
85 0.0036451402120292187
86 0.003717282088473439
87 0.003966804593801498
88 0.003583890153095126
89 0.003567200154066086
90 0.004002513829618692
91 0.00399582227692008
92 0.003938162233680487
93 0.004274867940694094
94 0.00377640756778419
95 0.003998063039034605
96 0.003915256820619106
97 0.004110103473067284
98 0.0038142993580549955
99 0.003988719545304775
100 0.003978095483034849
101 0.004128044005483389
102 0.003751325188204646
103 0.004034643527120352
104 0.00396030955016613
105 0.004121597856283188
106 0.004197836387902498
107 0.004363712854683399
108 0.004191527608782053
109 0.003916970454156399
110 0.0042715370655059814
111 0.0038059877697378397
112 0.003623641561716795
113 0.00420925859361887
114 0.004086385015398264
115 0.0038274533580988646
116 0.004064747132360935
117 0.0039020320400595665
118 0.003740899031981826
119 0.003964344039559364
120 0.003956562373787165
121 0.0042376210913062096
122 0.004370821639895439
123 0.0038383235223591328
124 0.003910082392394543
125 0.004099713638424873
126 0.0040659052319824696
127 0.0038621192798018456
128 0.003632363397628069
129 0.0038053893949836493
130 0.003843187354505062
131 0.0037525000516325235
132 0.0037659876979887486
133 0.004202848765999079
134 0.003649973776191473
135 0.0037396906409412622
136 0.004261798691004515
137 0.003823481732979417
138 0.003896680660545826
139 0.0038646890316158533
140 0.003904141718521714
141 0.00362143712118268
142 0.0037869224324822426
143 0.00395026383921504
144 0.0034419044386595488
145 0.004183754324913025
146 0.0037202564999461174
147 0.0039785741828382015
148 0.004011599346995354
149 0.0039755855686962605
150 0.0041231499053537846
151 0.00417677965015173
152 0.0035781534388661385
153 0.0039681922644376755
154 0.003868695581331849
155 0.0038927088025957346
156 0.003706894116476178
157 0.0035222682636231184
158 0.004083114210516214
159 0.0037017264403402805
160 0.003633954329416156
161 0.003735379548743367
162 0.004244448151439428
163 0.003589567495509982
164 0.003689745906740427
165 0.0038148509338498116
166 0.003924371674656868
167 0.004185300786048174
168 0.004209423437714577
169 0.004029051400721073
170 0.003975504077970982
171 0.0038294645491987467
172 0.0038336871657520533
173 0.0037710273172706366
174 0.004030788317322731
175 0.004042242653667927
176 0.00410807877779007
177 0.003870020154863596
178 0.0035062776878476143
179 0.0037837184499949217
180 0.0037253235932439566
181 0.003982084337621927
182 0.0037756587844341993
183 0.0037426911294460297
184 0.0038583562709391117
185 0.004233717452734709
186 0.0035171767231076956
187 0.0036446931771934032
188 0.0038885611575096846
189 0.0038374243304133415
190 0.003849223954603076
191 0.003892963519319892
192 0.0038894922472536564
193 0.003907486796379089
194 0.00413516303524375
195 0.004413960501551628
196 0.0042300052009522915
197 0.003880251431837678
198 0.0036701560020446777
199 0.003941833972930908
200 0.0037590384017676115
201 0.003892738837748766
202 0.0038286265917122364
203 0.0039442479610443115
204 0.0038561890833079815
205 0.003879818134009838
206 0.003979666158556938
207 0.0040416475385427475
208 0.0038123009726405144
209 0.003973616287112236
210 0.003517697099596262
211 0.004098077770322561
212 0.0034844111651182175
213 0.0037576081231236458
214 0.004104487597942352
215 0.003834971459582448
216 0.0039042530115693808
217 0.003824051236733794
218 0.003865867154672742
219 0.003924166783690453
220 0.00402589188888669
221 0.003995940554887056
222 0.0035067638382315636
223 0.004123879596590996
224 0.00394396809861064
225 0.0038011628203094006
226 0.003935884218662977
227 0.0038852014113217592
228 0.0038484258111566305
229 0.004094887990504503
230 0.003651360748335719
231 0.004139728378504515
232 0.003917477559298277
233 0.0037194869946688414
234 0.003959710709750652
235 0.003797049866989255
236 0.0038816810119897127
237 0.003703899448737502
238 0.0036236781161278486
239 0.004080904182046652
240 0.0039190324023365974
241 0.003941120579838753
242 0.003908119164407253
243 0.003671528771519661
244 0.0038276673294603825
245 0.00392497330904007
246 0.004141900688409805
247 0.003980142064392567
248 0.004033161327242851
249 0.003589928848668933
250 0.003817899152636528
251 0.0036322621162980795
252 0.0037894833367317915
253 0.0037346796598285437
254 0.003902110969647765
255 0.0037813845556229353
