0 0.004016194026917219
1 0.003596970345824957
2 0.0037281415425240993
3 0.003994035068899393
4 0.004091301467269659
5 0.004009969532489777
6 0.004027825314551592
7 0.004143203608691692
8 0.004033098462969065
9 0.003657646244391799
10 0.003985716495662928
11 0.0037160906940698624
12 0.0037774471566081047
13 0.003956757020205259
14 0.0038792549166828394
15 0.003918819595128298
16 0.004111771006137133
17 0.0035699026193469763
18 0.0038585129659622908
19 0.0038708297070115805
20 0.004069256596267223
21 0.0041346377693116665
22 0.004164605867117643
23 0.0038146136794239283
24 0.004016097169369459
25 0.0040415748953819275
26 0.004058203659951687
27 0.0037873866967856884
28 0.004045287147164345
29 0.0038751494139432907
30 0.004093814175575972
31 0.0036138088908046484
32 0.0036392067559063435
33 0.0037134781014174223
34 0.0036684658844023943
35 0.00412875646725297
36 0.004125087056308985
37 0.0037682028487324715
38 0.003982291091233492
39 0.004317788407206535
40 0.004207653924822807
41 0.0034033767879009247
42 0.003745235502719879
43 0.00386603525839746
44 0.0037906162906438112
45 0.0039155250415205956
46 0.004215464927256107
47 0.004249716643244028
48 0.003918118309229612
49 0.0037249254528433084
50 0.0042013381607830524
51 0.003613270353525877
52 0.004016117192804813
53 0.003845621831715107
54 0.0037965828087180853
55 0.004124876577407122
56 0.004011503886431456
57 0.0038992706686258316
58 0.0038149624597281218
59 0.0036859812680631876
60 0.0037995490711182356
61 0.003851857967674732
62 0.00415442418307066
63 0.00382609642110765
64 0.0039011151529848576
65 0.003648902755230665
66 0.0038769233506172895
67 0.003682272043079138
68 0.004053797107189894
69 0.004134810995310545
70 0.004172376822680235
71 0.003917697351425886
72 0.004030289594084024
73 0.0036419988609850407
74 0.00387007649987936
75 0.004453971982002258
76 0.00407411390915513
77 0.0038408907130360603
78 0.0038187983445823193
79 0.0038287334609776735
80 0.003815275151282549
81 0.004036561585962772
82 0.003999373409897089
83 0.0037519412580877542
84 0.003925582859665155
85 0.0036758892238140106
86 0.003773099509999156
87 0.0037853363901376724
88 0.003725428367033601
89 0.003786551533266902
90 0.004000556189566851
91 0.0038619074039161205
92 0.00409102626144886
93 0.004163628909736872
94 0.0038675996474921703
95 0.003932524938136339
96 0.003943631425499916
97 0.00416575139388442
98 0.003970595076680183
99 0.004034827463328838
100 0.003784997621551156
101 0.004136551637202501
102 0.0037255766801536083
103 0.004043069202452898
104 0.0037272642366588116
105 0.004094004165381193
106 0.0037281441036611795
107 0.004412119742482901
108 0.004159881267696619
109 0.003717185463756323
110 0.00393272377550602
111 0.004092975985258818
112 0.0039028215687721968
113 0.004277982749044895
114 0.003893611254170537
115 0.003761687083169818
116 0.003908117767423391
117 0.004013681318610907
118 0.00369070447050035
119 0.0039210813120007515
120 0.003999859094619751
121 0.004093020688742399
122 0.0044447616674005985
123 0.003895730944350362
124 0.00401237653568387
125 0.0040925950743258
126 0.004128051921725273
127 0.004058971535414457
128 0.003632782958447933
129 0.0038984259590506554
130 0.003985988441854715
131 0.003645892022177577
132 0.0039639282040297985
133 0.0043806275352835655
134 0.0038060653023421764
135 0.003594257403165102
136 0.004218755755573511
137 0.003825601190328598
138 0.004073894117027521
139 0.0039086234755814075
140 0.0035361286718398333
141 0.0037717889063060284
142 0.003914553206413984
143 0.0035543288104236126
144 0.0036333207972347736
145 0.004235360771417618
146 0.003810710273683071
147 0.004004218615591526
148 0.003691541962325573
149 0.003689203877002001
150 0.003999920561909676
151 0.004244896583259106
152 0.0036977827548980713
153 0.003762848675251007
154 0.0037346926983445883
155 0.003505731699988246
156 0.0038497010245919228
157 0.0037387313786894083
158 0.0041480716317892075
159 0.00371284456923604
160 0.003762384643778205
161 0.0037281399127095938
162 0.004202463198453188
163 0.0037515810690820217
164 0.003841483499854803
165 0.003932108636945486
166 0.003979300614446402
167 0.0038217685651034117
168 0.00422977190464735
169 0.004061209037899971
170 0.0036640590988099575
171 0.003781719598919153
172 0.003712681122124195
173 0.003742929082363844
174 0.0040523153729736805
175 0.003805730724707246
176 0.004170328378677368
177 0.00374470092356205
178 0.0034522968344390392
179 0.003691032063215971
180 0.003961773123592138
181 0.00413257023319602
182 0.004035266116261482
183 0.0038552628830075264
184 0.00399198429659009
185 0.004249981138855219
186 0.003632091684266925
187 0.003964491654187441
188 0.003993763122707605
189 0.0038039505016058683
190 0.003883613971993327
191 0.003766360692679882
192 0.003735010279342532
193 0.0039002413395792246
194 0.004086913540959358
195 0.004238350782543421
196 0.004137212410569191
197 0.003692572470754385
198 0.003961585927754641
199 0.003813606919720769
200 0.003752022748813033
201 0.003733051707968116
202 0.0040091960690915585
203 0.0038377440068870783
204 0.003663571085780859
205 0.0037489908281713724
206 0.003594029229134321
207 0.003955906257033348
208 0.004130889195948839
209 0.0038680285215377808
210 0.003853903152048588
211 0.003992630634456873
212 0.003577596740797162
213 0.0037948274984955788
214 0.0040054963901638985
215 0.004161093384027481
216 0.004126987420022488
217 0.0040738447569310665
218 0.0037854493129998446
219 0.0038545276038348675
220 0.003785638604313135
221 0.0039415485225617886
222 0.0036675736773759127
223 0.004021741449832916
224 0.0038698939606547356
225 0.003979519475251436
226 0.00390996178612113
227 0.0039019614923745394
228 0.0041739982552826405
229 0.004067379981279373
230 0.003760233521461487
231 0.004063824657350779
232 0.004114951938390732
233 0.0038047616835683584
234 0.003598775016143918
235 0.0038139857351779938
236 0.00401979498565197
237 0.0039191837422549725
238 0.0038486828561872244
239 0.004034978337585926
240 0.0039644609205424786
241 0.0038874291349202394
242 0.0037899124436080456
243 0.0036458715330809355
244 0.0038816388696432114
245 0.004031904973089695
246 0.004128640051931143
247 0.0039646136574447155
248 0.0039276243187487125
249 0.003911219537258148
250 0.0037320321425795555
251 0.0036684691440314054
252 0.003906542900949717
253 0.0035674041137099266
254 0.0038647442124783993
255 0.0035907509736716747
