0 0.003878683550283313
1 0.0033718242775648832
2 0.0038849497213959694
3 0.00400014640763402
4 0.003956330940127373
5 0.003904149867594242
6 0.003821391612291336
7 0.004017052240669727
8 0.004108238033950329
9 0.003500714898109436
10 0.003937962930649519
11 0.003769821487367153
12 0.0036069313064217567
13 0.003735752310603857
14 0.003932571969926357
15 0.003979079890996218
16 0.003978023771196604
17 0.0038331393152475357
18 0.003759559243917465
19 0.003907343838363886
20 0.0039940145798027515
21 0.004120058845728636
22 0.004035176709294319
23 0.0038535338826477528
24 0.003993764519691467
25 0.004074493423104286
26 0.004129162058234215
27 0.00396732846274972
28 0.004144252277910709
29 0.0038330466486513615
30 0.004161824006587267
31 0.003915736451745033
32 0.0037521773483604193
33 0.0037870605010539293
34 0.0035977838560938835
35 0.004004465416073799
36 0.004199890419840813
37 0.0038328554946929216
38 0.0040471553802490234
39 0.0041971830651164055
40 0.004022177774459124
41 0.003585242433473468
42 0.004003160633146763
43 0.0038186893798410892
44 0.003879440948367119
45 0.0039652748964726925
46 0.004251172300428152
47 0.004293269012123346
48 0.004292473662644625
49 0.0036494459491223097
50 0.0040920632891356945
51 0.0035479434300214052
52 0.0040690042078495026
53 0.003844850929453969
54 0.0040213074535131454
55 0.004124512430280447
56 0.0039836810901761055
57 0.0037549512926489115
58 0.0038592328783124685
59 0.003959452733397484
60 0.003759323386475444
61 0.003883167402818799
62 0.0040033902041614056
63 0.003583182580769062
64 0.003824349958449602
65 0.003611119231209159
66 0.0038919597864151
67 0.003797568380832672
68 0.003811212256550789
69 0.004178169649094343
70 0.0042379507794976234
71 0.003894080873578787
72 0.004017156548798084
73 0.003756116144359112
74 0.0039358134381473064
75 0.004121049772948027
76 0.004058676306158304
77 0.003841792931780219
78 0.003717252053320408
79 0.0036727613769471645
80 0.003766174428164959
81 0.004107658285647631
82 0.003716027829796076
83 0.0037898567970842123
84 0.004201740026473999
85 0.0038170460611581802
86 0.003921111114323139
87 0.0038234808016568422
88 0.0036343804094940424
89 0.0038018077611923218
90 0.004060470033437014
91 0.0039387717843055725
92 0.0038574528880417347
93 0.00413887295871973
94 0.003768418449908495
95 0.0038508460856974125
96 0.0040380507707595825
97 0.004295916296541691
98 0.0036981552839279175
99 0.0039909603074193
100 0.0037642554379999638
101 0.004076102282851934
102 0.003577491734176874
103 0.004162311088293791
104 0.0038516120985150337
105 0.004119462333619595
106 0.0038248440250754356
107 0.004202216863632202
108 0.004258344881236553
109 0.004016402643173933
110 0.003981658257544041
111 0.004028954077512026
112 0.0038911064621061087
113 0.0041491324082016945
114 0.003926515579223633
115 0.003986953292042017
116 0.0039354125037789345
117 0.0039863609708845615
118 0.0037809431087225676
119 0.0039043421857059
120 0.004051234573125839
121 0.004087492823600769
122 0.004354080650955439
123 0.003774896264076233
124 0.004121153615415096
125 0.004002499394118786
126 0.004148159641772509
127 0.0040262117981910706
128 0.003535947296768427
129 0.0036958721466362476
130 0.0036127488128840923
131 0.0036398565862327814
132 0.004013686906546354
133 0.0040049077942967415
134 0.004050742834806442
135 0.0035872014705091715
136 0.004321613814681768
137 0.003898377064615488
138 0.003968867473304272
139 0.003994355443865061
140 0.0036570492666214705
141 0.003601718693971634
142 0.0038324561901390553
143 0.0037776355165988207
144 0.003477526595816016
145 0.004004112910479307
146 0.003988176584243774
147 0.004021146334707737
148 0.003977772314101458
149 0.004032765980809927
150 0.004008399788290262
151 0.004038927145302296
152 0.0035484908148646355
153 0.003766374196857214
154 0.0036483965814113617
155 0.0035127573646605015
156 0.003698172280564904
157 0.003491606330499053
158 0.004095698241144419
159 0.0037786548491567373
160 0.003742044325917959
161 0.0036119066644459963
162 0.0043079303577542305
163 0.003665533848106861
164 0.0038083975668996572
165 0.003978964406996965
166 0.004037087317556143
167 0.00386848789639771
168 0.0041753267869353294
169 0.004124426282942295
170 0.003782277461141348
171 0.0036862266715615988
172 0.003659614361822605
173 0.0038454020395874977
174 0.004023547284305096
175 0.0038820267654955387
176 0.004141591489315033
177 0.003722535679116845
178 0.003496147459372878
179 0.0039026078302413225
180 0.0036165514029562473
181 0.004254062660038471
182 0.004045842215418816
183 0.003846496809273958
184 0.004029597621411085
185 0.004171676468104124
186 0.003678472014144063
187 0.0038026918191462755
188 0.0037930484395474195
189 0.0037786501925438643
190 0.003957026172429323
191 0.0035914743784815073
192 0.0037183198146522045
193 0.004028494004160166
194 0.004037641454488039
195 0.004336649551987648
196 0.004278311040252447
197 0.0037939888425171375
198 0.003921187948435545
199 0.003939792979508638
200 0.0038347416557371616
201 0.004034369718283415
202 0.004005653318017721
203 0.0037432494573295116
204 0.003929123282432556
205 0.0037881017196923494
206 0.003602493554353714
207 0.004000840708613396
208 0.00408040639013052
209 0.003977470565587282
210 0.00388983148150146
211 0.004046315792948008
212 0.0037153728771954775
213 0.0039206864312291145
214 0.0040428731590509415
215 0.003992147743701935
216 0.004053997341543436
217 0.003960144706070423
218 0.0036871253978461027
219 0.0038437426555901766
220 0.003923578653484583
221 0.004072810523211956
222 0.0038281017914414406
223 0.004365027882158756
224 0.0038244612514972687
225 0.0037352051585912704
226 0.003942889627069235
227 0.0037018153816461563
228 0.0041886381804943085
229 0.004054433200508356
230 0.0038886917755007744
231 0.004244223702698946
232 0.003970810677856207
233 0.00370071385987103
234 0.0036685895174741745
235 0.0037928910460323095
236 0.004112941678613424
237 0.0036113953683525324
238 0.0037675786297768354
239 0.004004523158073425
240 0.003908432554453611
241 0.0039803641848266125
242 0.0039409757591784
243 0.003781028324738145
244 0.003868195926770568
245 0.0038893239106982946
246 0.004322426859289408
247 0.00404523778706789
248 0.0039445990696549416
249 0.003755748039111495
250 0.003754981094971299
251 0.0036058982368558645
252 0.0036963438615202904
253 0.00366565422154963
254 0.0038302538450807333
255 0.0037530323024839163
