0 0.0037603341042995453
1 0.003426560666412115
2 0.0039579663425683975
3 0.0040405807085335255
4 0.003998285159468651
5 0.0040167211554944515
6 0.0038166441954672337
7 0.004031958058476448
8 0.004084537271410227
9 0.0036842727568000555
10 0.00428828364238143
11 0.003965932875871658
12 0.003639478934928775
13 0.0038835350424051285
14 0.003767447778955102
15 0.003918980713933706
16 0.003643055446445942
17 0.003926402889192104
18 0.0037039543967694044
19 0.0037809007335454226
20 0.004091848619282246
21 0.0042343828827142715
22 0.0037851303350180387
23 0.0037332733627408743
24 0.004103459883481264
25 0.004311983939260244
26 0.003838948905467987
27 0.0037309215404093266
28 0.00398470601066947
29 0.004019282292574644
30 0.003988627810031176
31 0.0040614125318825245
32 0.003582649165764451
33 0.003581928089261055
34 0.003526796819642186
35 0.0039024767465889454
36 0.0040475050918757915
37 0.00362645392306149
38 0.0038933383766561747
39 0.004219221416860819
40 0.003881553653627634
41 0.0033355739433318377
42 0.0040827258490026
43 0.0037963411305099726
44 0.00390668073669076
45 0.0037847929634153843
46 0.00410196790471673
47 0.004322447348386049
48 0.0039029549807310104
49 0.004017163068056107
50 0.004122564103454351
51 0.0035188442561775446
52 0.004031178541481495
53 0.0037329462356865406
54 0.003988327924162149
55 0.004071162547916174
56 0.004120292607694864
57 0.003880338277667761
58 0.003828250104561448
59 0.003899231320247054
60 0.004133001435548067
61 0.003988273441791534
62 0.0043746307492256165
63 0.003958926536142826
64 0.003995917737483978
65 0.0038512912578880787
66 0.00379778235219419
67 0.004005888476967812
68 0.0039571961387991905
69 0.0035722756292670965
70 0.004132250789552927
71 0.003948588855564594
72 0.003958352375775576
73 0.0036991757806390524
74 0.0038378615863621235
75 0.004435781855136156
76 0.003943303134292364
77 0.003875981317833066
78 0.004053170792758465
79 0.0036884527653455734
80 0.003713284619152546
81 0.004107767250388861
82 0.0036965219769626856
83 0.0036737653426826
84 0.004197521600872278
85 0.003613493638113141
86 0.0037536327727138996
87 0.003823055187240243
88 0.0035109948366880417
89 0.0036621233448386192
90 0.004053627606481314
91 0.0038130118045955896
92 0.003662997856736183
93 0.004312676843255758
94 0.0034453533589839935
95 0.004061801824718714
96 0.0038925788830965757
97 0.00378312636166811
98 0.0038376508746296167
99 0.004146472550928593
100 0.003813145449385047
101 0.004172270651906729
102 0.0037209622096270323
103 0.004226673394441605
104 0.003717373125255108
105 0.004317568615078926
106 0.003818499157205224
107 0.004233881365507841
108 0.004082981962710619
109 0.003759251208975911
110 0.004117985256016254
111 0.003538500750437379
112 0.00399415660649538
113 0.0042887344025075436
114 0.004148504231125116
115 0.0035130269825458527
116 0.0038425263483077288
117 0.003945575561374426
118 0.003779586171731353
119 0.003929592203348875
120 0.004077012185007334
121 0.004115902353078127
122 0.0041860598139464855
123 0.003878555027768016
124 0.004022924229502678
125 0.003684729803353548
126 0.00411449046805501
127 0.0037846206687390804
128 0.0036825803108513355
129 0.0036087201442569494
130 0.0037977115716785192
131 0.003783260239288211
132 0.003829461755231023
133 0.004360545426607132
134 0.003655601991340518
135 0.0037126285023987293
136 0.0044030239805579185
137 0.003861325094476342
138 0.003955075517296791
139 0.003914749715477228
140 0.003695416497066617
141 0.0035637260880321264
142 0.0037964852526783943
143 0.003937261179089546
144 0.003446961985900998
145 0.003998239990323782
146 0.0038861138746142387
147 0.00384821486659348
148 0.003995722625404596
149 0.004032631404697895
150 0.003884270554408431
151 0.004176110494881868
152 0.0036783956456929445
153 0.004033538978546858
154 0.003915334120392799
155 0.003752760123461485
156 0.003883461467921734
157 0.003724046051502228
158 0.004195295739918947
159 0.0037060703616589308
160 0.0037546490784734488
161 0.0038155014626681805
162 0.004236345179378986
163 0.0035971812903881073
164 0.003672150894999504
165 0.003830774687230587
166 0.003931639716029167
167 0.003842171048745513
168 0.004023829475045204
169 0.0041598365642130375
170 0.0038247231859713793
171 0.003942696377635002
172 0.0037321981508284807
173 0.0037610826548188925
174 0.0039048560429364443
175 0.004113293252885342
176 0.004422738682478666
177 0.00387726747430861
178 0.0036148889921605587
179 0.0035911572631448507
180 0.0037545952945947647
181 0.003911037929356098
182 0.004169848281890154
183 0.0038009805139154196
184 0.004089567810297012
185 0.0041486043483018875
186 0.003974623046815395
187 0.0038151387125253677
188 0.00403077807277441
189 0.0038888794369995594
190 0.003860871307551861
191 0.003719162894412875
192 0.0038936485070735216
193 0.0041325888596475124
194 0.004157542251050472
195 0.004230657126754522
196 0.004126789513975382
197 0.003973970655351877
198 0.003938119858503342
199 0.003920550458133221
200 0.003990649711340666
201 0.00365655729547143
202 0.00398250762373209
203 0.0037586961407214403
204 0.0037541331257671118
205 0.003740779822692275
206 0.0038954175543040037
207 0.004086279310286045
208 0.003939986694604158
209 0.004130405839532614
210 0.0037086850497871637
211 0.004166283179074526
212 0.003387545235455036
213 0.003865622915327549
214 0.0041655260138213634
215 0.003956154454499483
216 0.004175248555839062
217 0.004294889513403177
218 0.003804699517786503
219 0.0037656326312571764
220 0.003810127032920718
221 0.003948960453271866
222 0.003702597925439477
223 0.004279778338968754
224 0.003692701691761613
225 0.0041204155422747135
226 0.004067942500114441
227 0.003756126156076789
228 0.003989731427282095
229 0.004098294768482447
230 0.004067465662956238
231 0.004085381980985403
232 0.00390133960172534
233 0.003795923665165901
234 0.003914414905011654
235 0.0036793157923966646
236 0.004071196541190147
237 0.0038705782499164343
238 0.003745898837223649
239 0.003863600082695484
240 0.004080402199178934
241 0.003854283131659031
242 0.003861856646835804
243 0.0036005268339067698
244 0.0037447400391101837
245 0.0038976683281362057
246 0.0041397083550691605
247 0.004095127806067467
248 0.0044358596205711365
249 0.0036536676343530416
250 0.003657350316643715
251 0.003429439617320895
252 0.0037714962381869555
253 0.003776174271479249
254 0.0038376732263714075
255 0.0038546102587133646
