0 0.0039323437958955765
1 0.0035621612332761288
2 0.0037260721437633038
3 0.003947914112359285
4 0.0042856005020439625
5 0.0039248233661055565
6 0.004242981784045696
7 0.004008400719612837
8 0.004180030431598425
9 0.003620144445449114
10 0.0038942915853112936
11 0.0038455654866993427
12 0.003846606006845832
13 0.0038262694142758846
14 0.003776735160499811
15 0.00403206329792738
16 0.003866815473884344
17 0.003944283351302147
18 0.003771768184378743
19 0.003926880657672882
20 0.004015795420855284
21 0.004192335065454245
22 0.004114584531635046
23 0.003667535027489066
24 0.004121824633330107
25 0.004084251821041107
26 0.004129769280552864
27 0.003920255694538355
28 0.004060002509504557
29 0.00392695190384984
30 0.0043032546527683735
31 0.0038441799115389585
32 0.003595357993617654
33 0.0035575071815401316
34 0.0035121538676321507
35 0.00403654994443059
36 0.0041281683370471
37 0.0038774299900978804
38 0.004079213831573725
39 0.004136612173169851
40 0.004209631122648716
41 0.003398135770112276
42 0.0038104159757494926
43 0.0038353470154106617
44 0.0038291302043944597
45 0.0037108927499502897
46 0.004416812211275101
47 0.004067898262292147
48 0.004070593044161797
49 0.003903011092916131
50 0.004111138638108969
51 0.0035355014260858297
52 0.004003121051937342
53 0.004073726944625378
54 0.0037131246645003557
55 0.003991519100964069
56 0.0038481124211102724
57 0.003907371778041124
58 0.003823178121820092
59 0.003741935361176729
60 0.0037520183250308037
61 0.0038187927566468716
62 0.004296913743019104
63 0.003779277903959155
64 0.003992822021245956
65 0.0038623458240181208
66 0.0038929448928683996
67 0.004114986397325993
68 0.003807362634688616
69 0.004266417119652033
70 0.00407723244279623
71 0.00389558682218194
72 0.003945295698940754
73 0.003719368716701865
74 0.0038352650590240955
75 0.004462243057787418
76 0.004076661542057991
77 0.003877469338476658
78 0.003873193636536598
79 0.003956488333642483
80 0.0037951800040900707
81 0.004242717754095793
82 0.003895274130627513
83 0.0036472193896770477
84 0.003855612827464938
85 0.003683894407004118
86 0.0036485118325799704
87 0.003871048567816615
88 0.0036153870169073343
89 0.0038065847475081682
90 0.00405839690938592
91 0.004164174664765596
92 0.0038787322118878365
93 0.0041996208019554615
94 0.003932193852961063
95 0.0038667365442961454
96 0.0038424120284616947
97 0.004390224814414978
98 0.0037687020376324654
99 0.004023622255772352
100 0.003654747037217021
101 0.004100719466805458
102 0.0037273350171744823
103 0.004016896244138479
104 0.0037740604020655155
105 0.0043267905712127686
106 0.0038065274711698294
107 0.004272370599210262
108 0.0042220428586006165
109 0.0036720270290970802
110 0.004131818190217018
111 0.003906577825546265
112 0.003775104181841016
113 0.0044702691957354546
114 0.004096366930752993
115 0.003701167181134224
116 0.003860637079924345
117 0.003946827724575996
118 0.0035107736475765705
119 0.0038869434501975775
120 0.003940449561923742
121 0.004155905917286873
122 0.004259305540472269
123 0.003802380058914423
124 0.004046068526804447
125 0.0041406042873859406
126 0.004136841278523207
127 0.003786195069551468
128 0.00373711995780468
129 0.0037958864122629166
130 0.0039505441673099995
131 0.003735421458259225
132 0.0038180884439498186
133 0.004382972605526447
134 0.0036503023002296686
135 0.0037417877465486526
136 0.004289842676371336
137 0.003648511366918683
138 0.0039141252636909485
139 0.00392399076372385
140 0.003702720394358039
141 0.0036336893681436777
142 0.003745915601029992
143 0.0036698095500469208
144 0.0036670558620244265
145 0.0037920817267149687
146 0.003764315275475383
147 0.0041401260532438755
148 0.003928826656192541
149 0.0038725442718714476
150 0.004111202899366617
151 0.0038392713759094477
152 0.003765723668038845
153 0.003695473074913025
154 0.0036048865877091885
155 0.003584682708606124
156 0.004065122455358505
157 0.0037909094244241714
158 0.003978891298174858
159 0.0036256983876228333
160 0.0038153715431690216
161 0.0038970117457211018
162 0.004261455964297056
163 0.0036701755598187447
164 0.003647599136456847
165 0.003845218103379011
166 0.003901856951415539
167 0.003935936838388443
168 0.004270873963832855
169 0.003969501703977585
170 0.0038219799753278494
171 0.003745883237570524
172 0.003701545065268874
173 0.003712519071996212
174 0.004183412529528141
175 0.003960971254855394
176 0.004098361358046532
177 0.003918529488146305
178 0.0035462230443954468
179 0.0037852271925657988
180 0.003787924302741885
181 0.0043726530857384205
182 0.0039143809117376804
183 0.003834035247564316
184 0.0040310281328856945
185 0.004154602997004986
186 0.003420455614104867
187 0.003882162505760789
188 0.004111538175493479
189 0.0037291827611625195
190 0.00398640800267458
191 0.003740712534636259
192 0.0037817067932337523
193 0.003759876126423478
194 0.00404882850125432
195 0.00430575106292963
196 0.004439046606421471
197 0.003519470803439617
198 0.0035658685956150293
199 0.003751714015379548
200 0.003979078494012356
201 0.003706815419718623
202 0.004027982708066702
203 0.003880799515172839
204 0.003936154767870903
205 0.0036809579469263554
206 0.003836672753095627
207 0.003982402849942446
208 0.003995897248387337
209 0.004072597250342369
210 0.003754617180675268
211 0.004125455394387245
212 0.0036747949197888374
213 0.003948149736970663
214 0.004010517615824938
215 0.004031609743833542
216 0.003980262205004692
217 0.003935972694307566
218 0.0036084940657019615
219 0.003668969264253974
220 0.003724557813256979
221 0.004128740634769201
222 0.003759399987757206
223 0.004078519064933062
224 0.0039004951249808073
225 0.0036672435235232115
226 0.004002128727734089
227 0.0036322311498224735
228 0.0038636536337435246
229 0.00392475351691246
230 0.0037077234592288733
231 0.004250760190188885
232 0.0037852535024285316
233 0.0037427879869937897
234 0.0038218877743929625
235 0.003817890537902713
236 0.004216892644762993
237 0.003755058627575636
238 0.0037471747491508722
239 0.004191224463284016
240 0.003932532854378223
241 0.0038437035400420427
242 0.0038086669519543648
243 0.003768177004531026
244 0.003878020914271474
245 0.003890169318765402
246 0.004025558941066265
247 0.004088795743882656
248 0.0038882861845195293
249 0.003956446424126625
250 0.0037288321182131767
251 0.0035820610355585814
252 0.004126765299588442
253 0.0037152094300836325
254 0.004033055622130632
255 0.003699854016304016
