0 0.0038190956693142653
1 0.0035997205413877964
2 0.0037703942507505417
3 0.003931946586817503
4 0.004263435956090689
5 0.0038802188355475664
6 0.004193488974124193
7 0.004035593010485172
8 0.003997415769845247
9 0.0033985357731580734
10 0.004107257816940546
11 0.0037081188056617975
12 0.0036924383603036404
13 0.0038224051240831614
14 0.0038799152243882418
15 0.003742886707186699
16 0.004072651267051697
17 0.003751235082745552
18 0.004006009083241224
19 0.004007990006357431
20 0.0041396827436983585
21 0.004129731096327305
22 0.004093944560736418
23 0.003689883276820183
24 0.0038044084794819355
25 0.004192717373371124
26 0.004180639050900936
27 0.003926370292901993
28 0.0042145163752138615
29 0.003900539828464389
30 0.004252392333000898
31 0.0038794209249317646
32 0.00386307155713439
33 0.0035473278257995844
34 0.003692410886287689
35 0.004029762931168079
36 0.004120495170354843
37 0.003712697187438607
38 0.00382706499658525
39 0.004304300993680954
40 0.004034382291138172
41 0.00337360636331141
42 0.0037372407969087362
43 0.003802462015300989
44 0.0038255099207162857
45 0.003938159439712763
46 0.004206349141895771
47 0.004221810027956963
48 0.003974068909883499
49 0.0036326737608760595
50 0.0040260134264826775
51 0.0036429238971322775
52 0.003974079620093107
53 0.003840978490188718
54 0.00395027082413435
55 0.004193050321191549
56 0.004028881900012493
57 0.0035314445849508047
58 0.003659552661702037
59 0.0037062426563352346
60 0.0037012877874076366
61 0.0038691780064255
62 0.004200817085802555
63 0.0037687451113015413
64 0.003838813630864024
65 0.0037585690151900053
66 0.0038772232364863157
67 0.0036426496226340532
68 0.0036374556366354227
69 0.0041862959042191505
70 0.004112578462809324
71 0.003860129974782467
72 0.004025146830826998
73 0.0036913789808750153
74 0.0037557233590632677
75 0.004184001591056585
76 0.003930436912924051
77 0.0038317148573696613
78 0.003911364357918501
79 0.003813195740804076
80 0.0037798599805682898
81 0.004208604339510202
82 0.003913679160177708
83 0.003703286638483405
84 0.004452541004866362
85 0.0037678543012589216
86 0.0039618955925107
87 0.003910708241164684
88 0.003695777151733637
89 0.003405066439881921
90 0.0041324179619550705
91 0.003916204907000065
92 0.0041160848923027515
93 0.0041772169061005116
94 0.003998222760856152
95 0.003878139890730381
96 0.003849741304293275
97 0.004293785896152258
98 0.003993626683950424
99 0.0041219620034098625
100 0.003928495571017265
101 0.00432590302079916
102 0.003716040635481477
103 0.004024709574878216
104 0.0038574878126382828
105 0.0040433648973703384
106 0.0036590853706002235
107 0.004262097645550966
108 0.004258034285157919
109 0.003808619687333703
110 0.003771896241232753
111 0.00392407551407814
112 0.003776548895984888
113 0.004321184009313583
114 0.0038998627569526434
115 0.003756789956241846
116 0.003921983763575554
117 0.004135792143642902
118 0.0037699444219470024
119 0.004083982668817043
120 0.004107037093490362
121 0.004098216071724892
122 0.004267449956387281
123 0.0037102997303009033
124 0.004065608140081167
125 0.003955373540520668
126 0.004299181513488293
127 0.004040578845888376
128 0.0036174424458295107
129 0.0037323003634810448
130 0.003774467622861266
131 0.00371851515956223
132 0.00393736083060503
133 0.004304294940084219
134 0.003908642567694187
135 0.0036289552226662636
136 0.004464332014322281
137 0.003661003429442644
138 0.004096302669495344
139 0.00386816612444818
140 0.0036383129190653563
141 0.003748188726603985
142 0.003886168822646141
143 0.003742073429748416
144 0.0035365684889256954
145 0.00427064998075366
146 0.004004620015621185
147 0.003987998701632023
148 0.003947508055716753
149 0.003669774392619729
150 0.00389055535197258
151 0.004160676617175341
152 0.0036881365813314915
153 0.0039036849047988653
154 0.0038941907696425915
155 0.0035751373507082462
156 0.0036418938543647528
157 0.0035874329041689634
158 0.0039011689368635416
159 0.003760640975087881
160 0.0035875572357326746
161 0.0036572220269590616
162 0.004179248120635748
163 0.0033931059297174215
164 0.003950889687985182
165 0.0037597226910293102
166 0.004202734213322401
167 0.004029720090329647
168 0.004287549760192633
169 0.004034992307424545
170 0.003776581957936287
171 0.003748728660866618
172 0.0035348408855497837
173 0.0036801390815526247
174 0.004155620001256466
175 0.004018521402031183
176 0.004390741232782602
177 0.003797429148107767
178 0.0034602396190166473
179 0.003686747048050165
180 0.003986800089478493
181 0.004226990044116974
182 0.0038403840735554695
183 0.0038395929150283337
184 0.003720287000760436
185 0.00391943147405982
186 0.0036850576288998127
187 0.0038338748272508383
188 0.003923945128917694
189 0.0038677214179188013
190 0.004108306020498276
191 0.0036623484920710325
192 0.003767861984670162
193 0.004082805477082729
194 0.004142709542065859
195 0.004392348695546389
196 0.004283754620701075
197 0.003705269657075405
198 0.004039714578539133
199 0.003804414067417383
200 0.0037116941530257463
201 0.003930500242859125
202 0.003929086960852146
203 0.0037302107084542513
204 0.0037224991247057915
205 0.003843601094558835
206 0.0036272588185966015
207 0.003811487229540944
208 0.004072270821779966
209 0.004011149983853102
210 0.003783618099987507
211 0.004271483980119228
212 0.0036494280211627483
213 0.0036950241774320602
214 0.0038047023117542267
215 0.004079480189830065
216 0.003939860034734011
217 0.0039925784803926945
218 0.00397491967305541
219 0.0035616180393844843
220 0.0039253802970051765
221 0.00386122171767056
222 0.0037425109185278416
223 0.004199355840682983
224 0.003961651120334864
225 0.0038201045244932175
226 0.0039321864023804665
227 0.003949953243136406
228 0.004440156742930412
229 0.004202268552035093
230 0.004013409838080406
231 0.004162488970905542
232 0.0038666995242238045
233 0.0035218489356338978
234 0.0037882968317717314
235 0.003790525021031499
236 0.004094503354281187
237 0.0037232430186122656
238 0.0036937084514647722
239 0.004160500131547451
240 0.003916120156645775
241 0.00396260479465127
242 0.0038408238906413317
243 0.0038147536106407642
244 0.003861299017444253
245 0.0037387439515441656
246 0.004217876587063074
247 0.004025585949420929
248 0.003896353067830205
249 0.003984963055700064
250 0.0036532790400087833
251 0.0036075059324502945
252 0.0039784591645002365
253 0.0035564948339015245
254 0.0038450323045253754
255 0.0036496242973953485
