0 0.003882753197103739
1 0.0032798228785395622
2 0.0036618320737034082
3 0.0037607892882078886
4 0.004081745631992817
5 0.0037988978438079357
6 0.004063843283802271
7 0.004229038022458553
8 0.003931845538318157
9 0.003591272048652172
10 0.004243791569024324
11 0.003915031440556049
12 0.00369642092846334
13 0.0037839864380657673
14 0.0038246691692620516
15 0.0038625062443315983
16 0.004061857704073191
17 0.0036888294853270054
18 0.0037831240333616734
19 0.0039419131353497505
20 0.004092846531420946
21 0.0041350689716637135
22 0.004086571279913187
23 0.0039024341385811567
24 0.003872886300086975
25 0.003973871935158968
26 0.004178135190159082
27 0.004061232320964336
28 0.00411975895985961
29 0.004211415071040392
30 0.004069129005074501
31 0.003739667823538184
32 0.00366953550837934
33 0.003428093856200576
34 0.0036901962012052536
35 0.00390947749838233
36 0.004066125024110079
37 0.0037950053811073303
38 0.004044851288199425
39 0.00411646394059062
40 0.004058656748384237
41 0.00349489226937294
42 0.0037655720952898264
43 0.0037702186964452267
44 0.0040701269172132015
45 0.003757680067792535
46 0.00427184859290719
47 0.004308974836021662
48 0.003802194958552718
49 0.00359689025208354
50 0.004195134621113539
51 0.003569797147065401
52 0.003988464362919331
53 0.003950378391891718
54 0.0038448397535830736
55 0.004007132723927498
56 0.0039077624678611755
57 0.003709646174684167
58 0.0038390574045479298
59 0.0038937015924602747
60 0.003908770624548197
61 0.003990130964666605
62 0.004263322800397873
63 0.003772097872570157
64 0.004044453613460064
65 0.003468547947704792
66 0.003664099145680666
67 0.003876539645716548
68 0.0038563546258956194
69 0.004097986035048962
70 0.0042310128919780254
71 0.004041814245283604
72 0.0040687574073672295
73 0.0039046984165906906
74 0.003705773036926985
75 0.004428076557815075
76 0.004008681979030371
77 0.003778402926400304
78 0.0039370316080749035
79 0.0037673672195523977
80 0.003647375386208296
81 0.004119996912777424
82 0.00400865264236927
83 0.0036367406137287617
84 0.003783960361033678
85 0.0038073239848017693
86 0.003889658022671938
87 0.0038712890818715096
88 0.003636531997472048
89 0.004013470374047756
90 0.004108156077563763
91 0.003861993318423629
92 0.0039164298214018345
93 0.00421031191945076
94 0.0038399389013648033
95 0.003954617772251368
96 0.003983303438872099
97 0.004121426027268171
98 0.003800599370151758
99 0.0041566044092178345
100 0.0040817297995090485
101 0.004160809330642223
102 0.0037791861686855555
103 0.003991380333900452
104 0.004059020895510912
105 0.004328551236540079
106 0.0040353876538574696
107 0.004218350164592266
108 0.004146304447203875
109 0.003933369182050228
110 0.003714990336447954
111 0.003915418405085802
112 0.003828499000519514
113 0.004145270213484764
114 0.003952936735004187
115 0.0038721745368093252
116 0.004118075128644705
117 0.003952991683036089
118 0.0036632048431783915
119 0.003939715679734945
120 0.003984110429883003
121 0.004154099151492119
122 0.004559148568660021
123 0.0038803385104984045
124 0.0040197065100073814
125 0.003920974675565958
126 0.004134761169552803
127 0.003964756615459919
128 0.003488986985757947
129 0.0037575429305434227
130 0.003800296923145652
131 0.0036995653063058853
132 0.0038309707306325436
133 0.004287207033485174
134 0.0038539436645805836
135 0.003380129812285304
136 0.00410937424749136
137 0.0039620366878807545
138 0.004039909690618515
139 0.0040702070109546185
140 0.0038846172392368317
141 0.0034887013025581837
142 0.0036930451169610023
143 0.0037127849645912647
144 0.0035894494503736496
145 0.004045350942760706
146 0.003914467059075832
147 0.003727964125573635
148 0.00394341628998518
149 0.0038994387723505497
150 0.0037886661011725664
151 0.0042098225094377995
152 0.0035215977113693953
153 0.003906010650098324
154 0.003738933242857456
155 0.0034431766252964735
156 0.0037613979075104
157 0.003712168661877513
158 0.004344966262578964
159 0.0037775144446641207
160 0.0038103347178548574
161 0.0036341112572699785
162 0.004272323101758957
163 0.0038150185719132423
164 0.0036789525765925646
165 0.0038925674743950367
166 0.0040027727372944355
167 0.003803061554208398
168 0.004282379988580942
169 0.0040532369166612625
170 0.003735203994438052
171 0.0039053959771990776
172 0.0038285686168819666
173 0.0038941793609410524
174 0.0038636575918644667
175 0.0038291483651846647
176 0.004366465378552675
177 0.003861762350425124
178 0.003486157627776265
179 0.0037738382816314697
180 0.0035181017592549324
181 0.004369691945612431
182 0.004137116484344006
183 0.0038949998561292887
184 0.004022914916276932
185 0.00424454640597105
186 0.0035692225210368633
187 0.003932508174329996
188 0.0038905960973352194
189 0.0036948148626834154
190 0.0038891450967639685
191 0.0038610310293734074
192 0.003707145107910037
193 0.004104924853891134
194 0.00415762048214674
195 0.00425257533788681
196 0.004163849167525768
197 0.003616484347730875
198 0.003876489121466875
199 0.00371123687364161
200 0.0037322973366826773
201 0.0038308121729642153
202 0.0038882135413587093
203 0.0037963713984936476
204 0.0036831931211054325
205 0.003729388350620866
206 0.0037951089907437563
207 0.003961309790611267
208 0.004077771678566933
209 0.0041722687892615795
210 0.003666684962809086
211 0.004005235619843006
212 0.003601658623665571
213 0.0038974375929683447
214 0.003955048508942127
215 0.004152718931436539
216 0.003915917593985796
217 0.003980393521487713
218 0.003811362199485302
219 0.0037062307819724083
220 0.003897055285051465
221 0.004126614425331354
222 0.0038173766806721687
223 0.004252738784998655
224 0.003944055177271366
225 0.003792127361521125
226 0.003927699290215969
227 0.0037052391562610865
228 0.003962383139878511
229 0.004181673750281334
230 0.003720559412613511
231 0.004061541985720396
232 0.0038952890317887068
233 0.003851343411952257
234 0.0037902025505900383
235 0.0036673564463853836
236 0.003922819625586271
237 0.0035681924782693386
238 0.0038029588758945465
239 0.0040451097302138805
240 0.003944321069866419
241 0.004079478792846203
242 0.003861146280542016
243 0.0038476104382425547
244 0.00395746435970068
245 0.0037337595131248236
246 0.004255275707691908
247 0.0040316712111234665
248 0.003868949832394719
249 0.0040135812014341354
250 0.0038987193256616592
251 0.003577189054340124
252 0.0038960890378803015
253 0.003665628144517541
254 0.003923136740922928
255 0.003679184475913644
