0 0.0037194527685642242
1 0.003400363028049469
2 0.0038993910420686007
3 0.0041349767707288265
4 0.004217017907649279
5 0.003721792483702302
6 0.00424197968095541
7 0.0038997959345579147
8 0.004049175884574652
9 0.0033051669597625732
10 0.004086655098944902
11 0.00407553231343627
12 0.0036883854772895575
13 0.0037013518158346415
14 0.0038380769547075033
15 0.004044129978865385
16 0.004048405215144157
17 0.0036424496211111546
18 0.003737400518730283
19 0.003835366340354085
20 0.003908160608261824
21 0.004275223705917597
22 0.0038711915258318186
23 0.0036613938864320517
24 0.003694891929626465
25 0.003924121148884296
26 0.00407757144421339
27 0.0037074170541018248
28 0.00388064025901258
29 0.004087937064468861
30 0.004249257501214743
31 0.0040701404213905334
32 0.0037580705247819424
33 0.0037107139360159636
34 0.003693845821544528
35 0.004116414114832878
36 0.004129893146455288
37 0.003587423823773861
38 0.003811579430475831
39 0.00416991813108325
40 0.0039688232354819775
41 0.003228589193895459
42 0.003938458859920502
43 0.0036017056554555893
44 0.004018242936581373
45 0.003787785302847624
46 0.004248799756169319
47 0.003856813767924905
48 0.0038808598183095455
49 0.0035992239136248827
50 0.004002175759524107
51 0.0035430272109806538
52 0.0038230400532484055
53 0.0038863259833306074
54 0.0037187242414802313
55 0.004009390715509653
56 0.00404705572873354
57 0.0038834691513329744
58 0.003886553691700101
59 0.004118999466300011
60 0.0038598128594458103
61 0.00411889748647809
62 0.004226538818329573
63 0.003942425362765789
64 0.00394028564915061
65 0.0037822220474481583
66 0.0037830315995961428
67 0.00409739138558507
68 0.003752789692953229
69 0.0038535112980753183
70 0.004332435317337513
71 0.0039292857982218266
72 0.004287485033273697
73 0.0036196913570165634
74 0.0037691558245569468
75 0.004370980430394411
76 0.0042099058628082275
77 0.0039327749982476234
78 0.0037770397029817104
79 0.0036730095744132996
80 0.003631954314187169
81 0.004200122319161892
82 0.003958659712225199
83 0.003807045053690672
84 0.00405107019469142
85 0.0037239070516079664
86 0.0037605769466608763
87 0.0038104751147329807
88 0.0035516328644007444
89 0.0036451341584324837
90 0.004037250764667988
91 0.0038023970555514097
92 0.0042352634482085705
93 0.00435770396143198
94 0.003884399775415659
95 0.003557517658919096
96 0.003980001900345087
97 0.004166183993220329
98 0.003984909504652023
99 0.004068187437951565
100 0.0037958340253680944
101 0.004246859811246395
102 0.003920318558812141
103 0.004224058240652084
104 0.0038278624415397644
105 0.004111827816814184
106 0.0038523932453244925
107 0.00444113090634346
108 0.004234489984810352
109 0.003949611913412809
110 0.0037683104164898396
111 0.003782974323257804
112 0.0037237342912703753
113 0.004534926265478134
114 0.00392465153709054
115 0.0038167424499988556
116 0.003779113758355379
117 0.003944047726690769
118 0.0037965497467666864
119 0.003988667856901884
120 0.003785978304222226
121 0.0040820809081196785
122 0.004342895466834307
123 0.003698225598782301
124 0.004243916366249323
125 0.003950893878936768
126 0.0043051294051110744
127 0.003845993662253022
128 0.0036228392273187637
129 0.0037477947771549225
130 0.003578044241294265
131 0.0037500185426324606
132 0.003735797945410013
133 0.00438616331666708
134 0.0038031768053770065
135 0.0035084462724626064
136 0.004386466927826405
137 0.0038693039678037167
138 0.004018912557512522
139 0.004154565744102001
140 0.003947076853364706
141 0.003579810494557023
142 0.003748320508748293
143 0.0038162681739777327
144 0.003573907073587179
145 0.00422517117112875
146 0.004020111169666052
147 0.0038951814640313387
148 0.00404214346781373
149 0.003794726449996233
150 0.003949467558413744
151 0.0041661737486720085
152 0.003770923474803567
153 0.003892703680321574
154 0.004228107165545225
155 0.003637528046965599
156 0.0037143309600651264
157 0.0036702316720038652
158 0.004076000768691301
159 0.003768372116610408
160 0.0036612132098525763
161 0.0036396742798388004
162 0.004114014096558094
163 0.0036738708149641752
164 0.003604280296713114
165 0.0036197237204760313
166 0.004235006868839264
167 0.003914698492735624
168 0.004224700853228569
169 0.004123649559915066
170 0.003667774610221386
171 0.00391311664134264
172 0.0038050059229135513
173 0.003795805387198925
174 0.003969356883317232
175 0.004125192295759916
176 0.004151242785155773
177 0.0038663363084197044
178 0.0033550243824720383
179 0.003579823300242424
180 0.0036971522495150566
181 0.004383496008813381
182 0.004000443499535322
183 0.0036708249244838953
184 0.003921644762158394
185 0.0042776083573699
186 0.0037326407618820667
187 0.003803796134889126
188 0.0036595442797988653
189 0.0037483423948287964
190 0.0041519454680383205
191 0.0038647036999464035
192 0.003635372966527939
193 0.004033295437693596
194 0.0041664293967187405
195 0.004067296162247658
196 0.004071528557687998
197 0.0037324584554880857
198 0.003998098894953728
199 0.0038756548892706633
200 0.0038215075619518757
201 0.0036747476551681757
202 0.004019117448478937
203 0.0038248389028012753
204 0.00387496966868639
205 0.00374319008551538
206 0.003564118640497327
207 0.0039474815130233765
208 0.004178914707154036
209 0.003935184329748154
210 0.0037099765613675117
211 0.003958861343562603
212 0.003519321558997035
213 0.0038179035764187574
214 0.004171254578977823
215 0.0040951683185994625
216 0.004221817012876272
217 0.004074302036315203
218 0.003912892192602158
219 0.003964540548622608
220 0.0038081887178122997
221 0.0038558728992938995
222 0.003831693669781089
223 0.00416295463219285
224 0.003985535353422165
225 0.0038650392089039087
226 0.003892552340403199
227 0.003698828397318721
228 0.004124547354876995
229 0.004163441248238087
230 0.003849360393360257
231 0.004271184094250202
232 0.0038074415642768145
233 0.003783994587138295
234 0.0036116514820605516
235 0.0036489989142864943
236 0.004055658355355263
237 0.0036268490366637707
238 0.0037903080228716135
239 0.003958614077419043
240 0.004021953791379929
241 0.004311900120228529
242 0.003825272200629115
243 0.0036622921470552683
244 0.00396802369505167
245 0.003864799626171589
246 0.004103123676031828
247 0.004108645487576723
248 0.003988512791693211
249 0.003974613267928362
250 0.0035406325478106737
251 0.0038193531800061464
252 0.003893717424944043
253 0.003744056448340416
254 0.0037734010256826878
255 0.0038539778906852007
