0 0.004091445356607437
1 0.0034024317283183336
2 0.003699915250763297
3 0.003884292906150222
4 0.004286378156393766
5 0.003918335307389498
6 0.004043861757963896
7 0.004255092237144709
8 0.0041666715405881405
9 0.003666858421638608
10 0.003890241729095578
11 0.0038274636026471853
12 0.003719328437000513
13 0.0038209797348827124
14 0.0037949250545352697
15 0.003793091047555208
16 0.003873752662912011
17 0.003798410762101412
18 0.003761951345950365
19 0.004011735785752535
20 0.004337395541369915
21 0.003985344897955656
22 0.004147253930568695
23 0.003792950650677085
24 0.004179459065198898
25 0.003915742971003056
26 0.004043347202241421
27 0.004042712971568108
28 0.003936856519430876
29 0.0038770176470279694
30 0.004279422108083963
31 0.003951702732592821
32 0.0037034479901194572
33 0.003463667817413807
34 0.003720760578289628
35 0.003913321997970343
36 0.004114193841814995
37 0.0036457935348153114
38 0.0040750582702457905
39 0.004360009450465441
40 0.0040733995847404
41 0.003311361186206341
42 0.0036678421311080456
43 0.004106337670236826
44 0.0035304552875459194
45 0.0038769564125686884
46 0.0044713192619383335
47 0.004039417486637831
48 0.0038933842442929745
49 0.00370695348829031
50 0.004230736754834652
51 0.003389413468539715
52 0.0039961980655789375
53 0.0038629858754575253
54 0.003743188688531518
55 0.004452649503946304
56 0.004075152799487114
57 0.0038392364513128996
58 0.003732702462002635
59 0.0038075025659054518
60 0.0035398376639932394
61 0.00374822155572474
62 0.004466906655579805
63 0.003820749232545495
64 0.003789401613175869
65 0.003807488828897476
66 0.0038627844769507647
67 0.003552087349817157
68 0.003742491826415062
69 0.004189708735793829
70 0.00425077835097909
71 0.00373282702639699
72 0.00387251446954906
73 0.0036748903803527355
74 0.0035274417605251074
75 0.004623668733984232
76 0.004156060982495546
77 0.0037121791392564774
78 0.004036226775497198
79 0.003949186764657497
80 0.003732049837708473
81 0.004151268396526575
82 0.00401151180267334
83 0.0036252778954803944
84 0.003995653707534075
85 0.0038605239242315292
86 0.003657749155536294
87 0.0037861280143260956
88 0.003663456067442894
89 0.003736503655090928
90 0.004197325091809034
91 0.004479148890823126
92 0.003978043794631958
93 0.004048984032124281
94 0.003900115378201008
95 0.003807782894000411
96 0.0038628142792731524
97 0.004260501358658075
98 0.003841450670734048
99 0.0041335816495120525
100 0.0036336672492325306
101 0.0040818327106535435
102 0.00397998234257102
103 0.00399760389700532
104 0.00368698313832283
105 0.004073876887559891
106 0.0038811140693724155
107 0.004338758531957865
108 0.0040998393669724464
109 0.0038537154905498028
110 0.0038390220142900944
111 0.003994267899543047
112 0.003808560548350215
113 0.004460066556930542
114 0.0037933101411908865
115 0.0036865861620754004
116 0.004027131479233503
117 0.004140872973948717
118 0.003536685137078166
119 0.0037563052028417587
120 0.0038524314295500517
121 0.004098845180124044
122 0.004100954160094261
123 0.003997943364083767
124 0.004053328186273575
125 0.003974494989961386
126 0.00419691763818264
127 0.0038593204226344824
128 0.003783908672630787
129 0.003719933796674013
130 0.0038043970707803965
131 0.0037413486279547215
132 0.003987935837358236
133 0.004711923189461231
134 0.0037860600277781487
135 0.003511260263621807
136 0.004262647125869989
137 0.0036856026854366064
138 0.003995147999376059
139 0.003836661111563444
140 0.003484040731564164
141 0.0036627401132136583
142 0.0039036283269524574
143 0.00380883552134037
144 0.003588472492992878
145 0.004165709018707275
146 0.0038489855360239744
147 0.004216507077217102
148 0.003900551702827215
149 0.003790218848735094
150 0.004065408371388912
151 0.004113296512514353
152 0.0038219615817070007
153 0.003720855340361595
154 0.0037614526227116585
155 0.0035327840596437454
156 0.003759128274396062
157 0.0038832209538668394
158 0.0039299908094108105
159 0.003778795711696148
160 0.003629896556958556
161 0.0036273289006203413
162 0.004255576524883509
163 0.0037553475704044104
164 0.0036740631330758333
165 0.0039276923052966595
166 0.004104305990040302
167 0.004128454718738794
168 0.0043065971694886684
169 0.003882427467033267
170 0.0037954472936689854
171 0.003673844737932086
172 0.0037844302132725716
173 0.003530852496623993
174 0.00420822948217392
175 0.003803701139986515
176 0.004269744269549847
177 0.0037511249538511038
178 0.003597116796299815
179 0.0036695157177746296
180 0.0038737135473638773
181 0.004313101060688496
182 0.0039331200532615185
183 0.004019346088171005
184 0.004189412109553814
185 0.004314746242016554
186 0.0036474396474659443
187 0.00411768164485693
188 0.004016327206045389
189 0.003849938977509737
190 0.003998469095677137
191 0.00357548869214952
192 0.004033701494336128
193 0.004011910408735275
194 0.004012111574411392
195 0.004165414720773697
196 0.004288356751203537
197 0.0037957781460136175
198 0.0036828918382525444
199 0.0037154373712837696
200 0.0038705701008439064
201 0.003932078368961811
202 0.004137910902500153
203 0.003900179173797369
204 0.003733149729669094
205 0.0037343574222177267
206 0.0037023823242634535
207 0.003986177500337362
208 0.0039056832902133465
209 0.004195341374725103
210 0.0037223966792225838
211 0.0040716324001550674
212 0.003913013264536858
213 0.0037170429714024067
214 0.0040695322677493095
215 0.004103710874915123
216 0.003924350719898939
217 0.0037947779055684805
218 0.0038328617811203003
219 0.003721194341778755
220 0.0037503214552998543
221 0.004064423497766256
222 0.003718427149578929
223 0.004025941248983145
224 0.003981657326221466
225 0.003771554445847869
226 0.004090151749551296
227 0.003689080709591508
228 0.004168088082224131
229 0.003996698651462793
230 0.003944366239011288
231 0.004130342975258827
232 0.003913437016308308
233 0.0038081982638686895
234 0.003733739722520113
235 0.0039035745430737734
236 0.004045066889375448
237 0.00377579010091722
238 0.003732458222657442
239 0.004620993975549936
240 0.0038676359690725803
241 0.003791922004893422
242 0.004017830826342106
243 0.0036500042770057917
244 0.0037673725746572018
245 0.0037017185240983963
246 0.004012893885374069
247 0.004137878306210041
248 0.0035349761601537466
249 0.0038597534876316786
250 0.0035436225589364767
251 0.0034346217289566994
252 0.0038426723331212997
253 0.003499777987599373
254 0.003981631714850664
255 0.003439907217398286
