0 0.003936526831239462
1 0.0032158305402845144
2 0.00378783093765378
3 0.004003024194389582
4 0.004240401554852724
5 0.0037460848689079285
6 0.0041315616108477116
7 0.0038703596219420433
8 0.004254419822245836
9 0.0035260962322354317
10 0.003975916188210249
11 0.003942231647670269
12 0.0036577179562300444
13 0.003781934967264533
14 0.003734494559466839
15 0.003835109295323491
16 0.003861716715618968
17 0.003969173412770033
18 0.003922594245523214
19 0.0037151079159229994
20 0.004408559296280146
21 0.004113375674933195
22 0.0038187955506145954
23 0.003872581524774432
24 0.0038594992365688086
25 0.004039551131427288
26 0.0040369415655732155
27 0.004026359878480434
28 0.0039937179535627365
29 0.003793169278651476
30 0.004100520629435778
31 0.0036557777784764767
32 0.0035794060677289963
33 0.0035366532392799854
34 0.003645755583420396
35 0.003942602314054966
36 0.0039584138430655
37 0.0038158027455210686
38 0.004039484076201916
39 0.004073855467140675
40 0.0039230878464877605
41 0.0033310609869658947
42 0.004175262991338968
43 0.0037123914808034897
44 0.0037959131877869368
45 0.00385861424729228
46 0.0041861021891236305
47 0.0042625232599675655
48 0.0038238081615418196
49 0.0036687280517071486
50 0.004176288843154907
51 0.003435373306274414
52 0.003978597465902567
53 0.003779578022658825
54 0.0037821163423359394
55 0.004043457098305225
56 0.004175916314125061
57 0.003948522731661797
58 0.0038415135350078344
59 0.003777936799451709
60 0.0039552426896989346
61 0.0039470503106713295
62 0.004235259257256985
63 0.0036064544692635536
64 0.003824457060545683
65 0.00371525133959949
66 0.004010667093098164
67 0.0040400391444563866
68 0.003962044604122639
69 0.0039659286849200726
70 0.004132138565182686
71 0.00391706358641386
72 0.003825924824923277
73 0.003610264975577593
74 0.003847855143249035
75 0.004287450108677149
76 0.003736490150913596
77 0.0038233601953834295
78 0.00391305610537529
79 0.003613490844145417
80 0.003884207224473357
81 0.0038560759276151657
82 0.003817423013970256
83 0.0035782286431640387
84 0.003956190776079893
85 0.0041353157721459866
86 0.003559007542207837
87 0.003741952357813716
88 0.0034880100283771753
89 0.0037273638881742954
90 0.003984751179814339
91 0.0041102273389697075
92 0.003909328952431679
93 0.004274715203791857
94 0.003580125980079174
95 0.0040689073503017426
96 0.004048976115882397
97 0.004267264623194933
98 0.003986286465078592
99 0.004312532488256693
100 0.003707433585077524
101 0.004309462383389473
102 0.0036341091617941856
103 0.004203013610094786
104 0.0036959885619580746
105 0.004021506290882826
106 0.004037149716168642
107 0.004532918334007263
108 0.004373121540993452
109 0.003979848697781563
110 0.004009913187474012
111 0.0037026358768343925
112 0.0038391058333218098
113 0.0039506517350673676
114 0.004216846544295549
115 0.004079285077750683
116 0.003981798887252808
117 0.0037352212239056826
118 0.003494163742288947
119 0.00379573623649776
120 0.00392375560477376
121 0.0039020883850753307
122 0.00426361383870244
123 0.004059171304106712
124 0.004088829271495342
125 0.003934079315513372
126 0.00443074619397521
127 0.003875578287988901
128 0.0036921713035553694
129 0.003630221588537097
130 0.0036627561785280704
131 0.003562351455911994
132 0.003941257018595934
133 0.004011436831206083
134 0.003893212415277958
135 0.003495762823149562
136 0.004250545985996723
137 0.0036797719076275826
138 0.0038849073462188244
139 0.00384983466938138
140 0.003624074161052704
141 0.003403835231438279
142 0.0038768728263676167
143 0.004021791275590658
144 0.0037006018683314323
145 0.004168904386460781
146 0.004061794839799404
147 0.003913206979632378
148 0.004056159872561693
149 0.004225720185786486
150 0.004050865303725004
151 0.0041061085648834705
152 0.0036005452275276184
153 0.003752488875761628
154 0.0039413487538695335
155 0.003671579295769334
156 0.0037915792781859636
157 0.003465227782726288
158 0.004047506954520941
159 0.003777851816266775
160 0.0036284462548792362
161 0.003599246498197317
162 0.004400976933538914
163 0.0036536501720547676
164 0.003671487793326378
165 0.0038791634142398834
166 0.00389581685885787
167 0.004063601139932871
168 0.0042193918488919735
169 0.003941996023058891
170 0.0037517372984439135
171 0.003781541483476758
172 0.0037991185672581196
173 0.003929318394511938
174 0.0038403680082410574
175 0.004094784613698721
176 0.0043035345152020454
177 0.0037649960722774267
178 0.003706189803779125
179 0.0036884432192891836
180 0.0038692390080541372
181 0.004130954388529062
182 0.0039887940511107445
183 0.0037742448039352894
184 0.003920378629118204
185 0.004486199468374252
186 0.003584104124456644
187 0.003864459926262498
188 0.003729471703991294
189 0.004004196263849735
190 0.004199627321213484
191 0.003736537881195545
192 0.004049582406878471
193 0.0040755076333880424
194 0.004044386558234692
195 0.004532343242317438
196 0.004399168770760298
197 0.0036428002640604973
198 0.003740061307325959
199 0.0039048653561621904
200 0.004006567876785994
201 0.003765091998502612
202 0.003975008614361286
203 0.003893256187438965
204 0.0035838563926517963
205 0.0036816636566072702
206 0.003603769699111581
207 0.0038497094064950943
208 0.004076533950865269
209 0.004053090699017048
210 0.0037684361450374126
211 0.0038746388163417578
212 0.0036324462853372097
213 0.0036129504442214966
214 0.004277350381016731
215 0.004024138208478689
216 0.00421000923961401
217 0.004188475664705038
218 0.003804279724135995
219 0.0038328131195157766
220 0.0037975183222442865
221 0.0040070354007184505
222 0.003885632613673806
223 0.004049261100590229
224 0.003685279982164502
225 0.003964852076023817
226 0.004242416005581617
227 0.0038907004054635763
228 0.004182504955679178
229 0.004300619941204786
230 0.0038508346769958735
231 0.004063682164996862
232 0.004185429774224758
233 0.003660311456769705
234 0.0040054842829704285
235 0.003907911013811827
236 0.0038596580270677805
237 0.00379374111071229
238 0.003679207293316722
239 0.004035682883113623
240 0.003967621363699436
241 0.00410956097766757
242 0.004125135950744152
243 0.003674058709293604
244 0.003806943539530039
245 0.0037189170252531767
246 0.004244747571647167
247 0.004147890489548445
248 0.004101456142961979
249 0.0038111191242933273
250 0.003908358048647642
251 0.0033431570045650005
252 0.0038297390565276146
253 0.0038959220983088017
254 0.0037278980016708374
255 0.003592683235183358
