0 0.003829333698377013
1 0.0034557110629975796
2 0.003942829091101885
3 0.0040091159753501415
4 0.004169151186943054
5 0.0037103742361068726
6 0.004152463283389807
7 0.003893324639648199
8 0.004247213248163462
9 0.00353450421243906
10 0.0038698455318808556
11 0.0038400476332753897
12 0.0036634220741689205
13 0.0038861967623233795
14 0.003964707255363464
15 0.003799454076215625
16 0.0040119718760252
17 0.0037694296333938837
18 0.0038826880045235157
19 0.003917253110557795
20 0.004171574022620916
21 0.004050003364682198
22 0.0038763335905969143
23 0.003550258232280612
24 0.003939889371395111
25 0.004043149761855602
26 0.0041843620128929615
27 0.003854884998872876
28 0.004230119287967682
29 0.004161189775913954
30 0.004249695688486099
31 0.0037662365939468145
32 0.003856315976008773
33 0.003610356478020549
34 0.003659807378426194
35 0.004099556244909763
36 0.004006505478173494
37 0.003741326043382287
38 0.004068808630108833
39 0.004189813043922186
40 0.0038960441015660763
41 0.0035798947792500257
42 0.003999616485089064
43 0.0037255382630974054
44 0.003762352978810668
45 0.0038068199064582586
46 0.00434986362233758
47 0.004168294370174408
48 0.003917870111763477
49 0.003473432967439294
50 0.0041083768010139465
51 0.0036287761759012938
52 0.00384832127019763
53 0.003917025867849588
54 0.0038759142626076937
55 0.004196612164378166
56 0.003984426148235798
57 0.0036318358033895493
58 0.0036982246674597263
59 0.003698779968544841
60 0.0038518132641911507
61 0.0038878759369254112
62 0.0042935810051858425
63 0.0035736735444515944
64 0.0037912630941718817
65 0.0036814732011407614
66 0.003813729155808687
67 0.003981558606028557
68 0.0038590480107814074
69 0.004141152370721102
70 0.004038758110255003
71 0.0037026889622211456
72 0.003900027135387063
73 0.0038286568596959114
74 0.0036801043897867203
75 0.003957668785005808
76 0.00387767655774951
77 0.003839349141344428
78 0.004099482204765081
79 0.003766474546864629
80 0.0037451712414622307
81 0.00405542878434062
82 0.004046337213367224
83 0.0036875298246741295
84 0.004073986317962408
85 0.0038212595973163843
86 0.003852889873087406
87 0.003660188987851143
88 0.003712328616529703
89 0.0038292997051030397
90 0.004039457067847252
91 0.0038918994832783937
92 0.004146130755543709
93 0.004431560635566711
94 0.0037284130230545998
95 0.003937681671231985
96 0.0038821145426481962
97 0.004159755073487759
98 0.0038029756397008896
99 0.004398791119456291
100 0.0039011489134281874
101 0.004270733799785376
102 0.003698013024404645
103 0.004222991410642862
104 0.0036212506238371134
105 0.004194475710391998
106 0.004060913808643818
107 0.0044916593469679356
108 0.004363859072327614
109 0.003797340439632535
110 0.003913675434887409
111 0.003955627791583538
112 0.003784532891586423
113 0.004203672055155039
114 0.0038238659035414457
115 0.003903063479810953
116 0.0038919379003345966
117 0.0039004040881991386
118 0.0036307547707110643
119 0.004034777637571096
120 0.003791915252804756
121 0.004248236306011677
122 0.004379661753773689
123 0.0037565194070339203
124 0.004024214576929808
125 0.003965351264923811
126 0.004235210362821817
127 0.003958251792937517
128 0.0035833686124533415
129 0.003777730278670788
130 0.003596073016524315
131 0.0038223930168896914
132 0.004053074866533279
133 0.004348780028522015
134 0.003804150503128767
135 0.003621764248237014
136 0.004516853950917721
137 0.003988729324191809
138 0.004047065507620573
139 0.004198912996798754
140 0.003491461044177413
141 0.003580749034881592
142 0.0036365848500281572
143 0.003655669279396534
144 0.0036024083383381367
145 0.003985612653195858
146 0.00398501381278038
147 0.003816053969785571
148 0.003930338658392429
149 0.0038524609990417957
150 0.004210067912936211
151 0.004147858824580908
152 0.003706510178744793
153 0.0037901741452515125
154 0.00386142753995955
155 0.003595844144001603
156 0.0038083589170128107
157 0.0034001830499619246
158 0.0039633046835660934
159 0.0037750904448330402
160 0.0037915378343313932
161 0.003554033115506172
162 0.0041911606676876545
163 0.00343851326033473
164 0.003843884449452162
165 0.003991518635302782
166 0.003964697942137718
167 0.0038679162971675396
168 0.004068245179951191
169 0.0038088199216872454
170 0.003643906209617853
171 0.0037512811832129955
172 0.003613493638113141
173 0.0040647126734256744
174 0.004168608225882053
175 0.0039779855869710445
176 0.004178015980869532
177 0.003764126915484667
178 0.0036803872790187597
179 0.0038130616303533316
180 0.003639939706772566
181 0.004188974853605032
182 0.004126233980059624
183 0.003792431438341737
184 0.0037044703494757414
185 0.0041638626717031
186 0.0034283248241990805
187 0.003959670662879944
188 0.004049383569508791
189 0.0038610687479376793
190 0.0041177826933562756
191 0.0036801279056817293
192 0.003737115301191807
193 0.004056368954479694
194 0.003889793064445257
195 0.004281823057681322
196 0.004248247481882572
197 0.0037857855204492807
198 0.0039022646378725767
199 0.0038639805279672146
200 0.004029868170619011
201 0.003962425515055656
202 0.004011376760900021
203 0.004009325988590717
204 0.003982830327004194
205 0.004131652880460024
206 0.0037260078825056553
207 0.003852246794849634
208 0.00420088367536664
209 0.004172241780906916
210 0.003566914005205035
211 0.004243714269250631
212 0.0035874119494110346
213 0.0036780121736228466
214 0.004402506165206432
215 0.003805328393355012
216 0.004006754141300917
217 0.004192363005131483
218 0.0037285196594893932
219 0.0036629317328333855
220 0.0037023774348199368
221 0.004000535234808922
222 0.003696516389027238
223 0.004213153384625912
224 0.003750703064724803
225 0.0038916843477636576
226 0.0039326404221355915
227 0.0038484453689306974
228 0.004218717571347952
229 0.004281541798263788
230 0.003987784497439861
231 0.00429353304207325
232 0.003729003481566906
233 0.003725179471075535
234 0.003815924283117056
235 0.0038770651444792747
236 0.0039056732784956694
237 0.0036995396949350834
238 0.0035206188913434744
239 0.003996608313173056
240 0.004096812568604946
241 0.003806654131039977
242 0.004052551928907633
243 0.0036180494353175163
244 0.004010165575891733
245 0.003605181584134698
246 0.004010201431810856
247 0.004256890155375004
248 0.0039080348797142506
249 0.00371784926392138
250 0.0037236486095935106
251 0.0036393138580024242
252 0.00398371834307909
253 0.0037282605189830065
254 0.0036675313021987677
255 0.0037063672207295895
