0 0.003963485360145569
1 0.003513562260195613
2 0.003713032230734825
3 0.004032333381474018
4 0.004375728312879801
5 0.003928946331143379
6 0.003853634698316455
7 0.0042916471138596535
8 0.004081311170011759
9 0.0037507032975554466
10 0.004467062186449766
11 0.003686410142108798
12 0.0036991273518651724
13 0.00375403743237257
14 0.003809623885899782
15 0.003907912410795689
16 0.00402185320854187
17 0.0039375172927975655
18 0.0036846748553216457
19 0.004165914840996265
20 0.004104838706552982
21 0.004078579135239124
22 0.004086614586412907
23 0.0037799784913659096
24 0.004085368011146784
25 0.0038769165985286236
26 0.003932680003345013
27 0.003878924762830138
28 0.0041022226214408875
29 0.00388994999229908
30 0.00443168543279171
31 0.003855413291603327
32 0.003577563678845763
33 0.003442704677581787
34 0.0036539738066494465
35 0.0038389882538467646
36 0.0040713706985116005
37 0.0036748810671269894
38 0.003978762309998274
39 0.004107518587261438
40 0.004310869611799717
41 0.0033603450283408165
42 0.003856128780171275
43 0.00403986219316721
44 0.003758153412491083
45 0.003699724329635501
46 0.004231434781104326
47 0.004175828769803047
48 0.004095481708645821
49 0.0037381353322416544
50 0.004182999487966299
51 0.0035698176361620426
52 0.003844568971544504
53 0.004014998208731413
54 0.003792589996010065
55 0.004230968654155731
56 0.00419658375903964
57 0.00375142483972013
58 0.003977424465119839
59 0.0038299644365906715
60 0.003499840386211872
61 0.004012377932667732
62 0.003991221077740192
63 0.0036995545960962772
64 0.003963654860854149
65 0.0036541784647852182
66 0.003948647063225508
67 0.003966058604419231
68 0.003959752153605223
69 0.0039659952744841576
70 0.004480067640542984
71 0.00353845558129251
72 0.003989671356976032
73 0.003826713655143976
74 0.003924351651221514
75 0.004549104254692793
76 0.0040863994508981705
77 0.0038992746267467737
78 0.0037432892713695765
79 0.004156564828008413
80 0.00378360110335052
81 0.003975492902100086
82 0.004178932867944241
83 0.0034017099533230066
84 0.0037870651576668024
85 0.003713406389579177
86 0.003576065879315138
87 0.003961716312915087
88 0.003742846427485347
89 0.003719144035130739
90 0.0037878286093473434
91 0.003953985404223204
92 0.004122783895581961
93 0.0040877507999539375
94 0.0039122700691223145
95 0.003906983882188797
96 0.0038571860641241074
97 0.0041121505200862885
98 0.003871610388159752
99 0.003949999809265137
100 0.004007145296782255
101 0.004217073321342468
102 0.003754312638193369
103 0.004123764578253031
104 0.003815409494563937
105 0.0043303268030285835
106 0.0038061190862208605
107 0.004265992436558008
108 0.004300120752304792
109 0.003846491454169154
110 0.0038549851160496473
111 0.0037797235418111086
112 0.003656011773273349
113 0.004508781246840954
114 0.0041671195067465305
115 0.0036378803197294474
116 0.003970373421907425
117 0.00391411641612649
118 0.003646374447271228
119 0.003984725568443537
120 0.003988916054368019
121 0.004049914423376322
122 0.0042913989163935184
123 0.0037261638790369034
124 0.004082679748535156
125 0.003970183432102203
126 0.004110555164515972
127 0.003734350437298417
128 0.003602890996262431
129 0.0036877912934869528
130 0.0037943271454423666
131 0.003846193663775921
132 0.003770850831642747
133 0.004411626607179642
134 0.003800898790359497
135 0.0038482225500047207
136 0.004223428666591644
137 0.0039308383129537106
138 0.003918773494660854
139 0.003847885876893997
140 0.003500965889543295
141 0.0034601138904690742
142 0.0039412337355315685
143 0.003820228623226285
144 0.0036332339514046907
145 0.003997717518359423
146 0.003941226750612259
147 0.003921204246580601
148 0.0037226949352771044
149 0.003824823535978794
150 0.004009637515991926
151 0.004015014972537756
152 0.003769553266465664
153 0.003877072362229228
154 0.003855285933241248
155 0.0036406300496309996
156 0.003625997109338641
157 0.0036970668006688356
158 0.003933264873921871
159 0.003527302760630846
160 0.003796915989369154
161 0.0037448322400450706
162 0.004356104880571365
163 0.00350930099375546
164 0.0037554765585809946
165 0.0038990373723208904
166 0.004205037374049425
167 0.0038624971639364958
168 0.0043147653341293335
169 0.004103141371160746
170 0.003630685154348612
171 0.004041377454996109
172 0.0037622193340212107
173 0.0040011038072407246
174 0.004318283870816231
175 0.0037465442437678576
176 0.00424992386251688
177 0.0038314606063067913
178 0.003679486457258463
179 0.003762097330763936
180 0.003798964899033308
181 0.004315772093832493
182 0.0043421234004199505
183 0.003882584860548377
184 0.0038673384115099907
185 0.004154174588620663
186 0.0034101842902600765
187 0.004018109757453203
188 0.0037864763289690018
189 0.003713371464982629
190 0.004124023020267487
191 0.0037808206398040056
192 0.0039146519266068935
193 0.0038006361573934555
194 0.004098357167094946
195 0.004145926795899868
196 0.004052019212394953
197 0.0034868400543928146
198 0.0039254482835531235
199 0.003872159868478775
200 0.0036935508251190186
201 0.0039458125829696655
202 0.003930180799216032
203 0.003764224471524358
204 0.0037966871168464422
205 0.0035948154982179403
206 0.003544726176187396
207 0.004022415727376938
208 0.004074606113135815
209 0.004171090666204691
210 0.003951777704060078
211 0.0042854188941419125
212 0.0035941042006015778
213 0.003818465629592538
214 0.003941107541322708
215 0.0039735762402415276
216 0.0039051235653460026
217 0.004101059399545193
218 0.004035330377519131
219 0.003922967705875635
220 0.00364616047590971
221 0.0039271945133805275
222 0.0037546702660620213
223 0.0040757497772574425
224 0.003980156034231186
225 0.0036505938041955233
226 0.004020869731903076
227 0.0038607632741332054
228 0.004198742564767599
229 0.0043756174854934216
230 0.0036871558986604214
231 0.004027959890663624
232 0.004051410127431154
233 0.003699690103530884
234 0.003566454164683819
235 0.003811861388385296
236 0.004003202077001333
237 0.0038258142303675413
238 0.0037238600198179483
239 0.00444231741130352
240 0.004011665936559439
241 0.0037361616268754005
242 0.0038336256984621286
243 0.0036564746405929327
244 0.003871861845254898
245 0.003714151680469513
246 0.0040126037783920765
247 0.0040750810876488686
248 0.0037102962378412485
249 0.003699001157656312
250 0.003655370557680726
251 0.003449399955570698
252 0.003948356956243515
253 0.003473985008895397
254 0.003931816201657057
255 0.003821123391389847
