0 0.003987553995102644
1 0.003456491744145751
2 0.003957055974751711
3 0.00391362514346838
4 0.004239402711391449
5 0.0036393553018569946
6 0.003987210802733898
7 0.004193364642560482
8 0.004195606801658869
9 0.0036874129436910152
10 0.0041056666523218155
11 0.0037708436138927937
12 0.00368758337572217
13 0.003914599306881428
14 0.003764294320717454
15 0.003943592309951782
16 0.003980650100857019
17 0.003978121560066938
18 0.003800314152613282
19 0.004031322430819273
20 0.004137706011533737
21 0.004129009321331978
22 0.003995802719146013
23 0.0037097949534654617
24 0.0040955557487905025
25 0.0041567487642169
26 0.00407403102144599
27 0.003974731545895338
28 0.0041198283433914185
29 0.004092475399374962
30 0.004284600727260113
31 0.003922295290976763
32 0.0037721407134085894
33 0.003679504618048668
34 0.0035401899367570877
35 0.00386910536326468
36 0.004212199244648218
37 0.003644918091595173
38 0.004209939856082201
39 0.0041240183636546135
40 0.0040996382012963295
41 0.0035158421378582716
42 0.0040571498684585094
43 0.003814985742792487
44 0.003931713290512562
45 0.00397258996963501
46 0.003867611289024353
47 0.00425344193354249
48 0.003975669853389263
49 0.0037828758358955383
50 0.00402654055505991
51 0.0035132134798914194
52 0.00407247943803668
53 0.003829050110653043
54 0.0038331083487719297
55 0.0040791695937514305
56 0.004003874026238918
57 0.0038514130283147097
58 0.003634311957284808
59 0.0036725159734487534
60 0.003713567741215229
61 0.003994114696979523
62 0.004363095387816429
63 0.003650146769359708
64 0.00398766715079546
65 0.003578850533813238
66 0.004050501622259617
67 0.003829816821962595
68 0.003929051570594311
69 0.003917198162525892
70 0.004204730968922377
71 0.003759613959118724
72 0.0038887509144842625
73 0.0038192805368453264
74 0.00377724994905293
75 0.004241390619426966
76 0.00397819047793746
77 0.004005607217550278
78 0.004049020353704691
79 0.0037780473940074444
80 0.0037084463983774185
81 0.00400529382750392
82 0.004231494385749102
83 0.0035627814941108227
84 0.003868828061968088
85 0.0036954639945179224
86 0.003992768935859203
87 0.003834473667666316
88 0.0036565593909472227
89 0.003919090144336224
90 0.004062914289534092
91 0.003965193871408701
92 0.004007719922810793
93 0.004267060197889805
94 0.0037369844503700733
95 0.003761420724913478
96 0.003950503189116716
97 0.0039286804385483265
98 0.0036540543660521507
99 0.00408955430611968
100 0.003895600326359272
101 0.004086279775947332
102 0.0039147562347352505
103 0.004315435420721769
104 0.0038035146426409483
105 0.004346812143921852
106 0.0038472474552690983
107 0.004513084422796965
108 0.004261043854057789
109 0.0039926511235535145
110 0.003946298733353615
111 0.004063360393047333
112 0.0038023595698177814
113 0.004143142607063055
114 0.004010811913758516
115 0.003547782776877284
116 0.004093735013157129
117 0.004022940993309021
118 0.0035931163001805544
119 0.003680451540276408
120 0.0040154182352125645
121 0.004204614087939262
122 0.004307042807340622
123 0.003666131990030408
124 0.004235211759805679
125 0.0040533156134188175
126 0.004147714003920555
127 0.003935534972697496
128 0.003725237213075161
129 0.00353105366230011
130 0.003690223442390561
131 0.003514787880703807
132 0.0040157632902264595
133 0.004314429592341185
134 0.003882992547005415
135 0.0035156328231096268
136 0.004084898624569178
137 0.003959516528993845
138 0.003851346904411912
139 0.003844094928354025
140 0.00356690539047122
141 0.0035779851023107767
142 0.003741716267541051
143 0.0036906395107507706
144 0.0036624742206186056
145 0.003992537967860699
146 0.003892402397468686
147 0.0038294505793601274
148 0.003923473414033651
149 0.0038463459350168705
150 0.003980373032391071
151 0.00396018335595727
152 0.0037359169218689203
153 0.00367221562191844
154 0.0038337360601872206
155 0.003555304603651166
156 0.003746812464669347
157 0.003809023881331086
158 0.00404455978423357
159 0.0036697639152407646
160 0.0038188521284610033
161 0.0037067525554448366
162 0.004266540985554457
163 0.00359412282705307
164 0.003927759826183319
165 0.003922681789845228
166 0.004054228309541941
167 0.0038833217695355415
168 0.004110447596758604
169 0.0039479960687458515
170 0.003920470364391804
171 0.003794088028371334
172 0.0036533677484840155
173 0.0038014273159205914
174 0.004207896068692207
175 0.003899935632944107
176 0.004275796003639698
177 0.0038793201092630625
178 0.003616892034187913
179 0.003689230652526021
180 0.0037834541872143745
181 0.004111289046704769
182 0.0040204948745667934
183 0.003998200409114361
184 0.004117845091968775
185 0.004143799655139446
186 0.0035254191607236862
187 0.003812678623944521
188 0.00402454799041152
189 0.0038637793622910976
190 0.003979880828410387
191 0.003842901438474655
192 0.003928221296519041
193 0.0038738155271857977
194 0.0042145149782299995
195 0.004257843364030123
196 0.004391614347696304
197 0.0036719704512506723
198 0.0039659533649683
199 0.0038010738790035248
200 0.0037611559964716434
201 0.0037679485976696014
202 0.003843940095975995
203 0.0038387973327189684
204 0.003620974952355027
205 0.003724409267306328
206 0.0036337682977318764
207 0.004014953505247831
208 0.004082749597728252
209 0.0039747306145727634
210 0.003796646138653159
211 0.004014130216091871
212 0.003533517010509968
213 0.0036691613495349884
214 0.004022672306746244
215 0.003964580595493317
216 0.003912207204848528
217 0.004109430592507124
218 0.0037639073561877012
219 0.0037446878850460052
220 0.003801305079832673
221 0.003965472802519798
222 0.003715488128364086
223 0.0038870282005518675
224 0.0037271848414093256
225 0.0038564512506127357
226 0.0039080120623111725
227 0.003738410072401166
228 0.003934906795620918
229 0.004119334742426872
230 0.0039644804783165455
231 0.0041353739798069
232 0.003999034408479929
233 0.0036891025956720114
234 0.0037034680135548115
235 0.003863855265080929
236 0.003868636442348361
237 0.0037616267800331116
238 0.00377635913901031
239 0.003994977567344904
240 0.0038236253894865513
241 0.004004957620054483
242 0.00372491218149662
243 0.0038317025173455477
244 0.004126708954572678
245 0.003949332516640425
246 0.004269442055374384
247 0.003941405564546585
248 0.003933494444936514
249 0.003916553687304258
250 0.003548371372744441
251 0.00361554604023695
252 0.0040065995417535305
253 0.003774024546146393
254 0.003962330520153046
255 0.0037774001248180866
