0 0.003994462545961142
1 0.003272689413279295
2 0.0036625980865210295
3 0.004129544831812382
4 0.004041249398142099
5 0.0037709276657551527
6 0.00419318862259388
7 0.004092809744179249
8 0.004005121532827616
9 0.0036267165560275316
10 0.004394690040498972
11 0.00383298983797431
12 0.0035883106756955385
13 0.003804737003520131
14 0.003727217670530081
15 0.003972820937633514
16 0.00394251337274909
17 0.0038411009591072798
18 0.003535947762429714
19 0.003977400250732899
20 0.003946570213884115
21 0.004053289070725441
22 0.004173479974269867
23 0.003646270604804158
24 0.00398164102807641
25 0.004160734824836254
26 0.003945089410990477
27 0.0037498134188354015
28 0.004120559431612492
29 0.003930557519197464
30 0.0042061153799295425
31 0.0038857136387377977
32 0.0036424812860786915
33 0.0037063714116811752
34 0.0035032005980610847
35 0.0040344251319766045
36 0.004264393355697393
37 0.003704031463712454
38 0.004210448823869228
39 0.004309843759983778
40 0.00408824672922492
41 0.00352076580747962
42 0.0038597919046878815
43 0.0038450313732028008
44 0.0038056522607803345
45 0.0041062915697693825
46 0.004072370007634163
47 0.004252455197274685
48 0.004021320026367903
49 0.0038013590965420008
50 0.003965015523135662
51 0.0034950044937431812
52 0.003999297507107258
53 0.0038672618102282286
54 0.0038669335190206766
55 0.004215317778289318
56 0.004219897091388702
57 0.003961074631661177
58 0.0036823893897235394
59 0.0038769938983023167
60 0.0037570244167000055
61 0.0039802249521017075
62 0.004287382122129202
63 0.0036986847408115864
64 0.003662829753011465
65 0.003694206941872835
66 0.0037034566048532724
67 0.00373115879483521
68 0.0036744221579283476
69 0.0037521258927881718
70 0.004419385921210051
71 0.003854037495329976
72 0.004286568611860275
73 0.003717874875292182
74 0.0038469117134809494
75 0.004407102707773447
76 0.004059219732880592
77 0.003983203321695328
78 0.003798886202275753
79 0.0038257597479969263
80 0.00361697212792933
81 0.004032475408166647
82 0.003973990213125944
83 0.0036574876867234707
84 0.003994966857135296
85 0.0037213070318102837
86 0.0038420434575527906
87 0.0036963284946978092
88 0.0035308783408254385
89 0.003797320881858468
90 0.0039289603009819984
91 0.00379433436319232
92 0.004404687788337469
93 0.0041772290132939816
94 0.003928168676793575
95 0.0037364212330430746
96 0.00408052047714591
97 0.0042516314424574375
98 0.0039050779305398464
99 0.004027836490422487
100 0.0039093573577702045
101 0.004197149071842432
102 0.003855863120406866
103 0.004164148587733507
104 0.0037670782767236233
105 0.004239226691424847
106 0.003746866714209318
107 0.0042481813579797745
108 0.004250632598996162
109 0.003981430549174547
110 0.003907180856913328
111 0.003989208955317736
112 0.003665544558316469
113 0.004231265280395746
114 0.004090894479304552
115 0.003753872122615576
116 0.004214664921164513
117 0.0038375339936465025
118 0.0036367971915751696
119 0.003855557180941105
120 0.004038340412080288
121 0.004020762164145708
122 0.004502432886511087
123 0.004097570199519396
124 0.0038861462380737066
125 0.0037910433020442724
126 0.004241665359586477
127 0.003782357322052121
128 0.0037709535099565983
129 0.0036827619187533855
130 0.00371985393576324
131 0.0036536422558128834
132 0.003800378879532218
133 0.004340142011642456
134 0.00391977746039629
135 0.003539963159710169
136 0.004378146026283503
137 0.003873671405017376
138 0.0036623242776840925
139 0.003952628932893276
140 0.0035082087852060795
141 0.0036298916675150394
142 0.003861278761178255
143 0.003575532231479883
144 0.0035452868323773146
145 0.0040438733994960785
146 0.003931368701159954
147 0.003916693385690451
148 0.0040211486630141735
149 0.0038090404123067856
150 0.004032210912555456
151 0.004285834729671478
152 0.003797015408053994
153 0.0038727247156202793
154 0.003815252799540758
155 0.0034602584782987833
156 0.0037185426335781813
157 0.0036460894625633955
158 0.0037631839513778687
159 0.0038352978881448507
160 0.0036846045404672623
161 0.003741920692846179
162 0.0044947098940610886
163 0.0038298177532851696
164 0.0038168923929333687
165 0.003990656696259975
166 0.003964617848396301
167 0.0038195797242224216
168 0.003918926697224379
169 0.003893774002790451
170 0.0038567313458770514
171 0.003927928861230612
172 0.003522939048707485
173 0.003736369078978896
174 0.003954633604735136
175 0.003762030741199851
176 0.0043333652429282665
177 0.003722842549905181
178 0.0035369570832699537
179 0.003790217451751232
180 0.004052942618727684
181 0.004206405952572823
182 0.004107021261006594
183 0.003841718193143606
184 0.003956171218305826
185 0.0043501160107553005
186 0.003588759806007147
187 0.003777936799451709
188 0.0038595381192862988
189 0.00395771162584424
190 0.003974035382270813
191 0.00384119781665504
192 0.003796040080487728
193 0.004108173307031393
194 0.004017027094960213
195 0.004217937588691711
196 0.004181896336376667
197 0.0036434715148061514
198 0.0040243444964289665
199 0.003967417404055595
200 0.0036348914727568626
201 0.003969796001911163
202 0.003979651257395744
203 0.003662420203909278
204 0.003704073606058955
205 0.003674513893201947
206 0.0036289202980697155
207 0.004030616022646427
208 0.0038503515534102917
209 0.003990356810390949
210 0.003952581435441971
211 0.003952315542846918
212 0.003607353661209345
213 0.00388517533428967
214 0.004120751284062862
215 0.004010382574051619
216 0.003927120007574558
217 0.004166730213910341
218 0.0036083701997995377
219 0.004045926965773106
220 0.004165841266512871
221 0.0038755047135055065
222 0.003653064137324691
223 0.004183562006801367
224 0.003824010258540511
225 0.0038709440268576145
226 0.0040304702706635
227 0.003638884983956814
228 0.004255739040672779
229 0.004289577715098858
230 0.004010129254311323
231 0.0041681318543851376
232 0.0038595704827457666
233 0.003910353872925043
234 0.0036337990313768387
235 0.0037903711199760437
236 0.003925802186131477
237 0.00387404952198267
238 0.003815491683781147
239 0.004041564185172319
240 0.004113686271011829
241 0.004057345446199179
242 0.0036098996642977
243 0.0035198356490582228
244 0.0037432482931762934
245 0.003891605883836746
246 0.004205571487545967
247 0.004038793966174126
248 0.003968697041273117
249 0.0038179964758455753
250 0.0036121464800089598
251 0.0035696832928806543
252 0.003935928922146559
253 0.0034903918858617544
254 0.0038888996932655573
255 0.003938339650630951
