0 0.003945134114474058
1 0.0033344828989356756
2 0.0037024938501417637
3 0.0039382027462124825
4 0.004185817204415798
5 0.00402417778968811
6 0.0040643541142344475
7 0.004084383137524128
8 0.004289801698178053
9 0.0034443489275872707
10 0.0040543582290410995
11 0.0039060397539287806
12 0.0037671320606023073
13 0.0036573889665305614
14 0.0038645328022539616
15 0.003819442121312022
16 0.00406252546235919
17 0.003941620234400034
18 0.003717283485457301
19 0.003895524190738797
20 0.0038697479758411646
21 0.004026852082461119
22 0.0041397372260689735
23 0.003946120850741863
24 0.004171638283878565
25 0.0040822867304086685
26 0.003872314002364874
27 0.0039200559258461
28 0.003923974931240082
29 0.0038721535820513964
30 0.0042423065751791
31 0.0039742616936564445
32 0.0036396607756614685
33 0.0035584771540015936
34 0.0036042435094714165
35 0.00404408760368824
36 0.00425574230030179
37 0.0037280817050486803
38 0.0038960794918239117
39 0.004262335132807493
40 0.003997397143393755
41 0.00332895340397954
42 0.003923741169273853
43 0.004151623696088791
44 0.0038270086515694857
45 0.003823832841590047
46 0.004430351313203573
47 0.0042537604458630085
48 0.0038889702409505844
49 0.004033204633742571
50 0.004358233418315649
51 0.003447439521551132
52 0.004149812739342451
53 0.003787039080634713
54 0.003887954168021679
55 0.004260659217834473
56 0.004227217752486467
57 0.003619913710281253
58 0.0038782786577939987
59 0.003908372484147549
60 0.0038665044121444225
61 0.004142372403293848
62 0.0043335482478141785
63 0.0038958690129220486
64 0.003981022629886866
65 0.003941897302865982
66 0.003679078770801425
67 0.003791794180870056
68 0.003882145741954446
69 0.0038332005497068167
70 0.004044652450829744
71 0.0037975602317601442
72 0.0036975014954805374
73 0.0038247962947934866
74 0.0036236662417650223
75 0.004229737911373377
76 0.004087385721504688
77 0.003696457017213106
78 0.00418142369017005
79 0.003656351938843727
80 0.003557974938303232
81 0.004103557206690311
82 0.003736561629921198
83 0.0036389983724802732
84 0.004192567430436611
85 0.0036765742115676403
86 0.0036800571251660585
87 0.0037549403496086597
88 0.0035894778557121754
89 0.003994269762188196
90 0.004084385931491852
91 0.004090037662535906
92 0.003872726345434785
93 0.003942830953747034
94 0.0037620181683450937
95 0.0038272475358098745
96 0.003926046192646027
97 0.004217023961246014
98 0.0036989969667047262
99 0.004252553917467594
100 0.003705100854858756
101 0.004062125459313393
102 0.003712845966219902
103 0.0043462105095386505
104 0.003665562951937318
105 0.004182341042906046
106 0.0036629419773817062
107 0.004106474574655294
108 0.004144349601119757
109 0.003668426303192973
110 0.003913248423486948
111 0.0037923508789390326
112 0.0037727183662354946
113 0.004266766831278801
114 0.003749041585251689
115 0.0037174501921981573
116 0.0038410320412367582
117 0.004190556704998016
118 0.0035548305604606867
119 0.0036550459917634726
120 0.004170835949480534
121 0.00407091248780489
122 0.004053644835948944
123 0.004113704431802034
124 0.0039992486126720905
125 0.003764757188037038
126 0.004361563827842474
127 0.0038042268715798855
128 0.003646138124167919
129 0.0035294832196086645
130 0.003792760195210576
131 0.003690388984978199
132 0.004091745242476463
133 0.004359911195933819
134 0.003943407442420721
135 0.0036755225155502558
136 0.004396607168018818
137 0.0037866798229515553
138 0.003915003500878811
139 0.003966598305851221
140 0.003746677190065384
141 0.0035339093301445246
142 0.004016164690256119
143 0.0038094082847237587
144 0.0034786080941557884
145 0.0038843245711177588
146 0.004046441987156868
147 0.0037061695475131273
148 0.003939066547900438
149 0.0037818278651684523
150 0.004084578715264797
151 0.004175757989287376
152 0.0037460445892065763
153 0.004060113336890936
154 0.0037272581830620766
155 0.0035087810829281807
156 0.0038541953545063734
157 0.003630979685112834
158 0.0039728316478431225
159 0.0038642841391265392
160 0.0037152254953980446
161 0.003608398837968707
162 0.004556117579340935
163 0.0037083809729665518
164 0.003700720611959696
165 0.0038003053050488234
166 0.004075331147760153
167 0.0037516795564442873
168 0.004222066141664982
169 0.004329222720116377
170 0.0038184470031410456
171 0.0038459908682852983
172 0.0036912362556904554
173 0.003836447838693857
174 0.0040329559706151485
175 0.004023346118628979
176 0.004362135194242001
177 0.003772204974666238
178 0.0036375054623931646
179 0.0033393751364201307
180 0.004031599499285221
181 0.00414917292073369
182 0.004010466393083334
183 0.0039711399003863335
184 0.004238112363964319
185 0.004011665005236864
186 0.003640868002548814
187 0.004090005997568369
188 0.0039680213667452335
189 0.003838686039671302
190 0.004072114359587431
191 0.0037269035819917917
192 0.003938641399145126
193 0.004060801584273577
194 0.003938058856874704
195 0.004343343432992697
196 0.0039505381137132645
197 0.0036110696382820606
198 0.0038497664500027895
199 0.003926584031432867
200 0.0038531676400452852
201 0.0038605513982474804
202 0.003939233720302582
203 0.0036505796015262604
204 0.0037837603595107794
205 0.003656672313809395
206 0.003970004618167877
207 0.004184090532362461
208 0.004053009208291769
209 0.004030579701066017
210 0.003838375210762024
211 0.004212351981550455
212 0.0036111853551119566
213 0.0038973093032836914
214 0.00435153441503644
215 0.004123670514672995
216 0.004037332255393267
217 0.004203339572995901
218 0.003834692994132638
219 0.003752749878913164
220 0.003803899046033621
221 0.004050413146615028
222 0.0036956968251615763
223 0.004247336182743311
224 0.0036401255056262016
225 0.003986340947449207
226 0.00434439443051815
227 0.003444174537435174
228 0.004105092026293278
229 0.004241968505084515
230 0.004060644190758467
231 0.0042221457697451115
232 0.0039262487553060055
233 0.0037592847365885973
234 0.003916250541806221
235 0.003719452302902937
236 0.004052633885294199
237 0.0037588896229863167
238 0.0036660500336438417
239 0.0039719524793326855
240 0.0038581201806664467
241 0.0038648087065666914
242 0.0038736453279852867
243 0.003567544976249337
244 0.003820465411990881
245 0.003526685293763876
246 0.0038539336528629065
247 0.003984343726187944
248 0.003959473222494125
249 0.003874845104292035
250 0.0035953004844486713
251 0.0035529588349163532
252 0.0037638822104781866
253 0.0035744537599384785
254 0.004043683409690857
255 0.0035253074020147324
