0 0.004123962949961424
1 0.003395914798602462
2 0.0038536402862519026
3 0.0037776920944452286
4 0.004149808082729578
5 0.003934099338948727
6 0.004183171316981316
7 0.004214175045490265
8 0.004207946825772524
9 0.0037696626968681812
10 0.0040244353003799915
11 0.004044057801365852
12 0.0034972848370671272
13 0.0038538011722266674
14 0.003927013836801052
15 0.003961971029639244
16 0.004084931220859289
17 0.003958471119403839
18 0.003706893650814891
19 0.0038624524604529142
20 0.004009495954960585
21 0.004226870834827423
22 0.0036840394604951143
23 0.0036821167450398207
24 0.0039025931619107723
25 0.004086292814463377
26 0.00379148218780756
27 0.0038728027138859034
28 0.003919656854122877
29 0.0040795085951685905
30 0.004323284141719341
31 0.0037874984554946423
32 0.0037895403802394867
33 0.0036430915351957083
34 0.0035726483911275864
35 0.004031759686768055
36 0.00420768465846777
37 0.003936618100851774
38 0.004038376733660698
39 0.0042683943174779415
40 0.0041231694631278515
41 0.003516030265018344
42 0.003959133289754391
43 0.003760059829801321
44 0.003744627581909299
45 0.0039642564952373505
46 0.004369742702692747
47 0.004249649588018656
48 0.003946337848901749
49 0.004088214598596096
50 0.0040483069606125355
51 0.0037459060549736023
52 0.004020235501229763
53 0.0037659592926502228
54 0.003772648051381111
55 0.003944497089833021
56 0.003960354253649712
57 0.003928531426936388
58 0.003784021595492959
59 0.0038835180457681417
60 0.003798894817009568
61 0.004002174828201532
62 0.004091279581189156
63 0.0038326368667185307
64 0.0040375725366175175
65 0.0039299651980400085
66 0.0037927774246782064
67 0.003844885854050517
68 0.003946872428059578
69 0.004056544974446297
70 0.004363804589956999
71 0.004066158551722765
72 0.003787436056882143
73 0.004014752805233002
74 0.004037112463265657
75 0.0042942240834236145
76 0.00406817439943552
77 0.003972881473600864
78 0.0039086295291781425
79 0.00403974112123251
80 0.0037038063164800406
81 0.004164428915828466
82 0.0038955477066338062
83 0.0036988449282944202
84 0.0036955298855900764
85 0.003500831313431263
86 0.003843047423288226
87 0.004182867240160704
88 0.0035308049991726875
89 0.003989893477410078
90 0.003928945865482092
91 0.004020226188004017
92 0.00410176906734705
93 0.004316245671361685
94 0.003670821664854884
95 0.0038027844857424498
96 0.003671842161566019
97 0.004111487418413162
98 0.003844135208055377
99 0.004251979757100344
100 0.0040533579885959625
101 0.004118228796869516
102 0.003742312313988805
103 0.00407462427392602
104 0.0035774472635239363
105 0.004137824289500713
106 0.00383765553124249
107 0.004485617857426405
108 0.0040884967893362045
109 0.0038012031000107527
110 0.004230532795190811
111 0.003720890963450074
112 0.003682483220472932
113 0.00440080976113677
114 0.004233539570122957
115 0.0034548596013337374
116 0.00396035797894001
117 0.0040773386135697365
118 0.003553009359166026
119 0.003943333402276039
120 0.004044852685183287
121 0.004262134898453951
122 0.0042931013740599155
123 0.0038720169104635715
124 0.0041059949435293674
125 0.0038223073352128267
126 0.0039006872102618217
127 0.003830360248684883
128 0.0037888807710260153
129 0.003690964076668024
130 0.0035752560943365097
131 0.0037207945715636015
132 0.004076929297298193
133 0.004120404366403818
134 0.0037429973017424345
135 0.0036130091175436974
136 0.0040982551872730255
137 0.003762955544516444
138 0.004042662214487791
139 0.003969531040638685
140 0.0037048885133117437
141 0.003602108685299754
142 0.003992636688053608
143 0.003598735900595784
144 0.0036169879604130983
145 0.003966982010751963
146 0.0037342035211622715
147 0.003815422300249338
148 0.0038322119507938623
149 0.003967884927988052
150 0.0039050437044352293
151 0.00418488634750247
152 0.003738004481419921
153 0.0039607747457921505
154 0.00400141766294837
155 0.003703847760334611
156 0.003701543901115656
157 0.003471595933660865
158 0.003931318409740925
159 0.003789236070588231
160 0.0037384701427072287
161 0.004084623418748379
162 0.0041210222989320755
163 0.003670944133773446
164 0.0038367153611034155
165 0.0038501140661537647
166 0.0038966620340943336
167 0.003908717073500156
168 0.004159766715019941
169 0.004197021946310997
170 0.0037885799538344145
171 0.004101580008864403
172 0.003671763464808464
173 0.0037027790676802397
174 0.0039505851455032825
175 0.003918388392776251
176 0.004214226268231869
177 0.0039182561449706554
178 0.003619378199800849
179 0.003615253372117877
180 0.003767068963497877
181 0.004154984839260578
182 0.0038964685518294573
183 0.003874765709042549
184 0.00419809902086854
185 0.004212765023112297
186 0.0036350053269416094
187 0.0038794968277215958
188 0.003989757504314184
189 0.0036935112439095974
190 0.003677520900964737
191 0.003760353196412325
192 0.0038881630171090364
193 0.004051147494465113
194 0.004096004646271467
195 0.004071550909429789
196 0.004083260428160429
197 0.0038438362535089254
198 0.003737522754818201
199 0.004062398336827755
200 0.003912138286978006
201 0.0036359340883791447
202 0.003966316115111113
203 0.0035660481080412865
204 0.003959122113883495
205 0.003748988499864936
206 0.0037114948499947786
207 0.0039301165379583836
208 0.004123839084059
209 0.0038235157262533903
210 0.003617627080529928
211 0.004004038870334625
212 0.003526801709085703
213 0.003881692886352539
214 0.00421866262331605
215 0.004066482186317444
216 0.004132697358727455
217 0.004141706041991711
218 0.0037054764106869698
219 0.003592627588659525
220 0.0038269252981990576
221 0.004130464047193527
222 0.0034525447990745306
223 0.003969268407672644
224 0.0036407706793397665
225 0.004054611083120108
226 0.004072347655892372
227 0.0036622846964746714
228 0.003923734184354544
229 0.004067984409630299
230 0.0038518442306667566
231 0.004028656519949436
232 0.0038245110772550106
233 0.003985865507274866
234 0.0036381373647600412
235 0.0036397704388946295
236 0.004052166827023029
237 0.003914430737495422
238 0.0036325969267636538
239 0.004061404149979353
240 0.003923376090824604
241 0.003813002724200487
242 0.0038090883754193783
243 0.0034556060563772917
244 0.003936569672077894
245 0.0037664109840989113
246 0.004170750733464956
247 0.004222477786242962
248 0.0040159267373383045
249 0.0037457526195794344
250 0.0035148945171386003
251 0.003421409986913204
252 0.003789597889408469
253 0.003850082866847515
254 0.004069365561008453
255 0.0037611089646816254
