0 0.0037014710251241922
1 0.0034512514248490334
2 0.0038773356936872005
3 0.0038247876800596714
4 0.00409322464838624
5 0.0038783391937613487
6 0.004163624253123999
7 0.0038596484810113907
8 0.004077596589922905
9 0.0033311930019408464
10 0.003962494898587465
11 0.0038187867030501366
12 0.00378318689763546
13 0.003769222879782319
14 0.003857863135635853
15 0.0038225753232836723
16 0.004172443877905607
17 0.003899496514350176
18 0.003897563787177205
19 0.003936858382076025
20 0.0041566891595721245
21 0.0042056371457874775
22 0.00401868112385273
23 0.0037174152676016092
24 0.003675219602882862
25 0.0040635536424815655
26 0.003997358493506908
27 0.003961007110774517
28 0.004125051666051149
29 0.0039051794447004795
30 0.004042834509164095
31 0.0036586266942322254
32 0.0037036051508039236
33 0.003506159409880638
34 0.003669859142974019
35 0.004150528460741043
36 0.004028575494885445
37 0.003688657656311989
38 0.0038698611315339804
39 0.0042588659562170506
40 0.0041588773019611835
41 0.0033627443481236696
42 0.0038014522287994623
43 0.00374873960390687
44 0.0037581368815153837
45 0.0037905783392488956
46 0.004387118387967348
47 0.004043851513415575
48 0.0037482946645468473
49 0.0036832797341048717
50 0.004094675648957491
51 0.0035093221813440323
52 0.004070382099598646
53 0.0038866072427481413
54 0.0038142306730151176
55 0.004039159510284662
56 0.004165950231254101
57 0.0037244909908622503
58 0.003823802573606372
59 0.004002592992037535
60 0.003819493344053626
61 0.003923199139535427
62 0.0043136924505233765
63 0.0037574809975922108
64 0.003823742503300309
65 0.003858832409605384
66 0.0038041220977902412
67 0.004017893224954605
68 0.0039690458215773106
69 0.0041254363022744656
70 0.00413172785192728
71 0.004004424437880516
72 0.003933676052838564
73 0.003602648852393031
74 0.0037797377444803715
75 0.004336327780038118
76 0.00378655968233943
77 0.0037587510887533426
78 0.003922096453607082
79 0.0038085549604147673
80 0.0037766210734844208
81 0.004010295029729605
82 0.003952869679778814
83 0.0037400100845843554
84 0.004025190137326717
85 0.003820431651547551
86 0.0037592994049191475
87 0.0037297599483281374
88 0.003681705566123128
89 0.0038460888899862766
90 0.004170495551079512
91 0.0038024543318897486
92 0.00403955951333046
93 0.00432936055585742
94 0.003867433639243245
95 0.0038310191594064236
96 0.003989226184785366
97 0.004243870731443167
98 0.003960533998906612
99 0.0042745936661958694
100 0.0037334703374654055
101 0.004091787617653608
102 0.0035752984695136547
103 0.0041784485802054405
104 0.003772593569010496
105 0.004163888283073902
106 0.003753442084416747
107 0.0044609191827476025
108 0.004401068668812513
109 0.0037695204373449087
110 0.0037601464428007603
111 0.0038933143950998783
112 0.0036680297926068306
113 0.004244174342602491
114 0.004029273986816406
115 0.003947190474718809
116 0.0038275665137916803
117 0.0039049454499036074
118 0.003621126292273402
119 0.003940933384001255
120 0.003782121930271387
121 0.00420386390760541
122 0.004267439711838961
123 0.0037222520913928747
124 0.004135997965931892
125 0.004015857353806496
126 0.00434768246486783
127 0.003950037993490696
128 0.0036685450468212366
129 0.0038395982701331377
130 0.003600895404815674
131 0.003835688577964902
132 0.004125675186514854
133 0.004147723782807589
134 0.003977173939347267
135 0.003579037729650736
136 0.004345509689301252
137 0.003896463429555297
138 0.004113651812076569
139 0.00403822073712945
140 0.0037860835436731577
141 0.0036340372171252966
142 0.003861713223159313
143 0.003495665267109871
144 0.003614312969148159
145 0.004091689828783274
146 0.004176340531557798
147 0.0038073149044066668
148 0.0040513211861252785
149 0.003938816953450441
150 0.003914278466254473
151 0.004197878763079643
152 0.003575096605345607
153 0.0037760415580123663
154 0.0038642939180135727
155 0.0035722004249691963
156 0.0038326934445649385
157 0.0034640594385564327
158 0.0038166451267898083
159 0.003862304612994194
160 0.0035417568869888783
161 0.0037237401120364666
162 0.004392520524561405
163 0.003589911386370659
164 0.003710245480760932
165 0.0038014145102351904
166 0.003936694469302893
167 0.003869414096698165
168 0.004466662649065256
169 0.00398718286305666
170 0.0035535625647753477
171 0.003819494741037488
172 0.0038308363873511553
173 0.003942589741200209
174 0.004028386902064085
175 0.003875941038131714
176 0.004226174205541611
177 0.003943373914808035
178 0.0034690755419433117
179 0.003647694131359458
180 0.003920337650924921
181 0.00440430361777544
182 0.004048950970172882
183 0.0038673165254294872
184 0.0039411322213709354
185 0.004292353522032499
186 0.003595272544771433
187 0.00395293440669775
188 0.003849384607747197
189 0.0038623937871307135
190 0.003953142557293177
191 0.003831922309473157
192 0.0037159158382564783
193 0.00404578959569335
194 0.004023989196866751
195 0.004224053118377924
196 0.004127854481339455
197 0.003709286917001009
198 0.004219194408506155
199 0.003967011347413063
200 0.003744810353964567
201 0.0037137381732463837
202 0.004147024359554052
203 0.003777824342250824
204 0.003765807719901204
205 0.003624565899372101
206 0.003616797039285302
207 0.003994243685156107
208 0.00395915238186717
209 0.004051582422107458
210 0.003699908498674631
211 0.004247152712196112
212 0.003713986836373806
213 0.003986686002463102
214 0.0039850701577961445
215 0.003917211201041937
216 0.004166529048234224
217 0.004507056437432766
218 0.003763656597584486
219 0.003747351700440049
220 0.0038478432688862085
221 0.004133989568799734
222 0.0038356147706508636
223 0.004208097700029612
224 0.0035860943607985973
225 0.003774285316467285
226 0.0038583034183830023
227 0.003814282361418009
228 0.004274133127182722
229 0.004026762675493956
230 0.003757612546905875
231 0.004233503248542547
232 0.003901657648384571
233 0.003703961381688714
234 0.0036368018481880426
235 0.003733481978997588
236 0.0039019836112856865
237 0.0037367865443229675
238 0.0037207554560154676
239 0.0040172431617975235
240 0.004063746426254511
241 0.004021367058157921
242 0.004058480262756348
243 0.0037450212985277176
244 0.003881265176460147
245 0.0036507309414446354
246 0.004200875759124756
247 0.003929165191948414
248 0.004132309928536415
249 0.0038309998344630003
250 0.003741492750123143
251 0.0035351263359189034
252 0.003937178291380405
253 0.003686729120090604
254 0.0039606960490345955
255 0.0036939948331564665
