0 0.003769353963434696
1 0.0033861182164400816
2 0.0038644063752144575
3 0.004119137302041054
4 0.004172584507614374
5 0.0037982745561748743
6 0.00414941506460309
7 0.0039997342973947525
8 0.004148614127188921
9 0.0036836161743849516
10 0.004291584249585867
11 0.0038717996794730425
12 0.003651696490123868
13 0.003758140141144395
14 0.003890173276886344
15 0.0037696687504649162
16 0.003872569417580962
17 0.0037834204267710447
18 0.003807683940976858
19 0.0038258139975368977
20 0.003938077948987484
21 0.0043214415200054646
22 0.004060917068272829
23 0.0036172368563711643
24 0.0038288359064608812
25 0.004132638219743967
26 0.004108958411961794
27 0.0038640531711280346
28 0.003977362997829914
29 0.00410991907119751
30 0.004216727335005999
31 0.0037435845006257296
32 0.0039354851469397545
33 0.0036831009201705456
34 0.0035863795783370733
35 0.004132489208132029
36 0.004188970662653446
37 0.0037409591022878885
38 0.004004669841378927
39 0.004115157760679722
40 0.003835450392216444
41 0.003340349765494466
42 0.004095972515642643
43 0.00363180018030107
44 0.003938274923712015
45 0.003953490871936083
46 0.004134793765842915
47 0.00420390022918582
48 0.0037935024593025446
49 0.003679301356896758
50 0.004034110810607672
51 0.0036193339619785547
52 0.003951942082494497
53 0.0037211384624242783
54 0.003799324156716466
55 0.004141178447753191
56 0.0038565935101360083
57 0.003772799391299486
58 0.003924984484910965
59 0.0038459161296486855
60 0.0038090511225163937
61 0.004209996201097965
62 0.004264560993760824
63 0.0037585999816656113
64 0.0038300834130495787
65 0.003618768882006407
66 0.0038312452379614115
67 0.003797253593802452
68 0.0037163079250603914
69 0.004018682520836592
70 0.0041272914968431
71 0.003937936387956142
72 0.004125991836190224
73 0.0038901984225958586
74 0.0037096941377967596
75 0.004319967236369848
76 0.003979347180575132
77 0.003905237652361393
78 0.003979403059929609
79 0.003770658513531089
80 0.0036860620602965355
81 0.004235346335917711
82 0.0038493762258440256
83 0.0036496843677014112
84 0.0041291010566055775
85 0.00366952084004879
86 0.003843853948637843
87 0.003887801431119442
88 0.003776127938181162
89 0.0036178873851895332
90 0.004165498074144125
91 0.003927713260054588
92 0.004052489064633846
93 0.004259433131664991
94 0.003731926903128624
95 0.004165422637015581
96 0.003943637944757938
97 0.004098059609532356
98 0.003906392026692629
99 0.004095462616533041
100 0.003958427347242832
101 0.0043607112020254135
102 0.0036779972724616528
103 0.004047886468470097
104 0.0038553900085389614
105 0.004129842855036259
106 0.003966763615608215
107 0.004271185025572777
108 0.004336216952651739
109 0.003771308809518814
110 0.003911964129656553
111 0.003984115086495876
112 0.0037302174605429173
113 0.004232669249176979
114 0.0038388960529118776
115 0.0038855457678437233
116 0.004006287083029747
117 0.0040275403298437595
118 0.0038344087079167366
119 0.003974075894802809
120 0.004065944813191891
121 0.004075631033629179
122 0.0042738174088299274
123 0.0036890225019305944
124 0.003853852627798915
125 0.0039180973544716835
126 0.004302014131098986
127 0.004094162955880165
128 0.0039003973361104727
129 0.0036969739012420177
130 0.003749446477741003
131 0.0038255162071436644
132 0.003949116449803114
133 0.004230276215821505
134 0.0038079903461039066
135 0.0035358595196157694
136 0.00425026984885335
137 0.003923169337213039
138 0.0039535220712423325
139 0.004076511599123478
140 0.003613813081756234
141 0.003555969800800085
142 0.0036942826118320227
143 0.0037621716037392616
144 0.00349806877784431
145 0.004064531065523624
146 0.003917927388101816
147 0.0038742683827877045
148 0.003794790944084525
149 0.003944457042962313
150 0.003950381185859442
151 0.004331065807491541
152 0.0036599331069737673
153 0.003997377119958401
154 0.0038279846776276827
155 0.003705106908455491
156 0.003733302466571331
157 0.003465108573436737
158 0.004052585922181606
159 0.003688934724777937
160 0.0037591576110571623
161 0.003747524693608284
162 0.0040509807877242565
163 0.00365995685569942
164 0.0037229491863399744
165 0.003940735477954149
166 0.0038923826068639755
167 0.004051384516060352
168 0.004193863831460476
169 0.004201899748295546
170 0.003765121567994356
171 0.0038184833247214556
172 0.003748613176867366
173 0.0038224533200263977
174 0.00391375320032239
175 0.003928938880562782
176 0.004315043333917856
177 0.0038899017963558435
178 0.0035586615558713675
179 0.0036881070118397474
180 0.003780654165893793
181 0.004050370771437883
182 0.00385561166331172
183 0.0038000375498086214
184 0.0037417197600007057
185 0.004018675535917282
186 0.003566203871741891
187 0.0037743248976767063
188 0.004048457369208336
189 0.003676039632409811
190 0.003937008325010538
191 0.0036447627935558558
192 0.0037474685814231634
193 0.0037488285452127457
194 0.00410968204960227
195 0.004308178089559078
196 0.004175886046141386
197 0.0036815002094954252
198 0.004121467936784029
199 0.003802891820669174
200 0.003919798880815506
201 0.003859161399304867
202 0.0039009146858006716
203 0.003962564282119274
204 0.0037033106200397015
205 0.0038332799449563026
206 0.0038572566118091345
207 0.00407990301027894
208 0.004032919183373451
209 0.003900399897247553
210 0.003683630144223571
211 0.004081305582076311
212 0.0035218338016420603
213 0.003750786418095231
214 0.004086826927959919
215 0.003948641940951347
216 0.0038972976617515087
217 0.003949447069317102
218 0.0038843799848109484
219 0.0039069391787052155
220 0.00379975326359272
221 0.003984526265412569
222 0.0036459399852901697
223 0.0041808392852544785
224 0.0038313742261379957
225 0.003945629578083754
226 0.0039221360348165035
227 0.0038984008133411407
228 0.004179357085376978
229 0.004265419207513332
230 0.003749020164832473
231 0.00409913994371891
232 0.004029758274555206
233 0.003766136709600687
234 0.00382915954105556
235 0.0037593876477330923
236 0.003899260424077511
237 0.0037425532937049866
238 0.003887904342263937
239 0.0039017973467707634
240 0.00400072056800127
241 0.0039624497294425964
242 0.003920520655810833
243 0.003605302656069398
244 0.003931376617401838
245 0.0037080971524119377
246 0.0041015418246388435
247 0.004023375920951366
248 0.0041869026608765125
249 0.00396339176222682
250 0.0038670185022056103
251 0.0036882590502500534
252 0.003798524383455515
253 0.0037223035469651222
254 0.003803713945671916
255 0.0037876139394938946
