0 0.004070747643709183
1 0.0033899671398103237
2 0.003834053408354521
3 0.003979600500315428
4 0.0042111934162676334
5 0.003973972052335739
6 0.0040300460532307625
7 0.004234675318002701
8 0.004224906675517559
9 0.0035768689122051
10 0.0037947066593915224
11 0.003888998879119754
12 0.003858753014355898
13 0.003816479817032814
14 0.004010300152003765
15 0.004271620884537697
16 0.004078123718500137
17 0.003770781448110938
18 0.0039809951558709145
19 0.0036578706931322813
20 0.004219150170683861
21 0.004152580164372921
22 0.004179296083748341
23 0.003946505021303892
24 0.003928775433450937
25 0.004043241497129202
26 0.003742316970601678
27 0.003948108293116093
28 0.004019337240606546
29 0.003781195729970932
30 0.004080099519342184
31 0.003649612423032522
32 0.0035104425624012947
33 0.003551111090928316
34 0.00357336294837296
35 0.004279211163520813
36 0.0040831053629517555
37 0.003663076553493738
38 0.004144777078181505
39 0.004311980679631233
40 0.004106110893189907
41 0.0032733846455812454
42 0.0038898556958884
43 0.0040539405308663845
44 0.0038834537845104933
45 0.003849714295938611
46 0.0043744551949203014
47 0.004308999516069889
48 0.003754914039745927
49 0.003674798645079136
50 0.004370955750346184
51 0.0035435992758721113
52 0.004121378529816866
53 0.003633893560618162
54 0.0037432743702083826
55 0.004274589475244284
56 0.00426940293982625
57 0.0039058364927768707
58 0.003932374995201826
59 0.0036035680677741766
60 0.0037907341029495
61 0.0037966992240399122
62 0.0043436074629426
63 0.0037958193570375443
64 0.004144431557506323
65 0.0037163400556892157
66 0.003719694446772337
67 0.0036919473204761744
68 0.004045960959047079
69 0.003921207971870899
70 0.004311625845730305
71 0.0038138069212436676
72 0.003911689389497042
73 0.003509985748678446
74 0.003825850784778595
75 0.004303345922380686
76 0.003930176142603159
77 0.004029574804008007
78 0.0040152352303266525
79 0.0035887532867491245
80 0.0037472080439329147
81 0.004217395558953285
82 0.003710959805175662
83 0.003723538015037775
84 0.003848809516057372
85 0.003670914564281702
86 0.0037776073440909386
87 0.0037372957449406385
88 0.0034068399108946323
89 0.003909457474946976
90 0.003909862134605646
91 0.003854659153148532
92 0.0036568206269294024
93 0.004292186815291643
94 0.0037564572412520647
95 0.003963017836213112
96 0.004008881282061338
97 0.0040818448178470135
98 0.0036230499390512705
99 0.004033337812870741
100 0.003915632609277964
101 0.0038501659873872995
102 0.003993833903223276
103 0.004241413436830044
104 0.0037984182126820087
105 0.0042725554667413235
106 0.0038799967151135206
107 0.004709945525974035
108 0.004049859009683132
109 0.003792416537180543
110 0.003938654903322458
111 0.0036846562288701534
112 0.003825543913990259
113 0.004337092395871878
114 0.004032614640891552
115 0.0037317737005650997
116 0.0040087345987558365
117 0.004035521764308214
118 0.0036632318515330553
119 0.0037199873477220535
120 0.0037352952640503645
121 0.0040733469650149345
122 0.0041283671744167805
123 0.003895486705005169
124 0.004010138567537069
125 0.0038497576024383307
126 0.004341349005699158
127 0.0039003626443445683
128 0.00378616014495492
129 0.0037531545385718346
130 0.003918171860277653
131 0.003625985002145171
132 0.004039580933749676
133 0.004282378125935793
134 0.0038952452596277
135 0.003477085381746292
136 0.004334462806582451
137 0.003663984127342701
138 0.0038778497837483883
139 0.004067008383572102
140 0.0037150969728827477
141 0.0038058902136981487
142 0.004022060427814722
143 0.0037013832479715347
144 0.003733207704499364
145 0.004357216414064169
146 0.004010840784758329
147 0.004075057338923216
148 0.004096753895282745
149 0.003776768920943141
150 0.0040214150212705135
151 0.004122518934309483
152 0.003529241308569908
153 0.003740088315680623
154 0.0037930477410554886
155 0.003535555675625801
156 0.003820283804088831
157 0.0037233971524983644
158 0.004212947096675634
159 0.0036085837054997683
160 0.003933436702936888
161 0.003683918621391058
162 0.004362628795206547
163 0.0037773041985929012
164 0.0034544176887720823
165 0.004142677877098322
166 0.003886001417413354
167 0.003806602442637086
168 0.004225303418934345
169 0.004238059278577566
170 0.0037579808849841356
171 0.003785890294238925
172 0.003730448428541422
173 0.003883743193000555
174 0.004060295410454273
175 0.003980576526373625
176 0.004281345289200544
177 0.0038684606552124023
178 0.0035354262217879295
179 0.00346234068274498
180 0.0036730950232595205
181 0.004378564655780792
182 0.00408283481374383
183 0.003964381758123636
184 0.004135400056838989
185 0.004273275379091501
186 0.0037465468049049377
187 0.00397547148168087
188 0.0038664143066853285
189 0.003941657487303019
190 0.004034063778817654
191 0.003694916842505336
192 0.003847639076411724
193 0.004002395085990429
194 0.003983029630035162
195 0.004067185800522566
196 0.004252876620739698
197 0.0036488547921180725
198 0.003717985702678561
199 0.003858767682686448
200 0.0041398098692297935
201 0.0034603732638061047
202 0.004175747744739056
203 0.0038340422324836254
204 0.003812067210674286
205 0.0037210145965218544
206 0.00356090534478426
207 0.0039915526285767555
208 0.004063658881932497
209 0.003925660625100136
210 0.0037187221460044384
211 0.0042215632274746895
212 0.0035384930670261383
213 0.0036223316565155983
214 0.0041012242436409
215 0.00397956557571888
216 0.004152702633291483
217 0.004080500919371843
218 0.0038029071874916553
219 0.0037523384671658278
220 0.003557392628863454
221 0.004001066088676453
222 0.0036250799894332886
223 0.004125229083001614
224 0.003799032187089324
225 0.003976562060415745
226 0.004024798516184092
227 0.003824725979939103
228 0.004011885728687048
229 0.004053971730172634
230 0.004007960669696331
231 0.004128630738705397
232 0.003884304780513048
233 0.003579531330615282
234 0.0037962845526635647
235 0.003702064510434866
236 0.004046794958412647
237 0.003770476672798395
238 0.003835277399048209
239 0.0038615597877651453
240 0.004105207044631243
241 0.0036382495891302824
242 0.003954116255044937
243 0.0037891878746449947
244 0.0037433102261275053
245 0.003721602028235793
246 0.003918807487934828
247 0.003985704854130745
248 0.004098720848560333
249 0.0038562375120818615
250 0.0036592329852283
251 0.0035563744604587555
252 0.003987087868154049
253 0.0035953549668192863
254 0.003916500601917505
255 0.0034986811224371195
