0 0.0038318552542477846
1 0.0034816351253539324
2 0.0039507243782281876
3 0.003965405747294426
4 0.0040355403907597065
5 0.003854132955893874
6 0.00412270613014698
7 0.0036625361535698175
8 0.004003353416919708
9 0.003501176368445158
10 0.00428197905421257
11 0.0036111234221607447
12 0.003797398414462805
13 0.003844154067337513
14 0.003967504948377609
15 0.003888489445671439
16 0.004069618880748749
17 0.003952882718294859
18 0.003881355980411172
19 0.004014843609184027
20 0.004008691757917404
21 0.00418556435033679
22 0.0041153752245008945
23 0.003639186266809702
24 0.003923084121197462
25 0.004408706445246935
26 0.00419179443269968
27 0.004026755224913359
28 0.00472071161493659
29 0.0037333476357162
30 0.004236244130879641
31 0.0038745643105357885
32 0.003824355313554406
33 0.003753423225134611
34 0.0036349387373775244
35 0.003974950406700373
36 0.004101678263396025
37 0.0036944218445569277
38 0.004038081504404545
39 0.004042423330247402
40 0.003937206231057644
41 0.0034745761658996344
42 0.003749979194253683
43 0.0036439986433833838
44 0.0038937979843467474
45 0.003925472963601351
46 0.004085005261003971
47 0.0040918136946856976
48 0.0039808861911296844
49 0.0035399822518229485
50 0.004124647472053766
51 0.0034572063013911247
52 0.004019735846668482
53 0.003949239384382963
54 0.003497970988973975
55 0.004053902346640825
56 0.004080791026353836
57 0.0037115709856152534
58 0.0038480411749333143
59 0.003802806604653597
60 0.0037115709856152534
61 0.004048624075949192
62 0.004239031579345465
63 0.0037530348636209965
64 0.0037076121661812067
65 0.003780222497880459
66 0.003931103274226189
67 0.0038276626728475094
68 0.0037221822421997786
69 0.004110402427613735
70 0.004288700874894857
71 0.003999391570687294
72 0.003844615537673235
73 0.003538132179528475
74 0.003993263468146324
75 0.004267092328518629
76 0.004204151686280966
77 0.00402723578736186
78 0.003866198007017374
79 0.00373404985293746
80 0.0037552008870989084
81 0.0040094382129609585
82 0.003928125370293856
83 0.003893103916198015
84 0.00419911602512002
85 0.004037223756313324
86 0.003802935592830181
87 0.003801754442974925
88 0.003692913567647338
89 0.003421795554459095
90 0.004101425874978304
91 0.0040136040188372135
92 0.004121545702219009
93 0.004269336350262165
94 0.003827144159004092
95 0.0036472612991929054
96 0.003917401656508446
97 0.004130342975258827
98 0.003753087017685175
99 0.003835262730717659
100 0.00386330159381032
101 0.00408772611990571
102 0.0034625977277755737
103 0.0041064126417040825
104 0.003866499289870262
105 0.003966023679822683
106 0.0038563082925975323
107 0.004462032578885555
108 0.0045022242702543736
109 0.00392571184784174
110 0.0040779318660497665
111 0.00402293773368001
112 0.0037069215904921293
113 0.0042355963960289955
114 0.004099430050700903
115 0.003964033909142017
116 0.004006786737591028
117 0.003734912723302841
118 0.0036312181036919355
119 0.003866856452077627
120 0.004065217915922403
121 0.004322855733335018
122 0.004374393727630377
123 0.003963311202824116
124 0.0040214210748672485
125 0.004010828677564859
126 0.004392261616885662
127 0.003837862517684698
128 0.0037101455964148045
129 0.003748371032997966
130 0.0036385171115398407
131 0.0036284395027905703
132 0.003915461245924234
133 0.004304009024053812
134 0.003878872375935316
135 0.0036696488969027996
136 0.004314733203500509
137 0.0035619016271084547
138 0.003976228181272745
139 0.004004438873380423
140 0.003640931798145175
141 0.0035261891316622496
142 0.003832864807918668
143 0.0036435662768781185
144 0.0034967188257724047
145 0.004338744096457958
146 0.003957943990826607
147 0.003984874580055475
148 0.003926093224436045
149 0.0038316622376441956
150 0.004005421418696642
151 0.004048009868711233
152 0.003721061395481229
153 0.004009214695543051
154 0.003922029864042997
155 0.003651448292657733
156 0.0036146158818155527
157 0.003849599976092577
158 0.003641946241259575
159 0.003725037444382906
160 0.003439987078309059
161 0.0036556918639689684
162 0.0042398846708238125
163 0.0036593822296708822
164 0.004012375138700008
165 0.003987503238022327
166 0.003940832335501909
167 0.004074323456734419
168 0.0042458814568817616
169 0.003841933561488986
170 0.0037523284554481506
171 0.0037505158688873053
172 0.0038643493317067623
173 0.0036991687957197428
174 0.003903369652107358
175 0.0039665172807872295
176 0.0041339886374771595
177 0.0036138228606432676
178 0.003602833254262805
179 0.00356955174356699
180 0.0039045182056725025
181 0.004287577234208584
182 0.00383858778513968
183 0.003725555492565036
184 0.0037528048269450665
185 0.0043662660755217075
186 0.0034254302736371756
187 0.0037587438710033894
188 0.0039231847040355206
189 0.004059282131493092
190 0.003969475161284208
191 0.003955914173275232
192 0.004083988256752491
193 0.003963755443692207
194 0.004359908867627382
195 0.004238761495798826
196 0.00412327703088522
197 0.003772785421460867
198 0.0038907129783183336
199 0.0040224529802799225
200 0.0034875934943556786
201 0.003972292877733707
202 0.003850335255265236
203 0.003669732715934515
204 0.0034768034238368273
205 0.0034956098534166813
206 0.0037848898209631443
207 0.003572873305529356
208 0.004019617568701506
209 0.0039388686418533325
210 0.0037411332596093416
211 0.0041137277148664
212 0.003731172764673829
213 0.003871467662975192
214 0.004053714219480753
215 0.004058618564158678
216 0.0040472825057804585
217 0.004036922473460436
218 0.0038923961110413074
219 0.003751204116269946
220 0.00393668795004487
221 0.003958865534514189
222 0.003753527533262968
223 0.004010239616036415
224 0.0035781562328338623
225 0.0037848318461328745
226 0.004032621625810862
227 0.003943383693695068
228 0.004323597997426987
229 0.004221062641590834
230 0.0036936230026185513
231 0.004212322179228067
232 0.0038157221861183643
233 0.0036561384331434965
234 0.003781823208555579
235 0.003969551995396614
236 0.003936780150979757
237 0.0038688108325004578
238 0.0037824928294867277
239 0.003943272866308689
240 0.00418506283313036
241 0.004061102867126465
242 0.0037035311106592417
243 0.0037502001505345106
244 0.003919264301657677
245 0.003694650949910283
246 0.004350230097770691
247 0.0038793361745774746
248 0.0040219621732831
249 0.0039050192572176456
250 0.003508725669234991
251 0.003824114566668868
252 0.004004436079412699
253 0.003774645272642374
254 0.0038219401612877846
255 0.0038287676870822906
