0 0.0040041180327534676
1 0.003225497668609023
2 0.0037420664448291063
3 0.003701014444231987
4 0.004191215615719557
5 0.0036824368871748447
6 0.004475356079638004
7 0.003728162497282028
8 0.00417011883109808
9 0.0035040988586843014
10 0.004018142353743315
11 0.003932625520974398
12 0.00380283803679049
13 0.00394479651004076
14 0.003862502286210656
15 0.003911434207111597
16 0.003920047543942928
17 0.003904605284333229
18 0.0039035712834447622
19 0.003875529393553734
20 0.004386813845485449
21 0.003957726527005434
22 0.004055262077599764
23 0.0035487159620970488
24 0.003970136865973473
25 0.004179893061518669
26 0.004225434735417366
27 0.0038558505475521088
28 0.004038074053823948
29 0.003931928891688585
30 0.004087996669113636
31 0.0039543271996080875
32 0.0036596704740077257
33 0.0035577486269176006
34 0.003501836908981204
35 0.0038387493696063757
36 0.00435291975736618
37 0.003893345594406128
38 0.004091221373528242
39 0.004379927180707455
40 0.003987827338278294
41 0.0034131903667002916
42 0.0038844868540763855
43 0.0037956000305712223
44 0.0038508991710841656
45 0.004028220195323229
46 0.004405313171446323
47 0.003882552031427622
48 0.0037884071934968233
49 0.0038192211650311947
50 0.00418023020029068
51 0.0036888557951897383
52 0.004048712085932493
53 0.003775091376155615
54 0.0036661492194980383
55 0.00431084493175149
56 0.0038936282508075237
57 0.0038552130572497845
58 0.0037673010956496
59 0.0037869480438530445
60 0.003797181649133563
61 0.004184646997600794
62 0.004082759376615286
63 0.003628609934821725
64 0.003854393260553479
65 0.00392038282006979
66 0.0038863723166286945
67 0.003919693175703287
68 0.003770175389945507
69 0.004200758878141642
70 0.0041804127395153046
71 0.004064430482685566
72 0.003822446335107088
73 0.003863611025735736
74 0.0038470118306577206
75 0.004166413564234972
76 0.004288771189749241
77 0.0041107176803052425
78 0.003964792005717754
79 0.004135646391659975
80 0.003782322397455573
81 0.003852331079542637
82 0.003888899926096201
83 0.0034764548763632774
84 0.0040160296484827995
85 0.0037501086480915546
86 0.0037012670654803514
87 0.003832925809547305
88 0.0036981713492423296
89 0.0037184557877480984
90 0.004176260903477669
91 0.004027585498988628
92 0.004191521555185318
93 0.004159998614341021
94 0.0038084995467215776
95 0.0037886081263422966
96 0.0038310361560434103
97 0.004057171754539013
98 0.0038578736130148172
99 0.004062121268361807
100 0.004066677764058113
101 0.004112564958631992
102 0.003810773603618145
103 0.00431648688390851
104 0.003890503430739045
105 0.0040686777792871
106 0.0038056387566030025
107 0.0045248158276081085
108 0.004221771378070116
109 0.003960242960602045
110 0.004140934906899929
111 0.0037327376194298267
112 0.0035158779937773943
113 0.004070728085935116
114 0.003995145671069622
115 0.004107676912099123
116 0.004037102218717337
117 0.004035838879644871
118 0.0035271516535431147
119 0.003804119536653161
120 0.004068364389240742
121 0.004259306937456131
122 0.00470315245911479
123 0.0037561545614153147
124 0.004009455442428589
125 0.003999275621026754
126 0.004182361997663975
127 0.0037809477653354406
128 0.0036784668918699026
129 0.0035913661122322083
130 0.003525231499224901
131 0.003681786358356476
132 0.00392551627010107
133 0.00403210474178195
134 0.003658880013972521
135 0.0033860423136502504
136 0.004040134605020285
137 0.003953193314373493
138 0.00383579614572227
139 0.0041021378710865974
140 0.0036616544239223003
141 0.0035942287649959326
142 0.0037111227866262197
143 0.0036334723699837923
144 0.0033881114795804024
145 0.00414201570674777
146 0.003939657937735319
147 0.0037875438574701548
148 0.003938993439078331
149 0.003922141157090664
150 0.003857967210933566
151 0.004290418699383736
152 0.0035817506723105907
153 0.003727627219632268
154 0.0040189353749156
155 0.003566543571650982
156 0.0037847356870770454
157 0.003540468169376254
158 0.0037783386651426554
159 0.00372778857126832
160 0.003554977010935545
161 0.0038444073870778084
162 0.004199175164103508
163 0.00370170664973557
164 0.0039266785606741905
165 0.004001311957836151
166 0.004083750303834677
167 0.004086085129529238
168 0.003857455914840102
169 0.004107770975679159
170 0.0035467303823679686
171 0.003749497700482607
172 0.0038499287329614162
173 0.0036705664824694395
174 0.004156198818236589
175 0.0041013057343661785
176 0.004151155240833759
177 0.003652281826362014
178 0.0034768288023769855
179 0.003755270503461361
180 0.003858306910842657
181 0.004466736223548651
182 0.0036921072751283646
183 0.0037001813761889935
184 0.003908879589289427
185 0.004178952891379595
186 0.003609594190493226
187 0.003976738080382347
188 0.004126358777284622
189 0.0037555769085884094
190 0.003804088570177555
191 0.0038382590282708406
192 0.003923926968127489
193 0.0038797033485025167
194 0.004147766157984734
195 0.004178304225206375
196 0.00417737802490592
197 0.003721943125128746
198 0.004041966982185841
199 0.0037668589502573013
200 0.003880605101585388
201 0.003760111518204212
202 0.00397523632273078
203 0.003729234216734767
204 0.003776357276365161
205 0.0038273390382528305
206 0.003653374034911394
207 0.003851383924484253
208 0.004086041357368231
209 0.004083774983882904
210 0.0034948468673974276
211 0.004021497908979654
212 0.0036841894034296274
213 0.0038003225345164537
214 0.004102020058780909
215 0.004011400975286961
216 0.003972212318331003
217 0.0041413442231714725
218 0.003901846008375287
219 0.0037770778872072697
220 0.003802364459261298
221 0.0041647907346487045
222 0.0037625874392688274
223 0.00403992272913456
224 0.0037807077169418335
225 0.0041075111366808414
226 0.004056363366544247
227 0.003950261045247316
228 0.00407686410471797
229 0.004250464960932732
230 0.003772151656448841
231 0.004259190522134304
232 0.003835427574813366
233 0.004039457533508539
234 0.00394408730790019
235 0.0038981339894235134
236 0.0037919115275144577
237 0.003632461419329047
238 0.0037529785186052322
239 0.004266731441020966
240 0.004108563996851444
241 0.0041178441606462
242 0.003950245678424835
243 0.003782696323469281
244 0.0039107464253902435
245 0.003649112768471241
246 0.0041986750438809395
247 0.004189385566860437
248 0.003569782478734851
249 0.0039025673177093267
250 0.0036364702973514795
251 0.0036650027614086866
252 0.0036837689112871885
253 0.003595462068915367
254 0.0038787417579442263
255 0.0035476554185152054
