0 0.0041540395468473434
1 0.0035400374326854944
2 0.0037311811465770006
3 0.004078799858689308
4 0.004139844328165054
5 0.003879784606397152
6 0.004034026060253382
7 0.004291435703635216
8 0.004388044588267803
9 0.003610448446124792
10 0.004113795235753059
11 0.003829233581200242
12 0.0037450960371643305
13 0.0038045167457312346
14 0.0038668224588036537
15 0.003971905447542667
16 0.004081851802766323
17 0.003843487473204732
18 0.003826611442491412
19 0.0040939562022686005
20 0.004056166857481003
21 0.004259617067873478
22 0.00400487519800663
23 0.0037744888104498386
24 0.004010095726698637
25 0.004036420490592718
26 0.003946837969124317
27 0.003812001319602132
28 0.004024628084152937
29 0.0038937232457101345
30 0.003984940238296986
31 0.0039093028753995895
32 0.0035739876329898834
33 0.0034106066450476646
34 0.0036150466185063124
35 0.0039511146023869514
36 0.004066472873091698
37 0.0035768095403909683
38 0.004130781162530184
39 0.00414251210168004
40 0.004204767756164074
41 0.003359366673976183
42 0.00378727656789124
43 0.003929228521883488
44 0.003915098961442709
45 0.003908874467015266
46 0.004255065694451332
47 0.004479092545807362
48 0.003960774280130863
49 0.0037049634847790003
50 0.004255186766386032
51 0.0034478381276130676
52 0.004074621479958296
53 0.00402463972568512
54 0.0038027188275009394
55 0.003914483357220888
56 0.004111225251108408
57 0.0037058989983052015
58 0.0037505817599594593
59 0.003765315981581807
60 0.003642917377874255
61 0.0037994515150785446
62 0.004302974324673414
63 0.00391043396666646
64 0.004002105910331011
65 0.0037351706996560097
66 0.003715011291205883
67 0.003948660101741552
68 0.003925621975213289
69 0.00421614246442914
70 0.004273801110684872
71 0.0036230336409062147
72 0.003910696133971214
73 0.0036084505263715982
74 0.0039056476671248674
75 0.004270909819751978
76 0.0039869812317192554
77 0.0037984433583915234
78 0.003947887569665909
79 0.0035273844841867685
80 0.003800560487434268
81 0.003992676269263029
82 0.003964465577155352
83 0.003747859038412571
84 0.0040138596668839455
85 0.003691305872052908
86 0.0037381367292255163
87 0.003714375663548708
88 0.003577940398827195
89 0.0037156748585402966
90 0.004219595342874527
91 0.003776207100600004
92 0.003792757634073496
93 0.004140014760196209
94 0.003835380543023348
95 0.0037735123187303543
96 0.004006069153547287
97 0.00414612190797925
98 0.003777862759307027
99 0.004068285692483187
100 0.003839140757918358
101 0.00405160104855895
102 0.0037162096705287695
103 0.004095516167581081
104 0.0036952183581888676
105 0.004224687349051237
106 0.0037716091610491276
107 0.004652824252843857
108 0.004058262798935175
109 0.003909846767783165
110 0.004068464506417513
111 0.003889545099809766
112 0.003740857820957899
113 0.004554029554128647
114 0.004063129890710115
115 0.0036083960440009832
116 0.003826485015451908
117 0.0038185720331966877
118 0.003630272578448057
119 0.004003128968179226
120 0.003929234109818935
121 0.00403960794210434
122 0.004219787195324898
123 0.0036704582162201405
124 0.004197706934064627
125 0.00386571092531085
126 0.004110069014132023
127 0.0037746611051261425
128 0.003475777804851532
129 0.0036955915857106447
130 0.003810976166278124
131 0.003920689690858126
132 0.003774800570681691
133 0.004512457177042961
134 0.003766494570299983
135 0.003682677634060383
136 0.004286751616746187
137 0.0037365530151873827
138 0.004065740387886763
139 0.004086763598024845
140 0.0038964536506682634
141 0.00352051155641675
142 0.00386234512552619
143 0.0036851821932941675
144 0.0036284171510487795
145 0.004229347221553326
146 0.004025536123663187
147 0.003962832968682051
148 0.00388915347866714
149 0.0038101994432508945
150 0.00407142611220479
151 0.004169206600636244
152 0.003592848312109709
153 0.003825266845524311
154 0.003836365882307291
155 0.0036693988367915154
156 0.003878129879012704
157 0.0036125043407082558
158 0.004146546591073275
159 0.00361192156560719
160 0.003736887127161026
161 0.0037400235887616873
162 0.00431376788765192
163 0.003625456942245364
164 0.0037309101317077875
165 0.0038345283828675747
166 0.0039507197216153145
167 0.003749063005670905
168 0.004196596331894398
169 0.004153531044721603
170 0.0037129551637917757
171 0.003888186300173402
172 0.0036947226617485285
173 0.003833968425169587
174 0.00432384479790926
175 0.0039587137289345264
176 0.004315056372433901
177 0.003930367063730955
178 0.0036880176048725843
179 0.0037377767730504274
180 0.0036021610721945763
181 0.00423426041379571
182 0.004262085538357496
183 0.003906352445483208
184 0.004045502748340368
185 0.004114422015845776
186 0.003578529227524996
187 0.0036563666071742773
188 0.003986683674156666
189 0.003791922004893422
190 0.0040933177806437016
191 0.0037193417083472013
192 0.003762719454243779
193 0.0041090440936386585
194 0.004209392238408327
195 0.004056457430124283
196 0.0044151050969958305
197 0.0038546680007129908
198 0.003874492831528187
199 0.00383771862834692
200 0.003956870641559362
201 0.0039483774453401566
202 0.003981412388384342
203 0.003863306948915124
204 0.003841992001980543
205 0.00368436798453331
206 0.00375173706561327
207 0.004021994303911924
208 0.003970405086874962
209 0.004016609396785498
210 0.003693528240546584
211 0.004274904262274504
212 0.003533912356942892
213 0.003740234300494194
214 0.003850650042295456
215 0.004166262689977884
216 0.003962022252380848
217 0.004075936507433653
218 0.0036752221640199423
219 0.003955417778342962
220 0.003634911961853504
221 0.0040306816808879375
222 0.003729811869561672
223 0.004216735251247883
224 0.0036404679995030165
225 0.0038045519031584263
226 0.003959986846894026
227 0.003879450960084796
228 0.004087534733116627
229 0.0042246608063578606
230 0.0037256749346852303
231 0.00407095393165946
232 0.0037850479129701853
233 0.003578245174139738
234 0.003692089347168803
235 0.003731476841494441
236 0.0039608958177268505
237 0.003758001374080777
238 0.0037120585329830647
239 0.004185931291431189
240 0.003940344322472811
241 0.0037972319405525923
242 0.003984102047979832
243 0.003782697021961212
244 0.00392542127519846
245 0.003910118713974953
246 0.004009083844721317
247 0.0041649239137768745
248 0.0040074004791677
249 0.0037636931519955397
250 0.003519033081829548
251 0.00351403234526515
252 0.0039549232460558414
253 0.0038302699103951454
254 0.00382939912378788
255 0.003596649970859289
