0 0.0039016646333038807
1 0.003466021968051791
2 0.0037723183631896973
3 0.003771701594814658
4 0.003975404426455498
5 0.004019496962428093
6 0.0038395351730287075
7 0.004054003860801458
8 0.00408041849732399
9 0.0034816197585314512
10 0.004110695794224739
11 0.003926311619579792
12 0.0037450329400599003
13 0.004228566307574511
14 0.0038659756537526846
15 0.004098800476640463
16 0.003979322034865618
17 0.003865016857162118
18 0.0037670531310141087
19 0.003896713722497225
20 0.0040932586416602135
21 0.004053778480738401
22 0.003960884176194668
23 0.003800264559686184
24 0.0039024841971695423
25 0.004254752770066261
26 0.004017598927021027
27 0.0040117851458489895
28 0.003953943494707346
29 0.004053439013659954
30 0.004152639769017696
31 0.0038514703046530485
32 0.003580772550776601
33 0.0036027373280376196
34 0.003445581067353487
35 0.004134647082537413
36 0.004013108089566231
37 0.003784797852858901
38 0.0041037313640117645
39 0.004359482787549496
40 0.004132301080971956
41 0.003514834214001894
42 0.003781326115131378
43 0.003756046062335372
44 0.00385049800388515
45 0.0038751992397010326
46 0.0041902572847902775
47 0.004169154912233353
48 0.004045254085212946
49 0.003961512818932533
50 0.003944956697523594
51 0.0035634201485663652
52 0.003982609137892723
53 0.0037891429383307695
54 0.004090311471372843
55 0.004186931531876326
56 0.004359710495918989
57 0.0038476765621453524
58 0.003605765523388982
59 0.0037142836954444647
60 0.003893377026543021
61 0.004012831952422857
62 0.0042144232429564
63 0.0037772890646010637
64 0.003983756992965937
65 0.003987249452620745
66 0.003953219391405582
67 0.003803595434874296
68 0.004136564675718546
69 0.003973114304244518
70 0.004173422232270241
71 0.00383176002651453
72 0.003990710712969303
73 0.0037605620454996824
74 0.0037819617427885532
75 0.004245344083756208
76 0.004157422576099634
77 0.0037960861809551716
78 0.003825657069683075
79 0.003822115482762456
80 0.0036016572266817093
81 0.0038822139613330364
82 0.003856177208945155
83 0.0036597284488379955
84 0.003947781398892403
85 0.0036816091742366552
86 0.003932744264602661
87 0.0038803182542324066
88 0.0035187387838959694
89 0.0037758764810860157
90 0.0039020024705678225
91 0.003850407898426056
92 0.003939968999475241
93 0.004017321392893791
94 0.003566456027328968
95 0.003868728643283248
96 0.003961654845625162
97 0.004151372238993645
98 0.003673091996461153
99 0.004049129318445921
100 0.003959917463362217
101 0.004378228448331356
102 0.0035967992153018713
103 0.00417937058955431
104 0.0038065477274358273
105 0.004163890611380339
106 0.0037620316725224257
107 0.004404429346323013
108 0.00429291557520628
109 0.003785680280998349
110 0.004157315474003553
111 0.003950037527829409
112 0.003818206489086151
113 0.004310936201363802
114 0.0038450772408396006
115 0.0038919146172702312
116 0.0037574488669633865
117 0.004032445605844259
118 0.0036402593832463026
119 0.0037595820613205433
120 0.004245857708156109
121 0.004162435885518789
122 0.004382286220788956
123 0.0039251274429261684
124 0.004057873971760273
125 0.00405315775424242
126 0.003961076494306326
127 0.003993181046098471
128 0.0035622871946543455
129 0.003702386748045683
130 0.003708364674821496
131 0.003594041569158435
132 0.00398919265717268
133 0.004209529608488083
134 0.003802038263529539
135 0.0037375192623585463
136 0.004328761249780655
137 0.0037484229542315006
138 0.0040885224007070065
139 0.003779267193749547
140 0.003886937163770199
141 0.003753093769773841
142 0.0037709190510213375
143 0.003599158488214016
144 0.0035866298712790012
145 0.004183788783848286
146 0.0037483691703528166
147 0.003723523812368512
148 0.003958707209676504
149 0.0038050306029617786
150 0.0040891533717513084
151 0.004140118602663279
152 0.0036794026382267475
153 0.0037790248170495033
154 0.003906590864062309
155 0.0035602624993771315
156 0.003806969616562128
157 0.0036772997118532658
158 0.003990763798356056
159 0.0039229802787303925
160 0.003764319233596325
161 0.003704019356518984
162 0.004217909649014473
163 0.0036754494067281485
164 0.0038003092631697655
165 0.00403238320723176
166 0.004048916045576334
167 0.003808137960731983
168 0.004116781987249851
169 0.004003417212516069
170 0.0038034887984395027
171 0.00375018990598619
172 0.003676094114780426
173 0.003603798570111394
174 0.003991860896348953
175 0.003892645938321948
176 0.0041516004130244255
177 0.0037818641867488623
178 0.00326509028673172
179 0.0038401272613555193
180 0.0039339871145784855
181 0.004170574247837067
182 0.00388043699786067
183 0.003822517115622759
184 0.004072591662406921
185 0.0039656199514865875
186 0.0037165347021073103
187 0.0037101651541888714
188 0.0038652694784104824
189 0.0039700912311673164
190 0.0038791915867477655
191 0.003752674674615264
192 0.0038826020900160074
193 0.004053175915032625
194 0.004024313762784004
195 0.004235032945871353
196 0.004078424070030451
197 0.003896046197041869
198 0.003912727348506451
199 0.003922165371477604
200 0.003722391789779067
201 0.0036665936931967735
202 0.00413148570805788
203 0.0037589147686958313
204 0.0039889998733997345
205 0.003702328307554126
206 0.0037243100814521313
207 0.004057916346937418
208 0.004048672039061785
209 0.004079160280525684
210 0.003871559165418148
211 0.003905667457729578
212 0.0036331121809780598
213 0.003963461611419916
214 0.004164313431829214
215 0.004002235364168882
216 0.0040217130444943905
217 0.00425821403041482
218 0.0038607725873589516
219 0.004138290416449308
220 0.003901652293279767
221 0.003991381730884314
222 0.0037534257862716913
223 0.004308587405830622
224 0.003760026302188635
225 0.0037977383472025394
226 0.003918320406228304
227 0.003781655803322792
228 0.003930366598069668
229 0.004027668386697769
230 0.0039162058383226395
231 0.004163339734077454
232 0.0038379086181521416
233 0.0037877196446061134
234 0.0035601016134023666
235 0.003898476716130972
236 0.003997036721557379
237 0.00386292883194983
238 0.0037932172417640686
239 0.004003537818789482
240 0.004140745848417282
241 0.004023262765258551
242 0.0036436286754906178
243 0.0036879656836390495
244 0.0038986485451459885
245 0.003844629041850567
246 0.004248276352882385
247 0.003887292230501771
248 0.003914700821042061
249 0.003775394521653652
250 0.0037612863816320896
251 0.0037404883187264204
252 0.003687972668558359
253 0.0034596347250044346
254 0.003789955284446478
255 0.003863543039187789
