0 0.003937725909054279
1 0.0032416158355772495
2 0.003874510992318392
3 0.003942121751606464
4 0.004225059412419796
5 0.0036338360514491796
6 0.004225375596433878
7 0.003962245304137468
8 0.004240490961819887
9 0.003691373858600855
10 0.00409677904099226
11 0.003776981495320797
12 0.003714710008352995
13 0.003891370026394725
14 0.0038948117289692163
15 0.003905201330780983
16 0.004051444586366415
17 0.003954685293138027
18 0.003807530039921403
19 0.0036724430974572897
20 0.0042765201069414616
21 0.00401137163862586
22 0.0040014320984482765
23 0.003915194887667894
24 0.00399607652798295
25 0.0039892313070595264
26 0.0037956368178129196
27 0.003816654672846198
28 0.004107199609279633
29 0.0037093220744282007
30 0.004312222823500633
31 0.0038346913643181324
32 0.0034911774564534426
33 0.003680538386106491
34 0.003706687828525901
35 0.003849511267617345
36 0.003945660311728716
37 0.0035948418080806732
38 0.003996732644736767
39 0.004052044823765755
40 0.004010878503322601
41 0.003220968646928668
42 0.00374276633374393
43 0.003912275191396475
44 0.00406131474301219
45 0.003953586798161268
46 0.004195814952254295
47 0.00404729600995779
48 0.004020591266453266
49 0.0037427309434860945
50 0.004366903565824032
51 0.003479937557131052
52 0.003865125821903348
53 0.0037652472965419292
54 0.0037831938825547695
55 0.004077701363712549
56 0.004103679675608873
57 0.003920803312212229
58 0.003751670243218541
59 0.0037451551761478186
60 0.0037367562763392925
61 0.0039596776477992535
62 0.004441795405000448
63 0.0034317923709750175
64 0.0037892903201282024
65 0.003655683249235153
66 0.003938567824661732
67 0.003976104315370321
68 0.003768045688048005
69 0.004011304117739201
70 0.004194980952888727
71 0.00409706961363554
72 0.0037921618204563856
73 0.0037483887281268835
74 0.0037117546889930964
75 0.004357278812676668
76 0.0037603164091706276
77 0.00385256833396852
78 0.004095514304935932
79 0.0036565386690199375
80 0.003759995335713029
81 0.004182026721537113
82 0.0040419744327664375
83 0.003466302063316107
84 0.0038952871691435575
85 0.004031026270240545
86 0.003625631332397461
87 0.003928374499082565
88 0.003356334986165166
89 0.0037226954009383917
90 0.003950619138777256
91 0.0037837568670511246
92 0.004100600257515907
93 0.004333884920924902
94 0.0039291540160775185
95 0.003752549411728978
96 0.003852760186418891
97 0.004096608608961105
98 0.0038256426341831684
99 0.003998285625129938
100 0.003923025447875261
101 0.00410830182954669
102 0.00395237747579813
103 0.00405757874250412
104 0.00358951254747808
105 0.0040997471660375595
106 0.004139550030231476
107 0.004595935344696045
108 0.004377046134322882
109 0.004097204655408859
110 0.003918408416211605
111 0.0036646269727498293
112 0.0034929094836115837
113 0.004490105900913477
114 0.0044394247233867645
115 0.003738038707524538
116 0.003966915886849165
117 0.0038319602608680725
118 0.003325841622427106
119 0.004017231985926628
120 0.00365044386126101
121 0.003900068113580346
122 0.004703003913164139
123 0.0037582204677164555
124 0.004130455665290356
125 0.00377369555644691
126 0.004397825803607702
127 0.003774412674829364
128 0.0035421662032604218
129 0.003640355309471488
130 0.003581436350941658
131 0.003737840335816145
132 0.003775639459490776
133 0.0041138967499136925
134 0.003824062179774046
135 0.0034413838293403387
136 0.004368079826235771
137 0.0038655269891023636
138 0.003951153717935085
139 0.004058243241161108
140 0.0037259270902723074
141 0.0035697061102837324
142 0.003829701105132699
143 0.003926753997802734
144 0.0034241247922182083
145 0.004322371911257505
146 0.003770950948819518
147 0.004031069111078978
148 0.004027113318443298
149 0.003924795426428318
150 0.003935481421649456
151 0.0043371133506298065
152 0.0035681137815117836
153 0.003879278665408492
154 0.00395068759098649
155 0.003325221361592412
156 0.0038435382302850485
157 0.0036174010019749403
158 0.003878467483446002
159 0.003666220000013709
160 0.003424260066822171
161 0.0036208746023476124
162 0.004305420909076929
163 0.003553780959919095
164 0.003669586032629013
165 0.0036431478802114725
166 0.003962391521781683
167 0.0041063521057367325
168 0.004267950542271137
169 0.0039396146312355995
170 0.003620161907747388
171 0.004091453738510609
172 0.0039293523877859116
173 0.003695649327710271
174 0.00404862966388464
175 0.0038858670741319656
176 0.004333974327892065
177 0.003918056841939688
178 0.003651480656117201
179 0.0035443988163024187
180 0.003726570401340723
181 0.0042278659529984
182 0.004232649225741625
183 0.003932173829525709
184 0.003887358820065856
185 0.004544042516499758
186 0.003622508142143488
187 0.0038822845090180635
188 0.004019660409539938
189 0.004072245676070452
190 0.003995122853666544
191 0.003787902183830738
192 0.004241617862135172
193 0.004322458058595657
194 0.004258195869624615
195 0.004223223775625229
196 0.004262867383658886
197 0.0037096934393048286
198 0.004160793032497168
199 0.003844503778964281
200 0.003678622655570507
201 0.0037939867470413446
202 0.003863637102767825
203 0.00406877975910902
204 0.0037377860862761736
205 0.003724117996171117
206 0.003488241694867611
207 0.0040811216458678246
208 0.0038801725022494793
209 0.004154600668698549
210 0.0035825478844344616
211 0.004071312490850687
212 0.0034668731968849897
213 0.0037791747599840164
214 0.00402180477976799
215 0.004131518304347992
216 0.0040564569644629955
217 0.004250761121511459
218 0.0037866595666855574
219 0.003840922610834241
220 0.0039232512935996056
221 0.003971988335251808
222 0.003594924695789814
223 0.00406612129881978
224 0.003729019546881318
225 0.004093815106898546
226 0.003975445404648781
227 0.003897604998201132
228 0.004442296456545591
229 0.0042574466206133366
230 0.0038105137646198273
231 0.0043617975898087025
232 0.003995313309133053
233 0.0037408715579658747
234 0.003878294723108411
235 0.003670292906463146
236 0.0039627933874726295
237 0.003622200107201934
238 0.0036398787051439285
239 0.004210230428725481
240 0.003954717889428139
241 0.003978237975388765
242 0.004078213591128588
243 0.00377216306515038
244 0.003873883979395032
245 0.003900382434949279
246 0.0040672593750059605
247 0.004128442611545324
248 0.004174947738647461
249 0.003732464974746108
250 0.0035341030452400446
251 0.003417378757148981
252 0.0041109793819487095
253 0.0037174022290855646
254 0.0038877795450389385
255 0.003634821390733123
