0 0.003946256823837757
1 0.003417458850890398
2 0.003780662314966321
3 0.0038227790500968695
4 0.004289579577744007
5 0.003979136236011982
6 0.0042131501249969006
7 0.004079820122569799
8 0.004032950848340988
9 0.003557563293725252
10 0.003994377329945564
11 0.003901798976585269
12 0.0036142615135759115
13 0.0038942687679082155
14 0.0037505654618144035
15 0.003961562644690275
16 0.004059155471622944
17 0.003839962650090456
18 0.0037886598147451878
19 0.003874870017170906
20 0.004072797484695911
21 0.004228309728205204
22 0.0039458791725337505
23 0.003812404815107584
24 0.003916541114449501
25 0.004086697474122047
26 0.003972217440605164
27 0.0039983331225812435
28 0.0038574247155338526
29 0.0038979328237473965
30 0.004303257912397385
31 0.003949461039155722
32 0.0035340311005711555
33 0.003616226138547063
34 0.003471124917268753
35 0.004122079350054264
36 0.004171696025878191
37 0.003641422837972641
38 0.003914816305041313
39 0.004247913137078285
40 0.0038387018721550703
41 0.0033504695165902376
42 0.0038092886097729206
43 0.003960368689149618
44 0.0038869597483426332
45 0.0038498800713568926
46 0.004234818741679192
47 0.004174001980572939
48 0.004114476963877678
49 0.003783485619351268
50 0.004203860182315111
51 0.003566019469872117
52 0.004019899759441614
53 0.003664507996290922
54 0.00410352973267436
55 0.004229527898132801
56 0.004211292136460543
57 0.0035802803467959166
58 0.003947124350816011
59 0.0037975504528731108
60 0.003969662822782993
61 0.004066995345056057
62 0.004285150207579136
63 0.0035466968547552824
64 0.004124146420508623
65 0.0038514796178787947
66 0.0037980987690389156
67 0.003761925967410207
68 0.0037562286015599966
69 0.0036734738387167454
70 0.004295803140848875
71 0.003994635306298733
72 0.003957798704504967
73 0.0037105220835655928
74 0.0035787008237093687
75 0.004320378415286541
76 0.004048601258546114
77 0.004057158716022968
78 0.00420345040038228
79 0.0036780305672436953
80 0.003637144109234214
81 0.00402997899800539
82 0.003962170798331499
83 0.0036395962815731764
84 0.003980990499258041
85 0.0036767839919775724
86 0.0037082855124026537
87 0.003725727554410696
88 0.0032970611937344074
89 0.003735499456524849
90 0.0040972549468278885
91 0.004050612915307283
92 0.003955853637307882
93 0.004229463171213865
94 0.0035870466381311417
95 0.0037284616846591234
96 0.0038143571000546217
97 0.004186090547591448
98 0.003969333600252867
99 0.004249678924679756
100 0.0038249061908572912
101 0.003852193709462881
102 0.004204270429909229
103 0.0042474097572267056
104 0.0036944723688066006
105 0.004372156225144863
106 0.004011300392448902
107 0.004282227251678705
108 0.004282140638679266
109 0.003870379412546754
110 0.003820227924734354
111 0.0037760287523269653
112 0.0038202644791454077
113 0.004343160428106785
114 0.003889775136485696
115 0.0038129559252411127
116 0.0037629716098308563
117 0.003996909596025944
118 0.0035613251384347677
119 0.003993598744273186
120 0.0037769535556435585
121 0.004216179717332125
122 0.004445933736860752
123 0.0038177871610969305
124 0.004091802518814802
125 0.0038699747528880835
126 0.0042077903635799885
127 0.003952168393880129
128 0.003763138782233
129 0.0037193093448877335
130 0.003632986219599843
131 0.0038586955051869154
132 0.003896714886650443
133 0.0042394110932946205
134 0.003865814069285989
135 0.003334932727739215
136 0.0043429844081401825
137 0.003962652757763863
138 0.003941681701689959
139 0.003876775735989213
140 0.0035434013698250055
141 0.003623034805059433
142 0.003985761199146509
143 0.003975687548518181
144 0.003573672380298376
145 0.004410723224282265
146 0.0038467543199658394
147 0.003752040211111307
148 0.003914369735866785
149 0.0038163159042596817
150 0.003927377052605152
151 0.004085213877260685
152 0.0037117348983883858
153 0.0037815384566783905
154 0.0038039900828152895
155 0.003463207744061947
156 0.003831522772088647
157 0.003751585492864251
158 0.003886179532855749
159 0.003952404949814081
160 0.0036502841394394636
161 0.0035781636834144592
162 0.00438658194616437
163 0.003638192545622587
164 0.0036785618867725134
165 0.0039112502709031105
166 0.0041481927037239075
167 0.004037448670715094
168 0.004035822115838528
169 0.003984613809734583
170 0.003871376859024167
171 0.003932414576411247
172 0.003778489539399743
173 0.0036563354078680277
174 0.00405541667714715
175 0.003931741695851088
176 0.00446379603818059
177 0.0039868722669780254
178 0.0037111982237547636
179 0.003619087627157569
180 0.0038680946454405785
181 0.0041504912078380585
182 0.003956076223403215
183 0.003741733729839325
184 0.00401434488594532
185 0.004257507156580687
186 0.00368922739289701
187 0.004177176859229803
188 0.0037745509762316942
189 0.0038441065698862076
190 0.0038290952797979116
191 0.0038598135579377413
192 0.003960737958550453
193 0.004161944147199392
194 0.004003638401627541
195 0.004263274371623993
196 0.004126892425119877
197 0.0037294363137334585
198 0.0039176661521196365
199 0.0036657536402344704
200 0.003889077575877309
201 0.003715123049914837
202 0.004134436137974262
203 0.0037244500126689672
204 0.003926193341612816
205 0.003682171693071723
206 0.003684231312945485
207 0.004135542083531618
208 0.003812560113146901
209 0.004214686807245016
210 0.0035710972733795643
211 0.0040587494149804115
212 0.003555175382643938
213 0.003850857261568308
214 0.004257388412952423
215 0.0038003064692020416
216 0.004023837391287088
217 0.004144005011767149
218 0.0039198328740894794
219 0.0038492484018206596
220 0.0038629723712801933
221 0.004201189614832401
222 0.0035683452151715755
223 0.004285901784896851
224 0.004023777320981026
225 0.0038280226290225983
226 0.00410808902233839
227 0.003751884214580059
228 0.004004090093076229
229 0.0042717345058918
230 0.003916286863386631
231 0.004175523761659861
232 0.0038344459608197212
233 0.003647145349532366
234 0.0036021783016622066
235 0.0037195496261119843
236 0.004045050125569105
237 0.0037041064351797104
238 0.0038210107013583183
239 0.004252420272678137
240 0.004016128834336996
241 0.003871999680995941
242 0.003854293143376708
243 0.003715834580361843
244 0.0037949609104543924
245 0.0035987021401524544
246 0.00407801941037178
247 0.003926465287804604
248 0.003947454039007425
249 0.003784470958635211
250 0.0036384507548063993
251 0.0035313053522258997
252 0.0037627045530825853
253 0.0035330529790371656
254 0.003985621966421604
255 0.0036457066889852285
