0 0.0038688231725245714
1 0.003302215598523617
2 0.003887574654072523
3 0.0038480875082314014
4 0.0039779748767614365
5 0.0038523615803569555
6 0.00411092909052968
7 0.0040313852950930595
8 0.004201929084956646
9 0.0037121789064258337
10 0.003896020818501711
11 0.0038118178490549326
12 0.003740763757377863
13 0.003939304035156965
14 0.0037091404665261507
15 0.003908346872776747
16 0.0040440671145915985
17 0.003926258068531752
18 0.003932142164558172
19 0.003700061934068799
20 0.004139340482652187
21 0.004281958565115929
22 0.0040169511921703815
23 0.0036520110443234444
24 0.003963122144341469
25 0.003999845590442419
26 0.003834084840491414
27 0.003886199789121747
28 0.004080823622643948
29 0.0038650103379040956
30 0.004128286149352789
31 0.00379035877995193
32 0.0037094310391694307
33 0.0038794970605522394
34 0.0035253718961030245
35 0.004140977282077074
36 0.004050247371196747
37 0.003923639189451933
38 0.0040128096006810665
39 0.004176711197942495
40 0.0040616183541715145
41 0.0034448187798261642
42 0.0038873564917594194
43 0.0036499069537967443
44 0.0038799524772912264
45 0.003937105182558298
46 0.004253023769706488
47 0.00416957912966609
48 0.0038263178430497646
49 0.0037805517204105854
50 0.004294736310839653
51 0.0036940008867532015
52 0.0040184748359024525
53 0.0036754203028976917
54 0.0038499366492033005
55 0.003998571541160345
56 0.004084110725671053
57 0.003883299184963107
58 0.00370800937525928
59 0.003780441591516137
60 0.003912823274731636
61 0.003938431851565838
62 0.004200868774205446
63 0.0038088937290012836
64 0.00420967023819685
65 0.003748820163309574
66 0.003827153705060482
67 0.0037112245336174965
68 0.004005093593150377
69 0.004196103662252426
70 0.0040532248094677925
71 0.003958684392273426
72 0.003739404259249568
73 0.003624505130574107
74 0.0041477493941783905
75 0.003834320465102792
76 0.003974517807364464
77 0.00394645519554615
78 0.003988123498857021
79 0.0035372492857277393
80 0.003687310265377164
81 0.0038937130011618137
82 0.0038597271777689457
83 0.0037321988493204117
84 0.004020913504064083
85 0.003682332346215844
86 0.00393947446718812
87 0.0038446192629635334
88 0.003551738802343607
89 0.0037999367341399193
90 0.004138693679124117
91 0.003931770566850901
92 0.003779052523896098
93 0.0043147592805325985
94 0.0036819973029196262
95 0.003987904638051987
96 0.0038839709013700485
97 0.0040640635415911674
98 0.003650074591860175
99 0.004181218799203634
100 0.003822124097496271
101 0.003921324387192726
102 0.0035678448621183634
103 0.004341460764408112
104 0.0037314959336072206
105 0.004108710680156946
106 0.003954761195927858
107 0.004493054002523422
108 0.004102046601474285
109 0.0039664143696427345
110 0.004216254688799381
111 0.003853143658488989
112 0.0039042732678353786
113 0.004119612276554108
114 0.004034845158457756
115 0.003911423031240702
116 0.0038832554128021
117 0.004061706829816103
118 0.0038501345552504063
119 0.0038105167914181948
120 0.0037267261650413275
121 0.004363622982054949
122 0.004376255441457033
123 0.0038113738410174847
124 0.004163563717156649
125 0.0038802598137408495
126 0.004210066981613636
127 0.0037381153088063
128 0.003813292132690549
129 0.0037040929310023785
130 0.0036184722557663918
131 0.0035984471905976534
132 0.003865913487970829
133 0.00419020839035511
134 0.003911776468157768
135 0.0036839041858911514
136 0.0041926028206944466
137 0.0038622585125267506
138 0.004031748045235872
139 0.0037751144263893366
140 0.003557282965630293
141 0.003824731567874551
142 0.004073040094226599
143 0.0037086321972310543
144 0.0035861460492014885
145 0.004021459259092808
146 0.0036594769917428493
147 0.0039986008778214455
148 0.004066043999046087
149 0.003995133098214865
150 0.0040075951255857944
151 0.004196368623524904
152 0.0036278937477618456
153 0.003906040685251355
154 0.003887766972184181
155 0.0037923504132777452
156 0.0037568591069430113
157 0.0036283505614846945
158 0.004094555974006653
159 0.003823562292382121
160 0.0037766355089843273
161 0.003808387089520693
162 0.004173122812062502
163 0.0037225058767944574
164 0.0037339262198656797
165 0.0038142232224345207
166 0.0038191359490156174
167 0.003959189169108868
168 0.0038970613386482
169 0.004092744085937738
170 0.0038143780548125505
171 0.003764656139537692
172 0.0036908236797899008
173 0.003808064153417945
174 0.004242208320647478
175 0.004043778404593468
176 0.004140358418226242
177 0.0037754937075078487
178 0.003653369378298521
179 0.0037352959625422955
180 0.003770743031054735
181 0.004369377624243498
182 0.003919054288417101
183 0.003845591563731432
184 0.003999264910817146
185 0.004261665046215057
186 0.0036119010765105486
187 0.0038868857081979513
188 0.0038975912611931562
189 0.0038446688558906317
190 0.003787095658481121
191 0.0039709447883069515
192 0.003915818408131599
193 0.00390689866617322
194 0.003954729530960321
195 0.004333982244133949
196 0.004342701751738787
197 0.003831548849120736
198 0.003743503475561738
199 0.003985847346484661
200 0.003892701817676425
201 0.0037631290033459663
202 0.004046228714287281
203 0.0038259441498667
204 0.003752524731680751
205 0.003737295977771282
206 0.003794136457145214
207 0.004091984126716852
208 0.0040844399482011795
209 0.0038958813529461622
210 0.0036084826570004225
211 0.004091769922524691
212 0.0035398376639932394
213 0.0037669555749744177
214 0.00417732261121273
215 0.0039670891128480434
216 0.004055927507579327
217 0.003947187680751085
218 0.00384713476523757
219 0.0037156890612095594
220 0.003855439368635416
221 0.004078345838934183
222 0.0037650286685675383
223 0.004149121697992086
224 0.0037240248639136553
225 0.00394005561247468
226 0.003966273739933968
227 0.00384939624927938
228 0.0038311188109219074
229 0.0040899040177464485
230 0.0038416259922087193
231 0.0041223871521651745
232 0.0038086436688899994
233 0.003823494538664818
234 0.0037657625507563353
235 0.003819624427706003
236 0.003958379849791527
237 0.0037915180437266827
238 0.003733663121238351
239 0.0037981269415467978
240 0.004186473321169615
241 0.003904536133632064
242 0.003826333209872246
243 0.0038583280984312296
244 0.003903937991708517
245 0.003941010218113661
246 0.004129990004003048
247 0.0039251334965229034
248 0.004189510829746723
249 0.003825199557468295
250 0.003767808899283409
251 0.0036249528639018536
252 0.003866755636408925
253 0.0037404990289360285
254 0.003979098983108997
255 0.0036634544376283884
