0 0.0038498465437442064
1 0.0035400516353547573
2 0.0038893637247383595
3 0.004023351706564426
4 0.004190371837466955
5 0.0039531029760837555
6 0.00395433884114027
7 0.004131410736590624
8 0.00405961275100708
9 0.0037980081979185343
10 0.004393358714878559
11 0.00384888774715364
12 0.0035321838222444057
13 0.003731150645762682
14 0.003698629792779684
15 0.0038384341169148684
16 0.004010112956166267
17 0.003910948056727648
18 0.003836204996332526
19 0.003953692968934774
20 0.004029473755508661
21 0.004126936662942171
22 0.003999252337962389
23 0.0036633203271776438
24 0.003874050220474601
25 0.004138743504881859
26 0.0038702611345797777
27 0.004008225165307522
28 0.00405597360804677
29 0.0039574699476361275
30 0.004063637927174568
31 0.003985758870840073
32 0.003719958709552884
33 0.003545571817085147
34 0.0037655371706932783
35 0.0039511010982096195
36 0.00421413779258728
37 0.0036954486276954412
38 0.003936809953302145
39 0.00415443442761898
40 0.003997138701379299
41 0.003403441281989217
42 0.003782059298828244
43 0.0038121440447866917
44 0.0039213658310472965
45 0.00394876953214407
46 0.004127789288759232
47 0.004025530070066452
48 0.004061678424477577
49 0.003723079338669777
50 0.004320085979998112
51 0.0036800308153033257
52 0.004067429807037115
53 0.003705338342115283
54 0.003817417658865452
55 0.00391461793333292
56 0.0039637768641114235
57 0.003701722016558051
58 0.0037331972271203995
59 0.0038710981607437134
60 0.003642597235739231
61 0.0039022183045744896
62 0.0042341831140220165
63 0.0038672464434057474
64 0.0039345091208815575
65 0.003608259605243802
66 0.003809947520494461
67 0.0039339433424174786
68 0.003849447937682271
69 0.003954572137445211
70 0.004249417223036289
71 0.003937286790460348
72 0.0038021591026335955
73 0.003961277659982443
74 0.003992446698248386
75 0.004198948387056589
76 0.004051222000271082
77 0.004081722814589739
78 0.003728438401594758
79 0.0038789764512330294
80 0.0037447104696184397
81 0.00426856242120266
82 0.003917585592716932
83 0.0037797149270772934
84 0.004002912901341915
85 0.0038049796130508184
86 0.003884356701746583
87 0.003851379733532667
88 0.003752811113372445
89 0.0037782173603773117
90 0.003971541300415993
91 0.0038297390565276146
92 0.0040598479099571705
93 0.004415582865476608
94 0.003768249647691846
95 0.0036080549471080303
96 0.003741183318197727
97 0.0038428176194429398
98 0.003792202565819025
99 0.0039617279544472694
100 0.003936371300369501
101 0.0039936513639986515
102 0.003710972610861063
103 0.004214531276375055
104 0.003816286101937294
105 0.004357088822871447
106 0.0037435851991176605
107 0.0044173127971589565
108 0.004278041888028383
109 0.00402736896649003
110 0.003953175153583288
111 0.0037981888744980097
112 0.0036391220055520535
113 0.0044609298929572105
114 0.004209759179502726
115 0.003637434681877494
116 0.0038979710079729557
117 0.003765824483707547
118 0.0036386705469340086
119 0.003910308703780174
120 0.003964139614254236
121 0.004206481855362654
122 0.004401415586471558
123 0.003747419686987996
124 0.004159081727266312
125 0.003950977232307196
126 0.004184525925666094
127 0.0036591519601643085
128 0.003713104408234358
129 0.003647819859907031
130 0.0038459969218820333
131 0.0038340589962899685
132 0.004065749701112509
133 0.0043397326953709126
134 0.003898757044225931
135 0.0035884797107428312
136 0.004286322742700577
137 0.0038604470901191235
138 0.003965491428971291
139 0.0038803364150226116
140 0.0037164606619626284
141 0.003495794255286455
142 0.003797531593590975
143 0.0038690282963216305
144 0.0037038265727460384
145 0.0040917606092989445
146 0.003999995533376932
147 0.003889068029820919
148 0.0038358101155608892
149 0.0039634667336940765
150 0.0038719642907381058
151 0.004005765076726675
152 0.003541218349710107
153 0.003930097911506891
154 0.003931541461497545
155 0.003689612727612257
156 0.003702246118336916
157 0.003689875127747655
158 0.003952005412429571
159 0.0037739439867436886
160 0.0036582634784281254
161 0.003776376135647297
162 0.004372813738882542
163 0.003762945532798767
164 0.003909533843398094
165 0.003603121964260936
166 0.0038386716041713953
167 0.0038541860412806273
168 0.004005366936326027
169 0.004103755112737417
170 0.003680452471598983
171 0.003963308408856392
172 0.0036596234422177076
173 0.0036116468254476786
174 0.004008469171822071
175 0.003786312649026513
176 0.004155064933001995
177 0.003981922287493944
178 0.0036731036379933357
179 0.0036471642088145018
180 0.003770536044612527
181 0.004354789853096008
182 0.004082975443452597
183 0.0038505354896187782
184 0.004202103242278099
185 0.004402607679367065
186 0.003716633655130863
187 0.003955062944442034
188 0.0038604959845542908
189 0.0039033880457282066
190 0.003995644394308329
191 0.0037751919589936733
192 0.003921182360500097
193 0.0038825355004519224
194 0.004091615788638592
195 0.00391876045614481
196 0.0041525885462760925
197 0.0036438729148358107
198 0.003886657301336527
199 0.003873054636642337
200 0.003666854463517666
201 0.003629419021308422
202 0.0038387910462915897
203 0.003838436910882592
204 0.003931973595172167
205 0.003591118147596717
206 0.0037713770288974047
207 0.004015738144516945
208 0.003974377177655697
209 0.0040056477300822735
210 0.003773230593651533
211 0.004103065002709627
212 0.0037474953569471836
213 0.0039605628699064255
214 0.003929889760911465
215 0.003988806623965502
216 0.0041470006108284
217 0.004313967190682888
218 0.0037401244044303894
219 0.003746556583791971
220 0.003833920229226351
221 0.0041261217556893826
222 0.003654981032013893
223 0.004237965680658817
224 0.003619014285504818
225 0.004037620034068823
226 0.003998037427663803
227 0.0035956643987447023
228 0.00410100631415844
229 0.004247073084115982
230 0.003913206979632378
231 0.004054736811667681
232 0.0038127852603793144
233 0.0038037491030991077
234 0.003582185134291649
235 0.0038193396758288145
236 0.004140828736126423
237 0.0037372095976024866
238 0.0037491372786462307
239 0.003964816685765982
240 0.0041532572358846664
241 0.00381998298689723
242 0.0037978063337504864
243 0.003612697124481201
244 0.0038196328096091747
245 0.0038758895825594664
246 0.004345487803220749
247 0.004099197685718536
248 0.004050785675644875
249 0.003896087408065796
250 0.00348428962752223
251 0.003591118613258004
252 0.00399166950955987
253 0.003802521852776408
254 0.0039732023142278194
255 0.0037212311290204525
