0 0.00392476562410593
1 0.0034844265319406986
2 0.0038225664757192135
3 0.003924086224287748
4 0.004196918103843927
5 0.00392395444214344
6 0.0040233866311609745
7 0.004179104696959257
8 0.003992424812167883
9 0.003732460318133235
10 0.0040483553893864155
11 0.0038552326150238514
12 0.0038129757158458233
13 0.003750446019694209
14 0.0037279475945979357
15 0.0038314047269523144
16 0.004025832284241915
17 0.0037225570995360613
18 0.003749503754079342
19 0.004106918815523386
20 0.003979612607508898
21 0.004178172443062067
22 0.003980021923780441
23 0.003523808903992176
24 0.00413547083735466
25 0.003825517138466239
26 0.004188361577689648
27 0.0037582595832645893
28 0.004034174606204033
29 0.0040059140883386135
30 0.0043097068555653095
31 0.004069794435054064
32 0.003609389066696167
33 0.003713211277499795
34 0.003838523756712675
35 0.00394834578037262
36 0.004087068140506744
37 0.0036303203087300062
38 0.004104105290025473
39 0.004427948500961065
40 0.004065877292305231
41 0.0034636901691555977
42 0.003710448509082198
43 0.0036500634159892797
44 0.0038189166225492954
45 0.0038541750982403755
46 0.004406760912388563
47 0.0041732825338840485
48 0.003962176386266947
49 0.0036743569653481245
50 0.004123270511627197
51 0.003570369677618146
52 0.003963336814194918
53 0.003874824848026037
54 0.0040648579597473145
55 0.0040736994706094265
56 0.00384971359744668
57 0.0037500367034226656
58 0.003789188340306282
59 0.004018062260001898
60 0.0037433782126754522
61 0.00400129146873951
62 0.004301694221794605
63 0.003950301092118025
64 0.0038595350924879313
65 0.003723003901541233
66 0.003721228102222085
67 0.0038623984437435865
68 0.0038070755545049906
69 0.004122912883758545
70 0.004113989882171154
71 0.0038037688937038183
72 0.004032487515360117
73 0.003722820896655321
74 0.003846711479127407
75 0.004481263924390078
76 0.0041295671835541725
77 0.003837316995486617
78 0.0037773684598505497
79 0.0038812593556940556
80 0.0035464041866362095
81 0.004195590503513813
82 0.003860394237563014
83 0.0037048873491585255
84 0.003931391052901745
85 0.0038096620701253414
86 0.003637890797108412
87 0.003970804158598185
88 0.0038105386774986982
89 0.003717457177117467
90 0.004205117467790842
91 0.004105865955352783
92 0.004129284527152777
93 0.004259240813553333
94 0.0037808488123118877
95 0.0038944962434470654
96 0.003937395755201578
97 0.004274982959032059
98 0.003926957957446575
99 0.00402478501200676
100 0.0038533429615199566
101 0.004074148368090391
102 0.003691641613841057
103 0.004043812397867441
104 0.0036550199147313833
105 0.004220559727400541
106 0.0038264591712504625
107 0.0043053701519966125
108 0.004060468170791864
109 0.0037828695494681597
110 0.003821116406470537
111 0.004040091764181852
112 0.0036954779643565416
113 0.004448424093425274
114 0.0038600696716457605
115 0.003608501283451915
116 0.003955992870032787
117 0.004010617733001709
118 0.0037410680670291185
119 0.0041687567718327045
120 0.003958710934966803
121 0.0042460011318326
122 0.004213414620608091
123 0.003890260122716427
124 0.004052605014294386
125 0.003883318044245243
126 0.004016998689621687
127 0.003663721028715372
128 0.0035712996032088995
129 0.003957051783800125
130 0.003846886334940791
131 0.003818640485405922
132 0.003872303292155266
133 0.004723620135337114
134 0.0038090194575488567
135 0.0035363610368222
136 0.004230211954563856
137 0.003942321520298719
138 0.0040952484123408794
139 0.004026367329061031
140 0.0035789969842880964
141 0.0036839263048022985
142 0.003767424263060093
143 0.003732172539457679
144 0.0035183506552129984
145 0.004139773081988096
146 0.003935064189136028
147 0.004042054992169142
148 0.003919149283319712
149 0.0037630805745720863
150 0.004104978870600462
151 0.004204807337373495
152 0.003948607947677374
153 0.0039241742342710495
154 0.0038793482817709446
155 0.0037160159554332495
156 0.0037909764796495438
157 0.0036408540327101946
158 0.004057294223457575
159 0.0036888013128191233
160 0.0037544823717325926
161 0.003670739009976387
162 0.00406870199367404
163 0.0037636563647538424
164 0.003743682289496064
165 0.003718744730576873
166 0.004148388281464577
167 0.0038853769656270742
168 0.004126297775655985
169 0.004059551749378443
170 0.0036625019274652004
171 0.003790434217080474
172 0.003638945519924164
173 0.0037192737217992544
174 0.004002872854471207
175 0.0038749894592911005
176 0.004199162591248751
177 0.0037136278115212917
178 0.0036391527391970158
179 0.00399080291390419
180 0.003724799957126379
181 0.004233525600284338
182 0.004108540713787079
183 0.0037165144458413124
184 0.003954425919800997
185 0.0040903459303081036
186 0.003451575990766287
187 0.0039032010827213526
188 0.0037998103071004152
189 0.0037039294838905334
190 0.004242492839694023
191 0.0036664330400526524
192 0.00376538815908134
193 0.0040357112884521484
194 0.0040431395173072815
195 0.004356004297733307
196 0.004097933880984783
197 0.003717354265972972
198 0.0037248078733682632
199 0.0038550454191863537
200 0.0038254314567893744
201 0.0039049405604600906
202 0.0039472500793635845
203 0.003868068801239133
204 0.0038553981576114893
205 0.003836640389636159
206 0.0038226223550736904
207 0.004077064339071512
208 0.004122728016227484
209 0.0038956173229962587
210 0.0036845738068223
211 0.004051519092172384
212 0.003570978296920657
213 0.0038927183486521244
214 0.00394937489181757
215 0.00409076688811183
216 0.0037833782844245434
217 0.0038861683569848537
218 0.0037687753792852163
219 0.0038755994755774736
220 0.003799669910222292
221 0.003973902203142643
222 0.0038102956023067236
223 0.004173229914158583
224 0.0042520612478256226
225 0.0037762033753097057
226 0.003903875360265374
227 0.003750970819965005
228 0.004016085993498564
229 0.004154480993747711
230 0.0037875326815992594
231 0.004097533877938986
232 0.003814270719885826
233 0.003854617942124605
234 0.003669404424726963
235 0.003782999701797962
236 0.0040156361646950245
237 0.003854823997244239
238 0.003861414734274149
239 0.004273928701877594
240 0.003889907617121935
241 0.0037634277250617743
242 0.0038038131315261126
243 0.0035721929743885994
244 0.0037948312237858772
245 0.003907324280589819
246 0.0041158245876431465
247 0.0041012815199792385
248 0.0036609272938221693
249 0.0038120055105537176
250 0.0036191693507134914
251 0.003420833498239517
252 0.0038307588547468185
253 0.0036013158969581127
254 0.003983332775533199
255 0.003690652549266815
