0 0.0038876491598784924
1 0.003486107802018523
2 0.0037854458205401897
3 0.003792136674746871
4 0.004050002433359623
5 0.003843835089355707
6 0.00373153411783278
7 0.004074522294104099
8 0.004134967923164368
9 0.003753350116312504
10 0.004118070937693119
11 0.0038329472299665213
12 0.0036046600434929132
13 0.0039935968816280365
14 0.003864724189043045
15 0.003995030652731657
16 0.004010329023003578
17 0.0039650979451835155
18 0.0037931071128696203
19 0.003987311851233244
20 0.004181275609880686
21 0.004227873403578997
22 0.004008009098470211
23 0.0038801711052656174
24 0.0038821655325591564
25 0.003921192139387131
26 0.003943567164242268
27 0.003928190562874079
28 0.004053489770740271
29 0.0038324142806231976
30 0.004082162864506245
31 0.003964090719819069
32 0.003675631247460842
33 0.0035947361029684544
34 0.0035576126538217068
35 0.0037402838934212923
36 0.004001919645816088
37 0.003938229754567146
38 0.0041051143780350685
39 0.004002205096185207
40 0.004097514320164919
41 0.003684013383463025
42 0.004067185800522566
43 0.0038527389988303185
44 0.0038553099147975445
45 0.004005695693194866
46 0.004121009726077318
47 0.0042871455661952496
48 0.0038637190591543913
49 0.0037372976075857878
50 0.003918584436178207
51 0.00353743857704103
52 0.004037950187921524
53 0.003976225387305021
54 0.003995958250015974
55 0.00403670035302639
56 0.003935237880796194
57 0.0038599297404289246
58 0.003641368355602026
59 0.0038825334049761295
60 0.003755908692255616
61 0.003810181515291333
62 0.004146546591073275
63 0.003761802799999714
64 0.004153111949563026
65 0.0037621152587234974
66 0.003790490562096238
67 0.003721088171005249
68 0.003901394782587886
69 0.004010687582194805
70 0.004254209343343973
71 0.0038097563665360212
72 0.003721929155290127
73 0.0038306191563606262
74 0.00408929493278265
75 0.004262801259756088
76 0.003970351070165634
77 0.003788850037381053
78 0.0038055828772485256
79 0.0036753464955836535
80 0.0036988251376897097
81 0.004024278372526169
82 0.0038550563622266054
83 0.0036904450971633196
84 0.003897556569427252
85 0.003914277534931898
86 0.003844583174213767
87 0.0037531794514507055
88 0.0036710461135953665
89 0.003790805349126458
90 0.0041115498170256615
91 0.0037887704093009233
92 0.003761397209018469
93 0.004322781227529049
94 0.0038739258889108896
95 0.003919558133929968
96 0.003987420815974474
97 0.004352050833404064
98 0.003646804252639413
99 0.0041624512523412704
100 0.003948655445128679
101 0.004031181801110506
102 0.003702642861753702
103 0.00409697275608778
104 0.0037027590442448854
105 0.0041275424882769585
106 0.0038087014108896255
107 0.004382528830319643
108 0.004199317656457424
109 0.003999278414994478
110 0.004234875552356243
111 0.004119927529245615
112 0.0036233821883797646
113 0.004243170376867056
114 0.004091556649655104
115 0.0037840064615011215
116 0.003883752040565014
117 0.004164621699601412
118 0.0038050224538892508
119 0.003969759680330753
120 0.004098942037671804
121 0.004151202272623777
122 0.004318046849220991
123 0.0039374916814267635
124 0.004199959337711334
125 0.003985625691711903
126 0.004005212336778641
127 0.0038505399134010077
128 0.003548384876921773
129 0.003685882780700922
130 0.0037081295158714056
131 0.003774278098717332
132 0.0037988144904375076
133 0.004118807148188353
134 0.003844283986836672
135 0.0035258315037935972
136 0.004136990290135145
137 0.0038368573877960443
138 0.003986956551671028
139 0.00398025568574667
140 0.003734329016879201
141 0.003659480717033148
142 0.0039010264445096254
143 0.003495644312351942
144 0.003594935405999422
145 0.004125059582293034
146 0.0037650472950190306
147 0.004032149910926819
148 0.003974909894168377
149 0.0039020057301968336
150 0.004029847215861082
151 0.004189720377326012
152 0.003615065710619092
153 0.004033309407532215
154 0.0038869325071573257
155 0.0036788610741496086
156 0.0039758277125656605
157 0.0036847065202891827
158 0.0040745665319263935
159 0.003761253086850047
160 0.0038683440070599318
161 0.003851391840726137
162 0.004337071906775236
163 0.003621265757828951
164 0.0036696409806609154
165 0.003995010629296303
166 0.003834096947684884
167 0.0038554510101675987
168 0.0039965128526091576
169 0.004207591526210308
170 0.003842021571472287
171 0.0039436290971934795
172 0.0035581551492214203
173 0.0038118057418614626
174 0.0040529933758080006
175 0.003935048822313547
176 0.004126337822526693
177 0.0036873577628284693
178 0.0035821055062115192
179 0.003944916184991598
180 0.003699600463733077
181 0.004193786531686783
182 0.004045518580824137
183 0.004079390782862902
184 0.004056787118315697
185 0.003840100020170212
186 0.0034762793220579624
187 0.003741202410310507
188 0.003927174955606461
189 0.0038488127756863832
190 0.003896220587193966
191 0.0037425917107611895
192 0.0038434509187936783
193 0.003948122262954712
194 0.004057490266859531
195 0.0042642224580049515
196 0.004221606533974409
197 0.0036809754092246294
198 0.0038271064404398203
199 0.003932959400117397
200 0.0038285031914711
201 0.0038308973889797926
202 0.0039647105149924755
203 0.0038176062516868114
204 0.003923090640455484
205 0.0037912018597126007
206 0.0037913566920906305
207 0.004048308823257685
208 0.004168296232819557
209 0.0039229923859238625
210 0.0037440655287355185
211 0.004175164271146059
212 0.0036436133086681366
213 0.0037383190356194973
214 0.0038184835575520992
215 0.003998585976660252
216 0.003923802170902491
217 0.0041029988788068295
218 0.0035861392971128225
219 0.003850872628390789
220 0.003853440750390291
221 0.004170189145952463
222 0.0038609306793659925
223 0.004290543496608734
224 0.004002686124294996
225 0.0038114909548312426
226 0.0038728327490389347
227 0.0038105049170553684
228 0.0038073211908340454
229 0.004180940333753824
230 0.003670858684927225
231 0.004228005651384592
232 0.0038185652811080217
233 0.0038220668211579323
234 0.0037951862905174494
235 0.003725285641849041
236 0.003939312882721424
237 0.0037215908523648977
238 0.0037810171488672495
239 0.003971976228058338
240 0.003892073407769203
241 0.003769653383642435
242 0.0039656818844377995
243 0.0037570386193692684
244 0.003847962012514472
245 0.003940248861908913
246 0.00424090726301074
247 0.004139632452279329
248 0.0039008904714137316
249 0.003905664896592498
250 0.003707288997247815
251 0.0034182630479335785
252 0.0037915599532425404
253 0.0038476616609841585
254 0.004057174548506737
255 0.0037364570889621973
