0 0.003994667902588844
1 0.0034572992008179426
2 0.0038940245285630226
3 0.004186336882412434
4 0.004181929398328066
5 0.0037358212284743786
6 0.00397951016202569
7 0.004014740232378244
8 0.004025446716696024
9 0.0038182931020855904
10 0.004227520432323217
11 0.003593181725591421
12 0.003528447588905692
13 0.003730567405000329
14 0.00374917802400887
15 0.0037220343947410583
16 0.004086264409124851
17 0.003899658564478159
18 0.003877808339893818
19 0.0038593674544245005
20 0.004027465358376503
21 0.004155788570642471
22 0.004044234752655029
23 0.0037829247303307056
24 0.004000930581241846
25 0.0042346082627773285
26 0.004107419401407242
27 0.0039023158606141806
28 0.004210780840367079
29 0.003958813846111298
30 0.0039565530605614185
31 0.003880193689838052
32 0.0037125563248991966
33 0.0036528483033180237
34 0.0036001899279654026
35 0.004030991345643997
36 0.004168758634477854
37 0.0036888415925204754
38 0.004013278055936098
39 0.00436804722994566
40 0.004075170960277319
41 0.003393217222765088
42 0.003951315768063068
43 0.0038010666612535715
44 0.003954016603529453
45 0.003876670030876994
46 0.004275918938219547
47 0.0043726428411901
48 0.003928744699805975
49 0.0036740771029144526
50 0.003956319764256477
51 0.0036853719502687454
52 0.004070859402418137
53 0.003892096458002925
54 0.003866644809022546
55 0.004175317008048296
56 0.004201837349683046
57 0.0037277957890182734
58 0.0037576775066554546
59 0.003910627216100693
60 0.0037459740415215492
61 0.003954486455768347
62 0.003957248292863369
63 0.0037207321729511023
64 0.0037172904703766108
65 0.0037145435344427824
66 0.0038186011370271444
67 0.0037687220610678196
68 0.0037168089766055346
69 0.003958399407565594
70 0.004243182484060526
71 0.0038233031518757343
72 0.0039206137880682945
73 0.0036196124274283648
74 0.003770642215386033
75 0.0043957168236374855
76 0.004146893043071032
77 0.003900873241946101
78 0.003772401949390769
79 0.0037504450883716345
80 0.0039067515172064304
81 0.00401478074491024
82 0.004006234463304281
83 0.003750376170501113
84 0.004149976652115583
85 0.0038667628541588783
86 0.0038303136825561523
87 0.003943570423871279
88 0.0036659420002251863
89 0.003598088165745139
90 0.004062366206198931
91 0.0038046129047870636
92 0.004024815745651722
93 0.004341859370470047
94 0.003995400853455067
95 0.0035676441621035337
96 0.003699321299791336
97 0.004193194676190615
98 0.003998067695647478
99 0.003983743954449892
100 0.0038039868231862783
101 0.004209365230053663
102 0.003639642847701907
103 0.004049360286444426
104 0.0038017279002815485
105 0.004296217113733292
106 0.0036914474330842495
107 0.00438580010086298
108 0.004233676940202713
109 0.0038433729205280542
110 0.003991211764514446
111 0.004042570944875479
112 0.0038114346098154783
113 0.004145234823226929
114 0.0040930877439677715
115 0.0036853912752121687
116 0.004057119134813547
117 0.003823530161753297
118 0.003610952291637659
119 0.003967152908444405
120 0.004076757002621889
121 0.0039518908597528934
122 0.004274718929082155
123 0.003682344453409314
124 0.003915239125490189
125 0.0037988347467035055
126 0.004045435227453709
127 0.0039072418585419655
128 0.0035789876710623503
129 0.0036113248206675053
130 0.0037840688601136208
131 0.0038141049444675446
132 0.0038886098191142082
133 0.004202501382678747
134 0.003737932536751032
135 0.0035379966720938683
136 0.004323877859860659
137 0.003973519895225763
138 0.0038913146127015352
139 0.00412488030269742
140 0.0036990477237850428
141 0.0034445528872311115
142 0.003652357729151845
143 0.0035832158755511045
144 0.0034448199439793825
145 0.004198479000478983
146 0.00388856278732419
147 0.0039986856281757355
148 0.0037892109248787165
149 0.003821425139904022
150 0.003820470767095685
151 0.004235427360981703
152 0.0036888441536575556
153 0.0038749761879444122
154 0.004059883300215006
155 0.00366918439976871
156 0.0036345880944281816
157 0.0036830769386142492
158 0.004156718496233225
159 0.0038242260925471783
160 0.0035366921219974756
161 0.003688942641019821
162 0.004470091313123703
163 0.0036128845531493425
164 0.003770682727918029
165 0.003974285442382097
166 0.003954191692173481
167 0.004022444132715464
168 0.0040057022124528885
169 0.004057556390762329
170 0.003692448837682605
171 0.0038461913354694843
172 0.003745912341400981
173 0.0036863123532384634
174 0.004039599094539881
175 0.0038039092905819416
176 0.0042380522936582565
177 0.0037764168810099363
178 0.0036692896392196417
179 0.0037716540973633528
180 0.003984161652624607
181 0.004298127256333828
182 0.004011756740510464
183 0.0039906888268888
184 0.0037687094882130623
185 0.0043818275444209576
186 0.003777675097808242
187 0.0037677506916224957
188 0.004096060525625944
189 0.004021947272121906
190 0.0038947388529777527
191 0.0037613529711961746
192 0.003951937425881624
193 0.003831317648291588
194 0.004375087562948465
195 0.0044359671883285046
196 0.00417666370049119
197 0.0036472382489591837
198 0.004076618701219559
199 0.003883804427459836
200 0.003688549157232046
201 0.003953855484724045
202 0.003950407728552818
203 0.0037706440780311823
204 0.0036094256211072206
205 0.003854339476674795
206 0.0036768901627510786
207 0.003843572223559022
208 0.00405622785910964
209 0.003954680636525154
210 0.003719797357916832
211 0.004195042420178652
212 0.0036863978020846844
213 0.003962152637541294
214 0.003771711839362979
215 0.0038418963085860014
216 0.0040100268088281155
217 0.004097713623195887
218 0.0037775400560349226
219 0.0038509448058903217
220 0.0038791873957961798
221 0.003930544480681419
222 0.0037008470389992
223 0.004190054722130299
224 0.0036348782014101744
225 0.003836574964225292
226 0.004037961363792419
227 0.0037932591512799263
228 0.0041212658397853374
229 0.004194600507616997
230 0.003987544681876898
231 0.004050391726195812
232 0.003911273088306189
233 0.003800464328378439
234 0.0037708452437072992
235 0.003733139019459486
236 0.004142421297729015
237 0.003766748821362853
238 0.0038645793683826923
239 0.004154494497925043
240 0.003926730249077082
241 0.004136078059673309
242 0.0038390164263546467
243 0.0036050211638212204
244 0.003954132553189993
245 0.0038901150692254305
246 0.004342673346400261
247 0.00400949502363801
248 0.0038470719009637833
249 0.00384345930069685
250 0.00362217309884727
251 0.0035670732613652945
252 0.00397028774023056
253 0.003714935854077339
254 0.003807692090049386
255 0.003755497746169567
