0 0.003986989613622427
1 0.0032961482647806406
2 0.003854583017528057
3 0.003931054845452309
4 0.0041955881752073765
5 0.003819945966824889
6 0.004096545744687319
7 0.003987641539424658
8 0.0041569811291992664
9 0.0037104387301951647
10 0.003960374277085066
11 0.0038687766063958406
12 0.0035416134633123875
13 0.0040005287155508995
14 0.0038638762198388577
15 0.003874414134770632
16 0.004031632095575333
17 0.0038020028732717037
18 0.003912508022040129
19 0.0038318068254739046
20 0.0040729776956140995
21 0.004075855482369661
22 0.0041691395454108715
23 0.003827080363407731
24 0.003771215910091996
25 0.00400918535888195
26 0.004038465674966574
27 0.003994884435087442
28 0.004188822116702795
29 0.004055652301758528
30 0.004501313902437687
31 0.003898442955687642
32 0.003793157869949937
33 0.0038592710625380278
34 0.0034220339730381966
35 0.003966716583818197
36 0.004099688027054071
37 0.003921621013432741
38 0.004023301415145397
39 0.004071812145411968
40 0.004183012526482344
41 0.003403524635359645
42 0.003958781715482473
43 0.0038601653650403023
44 0.0038381963968276978
45 0.003979878965765238
46 0.004063492175191641
47 0.004256526008248329
48 0.0039581600576639175
49 0.003787367371842265
50 0.00431291526183486
51 0.0035699440632015467
52 0.003947393037378788
53 0.003772243857383728
54 0.0038371398113667965
55 0.004288439638912678
56 0.0041533177718520164
57 0.003820575773715973
58 0.0036366917192935944
59 0.003622066229581833
60 0.0037908272352069616
61 0.004004327114671469
62 0.004068200942128897
63 0.0036813539918512106
64 0.004064881708472967
65 0.003749371040612459
66 0.003944539465010166
67 0.003568952437490225
68 0.0036567545030266047
69 0.004072976298630238
70 0.0041167885065078735
71 0.003744362620636821
72 0.003977978136390448
73 0.0037427761126309633
74 0.003872184082865715
75 0.004164868500083685
76 0.004163265228271484
77 0.003919342067092657
78 0.0038953896146267653
79 0.0038258174899965525
80 0.003675258019939065
81 0.003999779932200909
82 0.003924579359591007
83 0.0035640429705381393
84 0.0039149001240730286
85 0.003669966943562031
86 0.003879863303154707
87 0.003927632234990597
88 0.0034742075949907303
89 0.003577745985239744
90 0.0040687997825443745
91 0.003955651540309191
92 0.004098082892596722
93 0.00402084132656455
94 0.003764987690374255
95 0.003870227839797735
96 0.003883429104462266
97 0.004181754309684038
98 0.0036366740241646767
99 0.0041865697130560875
100 0.003979494795203209
101 0.004131586756557226
102 0.003934519365429878
103 0.004122768063098192
104 0.004043073859065771
105 0.003996042534708977
106 0.0038749179802834988
107 0.004349290858954191
108 0.004104170482605696
109 0.003970135934650898
110 0.00400924077257514
111 0.004027082584798336
112 0.00380432466045022
113 0.004333860706537962
114 0.003919331822544336
115 0.00383264129050076
116 0.003961431328207254
117 0.004051795229315758
118 0.003622456220909953
119 0.003944456111639738
120 0.003967277240008116
121 0.0040888250805437565
122 0.004352770280092955
123 0.003824323182925582
124 0.0040080058388412
125 0.003974216990172863
126 0.004105935804545879
127 0.003911914769560099
128 0.003686916083097458
129 0.0036709322594106197
130 0.0035546717699617147
131 0.0035951267927885056
132 0.003756109857931733
133 0.0040589552372694016
134 0.004015741404145956
135 0.0037448497023433447
136 0.004239829257130623
137 0.0037629161961376667
138 0.004024448338896036
139 0.003927027806639671
140 0.003689096076413989
141 0.0038532190956175327
142 0.003982574213296175
143 0.0036701145581901073
144 0.0035737024154514074
145 0.004092929419130087
146 0.003738779341802001
147 0.003795895492658019
148 0.00400717556476593
149 0.003913444932550192
150 0.004166568163782358
151 0.0040270318277180195
152 0.0035842698998749256
153 0.0037538758479058743
154 0.003815782954916358
155 0.003530140733346343
156 0.0035822223871946335
157 0.0038277648855000734
158 0.003944043070077896
159 0.0036569559015333652
160 0.0038100883830338717
161 0.003698794636875391
162 0.0043223220854997635
163 0.00357426842674613
164 0.0039529986679553986
165 0.004006965085864067
166 0.004043336492031813
167 0.003954410087317228
168 0.0038923921529203653
169 0.004079180769622326
170 0.0038936652708798647
171 0.0038878789637237787
172 0.003572520799934864
173 0.003682525362819433
174 0.004400686360895634
175 0.0039235376752913
176 0.0044354842975735664
177 0.00387823604978621
178 0.0035947756841778755
179 0.0036018998362123966
180 0.003841509111225605
181 0.004203787073493004
182 0.0037688359152525663
183 0.0038845257367938757
184 0.003930824808776379
185 0.004091108217835426
186 0.003577829571440816
187 0.0038818002212792635
188 0.003953378181904554
189 0.003755753394216299
190 0.00375444907695055
191 0.004135246388614178
192 0.003787801368162036
193 0.003960931673645973
194 0.004191929474473
195 0.0043482910841703415
196 0.0042741987854242325
197 0.00372239644639194
198 0.003937582951039076
199 0.003841692116111517
200 0.0037213144823908806
201 0.003907772712409496
202 0.0039575169794261456
203 0.0038223208393901587
204 0.0036902541760355234
205 0.0037440448068082333
206 0.0035964518319815397
207 0.0039146337658166885
208 0.004072913434356451
209 0.004032049793750048
210 0.0036382742691785097
211 0.004004104994237423
212 0.0036870006006211042
213 0.003455790923908353
214 0.003924765158444643
215 0.004030357114970684
216 0.003957166336476803
217 0.0037765700835734606
218 0.0038645437452942133
219 0.003940689843147993
220 0.0037628612481057644
221 0.0040299855172634125
222 0.0036753425374627113
223 0.004089344292879105
224 0.0037476366851478815
225 0.0038106576539576054
226 0.004034237936139107
227 0.0038927446585148573
228 0.0040430291555821896
229 0.0041247159242630005
230 0.0039795925840735435
231 0.004206295590847731
232 0.003920985851436853
233 0.003615705296397209
234 0.00383664108812809
235 0.003858275478705764
236 0.004141181707382202
237 0.003593623172491789
238 0.00379753764718771
239 0.004070347640663385
240 0.003958592191338539
241 0.004278114996850491
242 0.003913705702871084
243 0.003965107258409262
244 0.0039146156050264835
245 0.0037608789280056953
246 0.004134202841669321
247 0.004106312524527311
248 0.00396753940731287
249 0.0037944999057799578
250 0.0037743563298135996
251 0.0035751506220549345
252 0.0038265171460807323
253 0.0036351175513118505
254 0.004020690452307463
255 0.0038325993809849024
