0 0.003923717886209488
1 0.0032692733220756054
2 0.0037976917810738087
3 0.003957283683121204
4 0.004191035404801369
5 0.0038810931146144867
6 0.004156984388828278
7 0.0039566559717059135
8 0.004026369657367468
9 0.003519992344081402
10 0.004026841372251511
11 0.003943030722439289
12 0.003828138578683138
13 0.0037718189414590597
14 0.0038654382806271315
15 0.003819764358922839
16 0.003937512170523405
17 0.0037206634879112244
18 0.003739349078387022
19 0.003839751472696662
20 0.004075905773788691
21 0.00413319980725646
22 0.003939639776945114
23 0.0039673843421041965
24 0.003936767112463713
25 0.004029897507280111
26 0.00405484763905406
27 0.003935914020985365
28 0.003904040902853012
29 0.003904653713107109
30 0.004228685982525349
31 0.00395840872079134
32 0.0037044035270810127
33 0.0037155861500650644
34 0.0036641976330429316
35 0.004041966516524553
36 0.003885869635269046
37 0.0038877895567566156
38 0.003804009174928069
39 0.004239923320710659
40 0.004007566254585981
41 0.003360013710334897
42 0.0039036895614117384
43 0.003837627125903964
44 0.003896003821864724
45 0.003941239323467016
46 0.0042408304288983345
47 0.004275723360478878
48 0.003950711339712143
49 0.0039029570762068033
50 0.0043086158111691475
51 0.003582791890949011
52 0.004033530130982399
53 0.0038236386608332396
54 0.003988061100244522
55 0.004106424283236265
56 0.0040810550563037395
57 0.003956754691898823
58 0.0038707274943590164
59 0.003978165332227945
60 0.0036772480234503746
61 0.004045648500323296
62 0.004185419995337725
63 0.0038493250031024218
64 0.004067326430231333
65 0.00376184843480587
66 0.003790163202211261
67 0.003840906545519829
68 0.003919451031833887
69 0.0039195106364786625
70 0.0040651061572134495
71 0.0038563061971217394
72 0.0038278461433947086
73 0.0038518712390214205
74 0.003835188690572977
75 0.004249952733516693
76 0.004053418058902025
77 0.003909753169864416
78 0.003918699454516172
79 0.00370497046969831
80 0.003814816242083907
81 0.00402718735858798
82 0.003691525664180517
83 0.003457376966252923
84 0.004131839144974947
85 0.003753459081053734
86 0.0038464427925646305
87 0.0038445170503109694
88 0.003532176371663809
89 0.003805663203820586
90 0.0038316785357892513
91 0.0039937421679496765
92 0.0036112135276198387
93 0.004209390375763178
94 0.0037204374093562365
95 0.0040174247696995735
96 0.003891575150191784
97 0.004138231743127108
98 0.0036601454485207796
99 0.004089652094990015
100 0.0037409821525216103
101 0.0040683439001441
102 0.003731664502993226
103 0.004486667457967997
104 0.003642135299742222
105 0.004240236710757017
106 0.003907517064362764
107 0.004303637892007828
108 0.004030487034469843
109 0.003805364714935422
110 0.0041336738504469395
111 0.0037840225268155336
112 0.003889769548550248
113 0.004044491797685623
114 0.00413927435874939
115 0.003928190562874079
116 0.00407310388982296
117 0.00407764408737421
118 0.0037358663976192474
119 0.003913760185241699
120 0.004195927642285824
121 0.0040772403590381145
122 0.004079028032720089
123 0.003989583812654018
124 0.00415459368377924
125 0.0037314353976398706
126 0.004019523039460182
127 0.003996869549155235
128 0.0037310549523681402
129 0.0037572155706584454
130 0.003516246099025011
131 0.0036448929458856583
132 0.0037045578937977552
133 0.004076619632542133
134 0.00397913483902812
135 0.0036815814673900604
136 0.0043551307171583176
137 0.003794924821704626
138 0.004063989035785198
139 0.0038226742763072252
140 0.003449986921623349
141 0.0036188329104334116
142 0.003945923876017332
143 0.003920694347470999
144 0.0036055278033018112
145 0.003924826625734568
146 0.0040037017315626144
147 0.003731574397534132
148 0.0038770772516727448
149 0.003950031939893961
150 0.003895225003361702
151 0.0041150664910674095
152 0.0037998368497937918
153 0.003770872252061963
154 0.003730132943019271
155 0.0035256382543593645
156 0.003787948051467538
157 0.0037004307378083467
158 0.0040966821834445
159 0.0037864623591303825
160 0.0038309013471007347
161 0.0037052505649626255
162 0.004292805213481188
163 0.0035504710394889116
164 0.003743576817214489
165 0.0038974545896053314
166 0.003976837731897831
167 0.004031718708574772
168 0.004123374819755554
169 0.004378026816993952
170 0.003800283884629607
171 0.0036874839570373297
172 0.003668410936370492
173 0.0038216831162571907
174 0.00397445959970355
175 0.004144107457250357
176 0.004403034690767527
177 0.0037833976093679667
178 0.00358565803617239
179 0.003820608137175441
180 0.0039009894244372845
181 0.004158691968768835
182 0.003954446874558926
183 0.004081349354237318
184 0.004118365701287985
185 0.004158751107752323
186 0.003781216451898217
187 0.004017852246761322
188 0.003910865634679794
189 0.003648487152531743
190 0.003829334396868944
191 0.0037186644040048122
192 0.004030614625662565
193 0.004167648032307625
194 0.004029914271086454
195 0.0044732242822647095
196 0.004299151245504618
197 0.0036621023900806904
198 0.0036945149768143892
199 0.003932028077542782
200 0.0038953109178692102
201 0.0037739260587841272
202 0.0039033787325024605
203 0.003604371566325426
204 0.0037101642228662968
205 0.003696652129292488
206 0.00368137308396399
207 0.004067813511937857
208 0.004041430074721575
209 0.004050713498145342
210 0.0038562275003641844
211 0.004065771587193012
212 0.0035343272611498833
213 0.003722669091075659
214 0.004127743653953075
215 0.004007496405392885
216 0.004045343957841396
217 0.0040186443366110325
218 0.003807329572737217
219 0.003701114561408758
220 0.0038894356694072485
221 0.003987269941717386
222 0.003832475282251835
223 0.00430669728666544
224 0.0036772347521036863
225 0.003956606145948172
226 0.003944930620491505
227 0.0035841597709804773
228 0.004163418430835009
229 0.004159560892730951
230 0.003957254812121391
231 0.004055053927004337
232 0.003881532698869705
233 0.0036169099621474743
234 0.0038780320901423693
235 0.0036933517549186945
236 0.004080011509358883
237 0.0037673201877623796
238 0.0038355339784175158
239 0.004054388031363487
240 0.00406058132648468
241 0.004059466067701578
242 0.003887002356350422
243 0.0036370609886944294
244 0.0037919532041996717
245 0.003740185173228383
246 0.004113893024623394
247 0.0041937087662518024
248 0.004151924513280392
249 0.00380577496252954
250 0.0037218844518065453
251 0.0034667139407247305
252 0.0036672817077487707
253 0.003680037334561348
254 0.00395945506170392
255 0.0037267599254846573
