0 0.0038353544659912586
1 0.0034088653046637774
2 0.00404453556984663
3 0.0038957891520112753
4 0.00433930242434144
5 0.003815990872681141
6 0.00414988724514842
7 0.003984909504652023
8 0.004084219690412283
9 0.0036445832811295986
10 0.004360473249107599
11 0.004117525648325682
12 0.003798913909122348
13 0.003743457840755582
14 0.0037766064051538706
15 0.004091840703040361
16 0.003925897181034088
17 0.0038807601667940617
18 0.0035705373156815767
19 0.0038782779593020678
20 0.004230930004268885
21 0.003946882206946611
22 0.003675880143418908
23 0.003676690859720111
24 0.0038384634535759687
25 0.0042674243450164795
26 0.003951117862015963
27 0.0038491261657327414
28 0.004106150008738041
29 0.003988089505583048
30 0.004325367044657469
31 0.003751057665795088
32 0.0037761488929390907
33 0.0034906622022390366
34 0.0035353731364011765
35 0.004109658766537905
36 0.0039330353029072285
37 0.0038060403894633055
38 0.003929718863219023
39 0.004171448759734631
40 0.004122515674680471
41 0.0033815621864050627
42 0.003932991996407509
43 0.0038021961227059364
44 0.003914061468094587
45 0.003905941965058446
46 0.0041367788799107075
47 0.003890999825671315
48 0.0038232533261179924
49 0.003691457910463214
50 0.004038354381918907
51 0.0037537093739956617
52 0.004005954600870609
53 0.003747841576114297
54 0.00382704334333539
55 0.003986676223576069
56 0.00420943321660161
57 0.0038830453995615244
58 0.003968655131757259
59 0.003830141853541136
60 0.0041450862772762775
61 0.0038366459775716066
62 0.004295660648494959
63 0.00361185846850276
64 0.003934718202799559
65 0.004016405437141657
66 0.0038134364876896143
67 0.00381066813133657
68 0.003771520219743252
69 0.003993461839854717
70 0.004255884792655706
71 0.0039971028454601765
72 0.0039479294791817665
73 0.0036869628820568323
74 0.0036686984822154045
75 0.004333463031798601
76 0.0038735265843570232
77 0.0038370471447706223
78 0.0037931203842163086
79 0.003721143351867795
80 0.0037737516686320305
81 0.004103261511772871
82 0.0038750756066292524
83 0.003675993299111724
84 0.003961356356739998
85 0.0038029674906283617
86 0.0036105152685195208
87 0.003990443889051676
88 0.0034778399858623743
89 0.003750150091946125
90 0.003761179745197296
91 0.003792679635807872
92 0.004177659749984741
93 0.004365990869700909
94 0.0036451106425374746
95 0.004054470919072628
96 0.0037383935414254665
97 0.00396331399679184
98 0.0038344399072229862
99 0.00396140618249774
100 0.003995319362729788
101 0.004002162721008062
102 0.003924510441720486
103 0.004321944434195757
104 0.00372110353782773
105 0.004170555621385574
106 0.004092801827937365
107 0.004337531514465809
108 0.004352537915110588
109 0.0038124786224216223
110 0.004043292719870806
111 0.003673909232020378
112 0.003664406482130289
113 0.0044186231680214405
114 0.004189484287053347
115 0.003706316463649273
116 0.004182380624115467
117 0.003923392854630947
118 0.0033565848134458065
119 0.003960771951824427
120 0.0037868705112487078
121 0.003925296477973461
122 0.004481450188905001
123 0.0037701528053730726
124 0.004006046336144209
125 0.00404795678332448
126 0.004130420740693808
127 0.004000526387244463
128 0.0036594190169125795
129 0.003913915250450373
130 0.003723016707226634
131 0.0037267920561134815
132 0.0038342862389981747
133 0.004084196873009205
134 0.0038938368670642376
135 0.0034314824733883142
136 0.004439997021108866
137 0.004036249127238989
138 0.003993424586951733
139 0.003950777463614941
140 0.003627539612352848
141 0.003603639081120491
142 0.0038798314053565264
143 0.0038184530567377806
144 0.0035535385832190514
145 0.003959818743169308
146 0.0037862735334783792
147 0.003768672002479434
148 0.0037487810477614403
149 0.0037755616940557957
150 0.004174989182502031
151 0.004326401278376579
152 0.003854071954265237
153 0.00390416057780385
154 0.004096638411283493
155 0.0036623599007725716
156 0.0038424525409936905
157 0.0036300690844655037
158 0.0037991402205079794
159 0.003930509090423584
160 0.003848528955131769
161 0.003927110228687525
162 0.004248237237334251
163 0.003644233802333474
164 0.003845668863505125
165 0.003933608531951904
166 0.00407051807269454
167 0.004095840267837048
168 0.00403039762750268
169 0.003994692582637072
170 0.003615699242800474
171 0.003972720354795456
172 0.003665969707071781
173 0.003799814498052001
174 0.0038350161630660295
175 0.004151318687945604
176 0.0042655752040445805
177 0.003962209448218346
178 0.0034553592558950186
179 0.003910273313522339
180 0.003999234177172184
181 0.0041212295182049274
182 0.0038741861935704947
183 0.00372107932344079
184 0.0037242830730974674
185 0.004134925547987223
186 0.0036071701906621456
187 0.0037364959716796875
188 0.003901364980265498
189 0.0038834454026073217
190 0.003796221222728491
191 0.003848504042252898
192 0.0038768539670854807
193 0.004160626791417599
194 0.004074546042829752
195 0.004258304834365845
196 0.004233865067362785
197 0.003951336722820997
198 0.004053059499710798
199 0.003873910289257765
200 0.0036426775623112917
201 0.0036143558099865913
202 0.004036506172269583
203 0.0038659239653497934
204 0.003748923074454069
205 0.0038372476119548082
206 0.0036459665279835463
207 0.004121115431189537
208 0.0038782013580203056
209 0.004111582413315773
210 0.003619505325332284
211 0.003880263539031148
212 0.0034337760880589485
213 0.004053913056850433
214 0.004239148460328579
215 0.003964388743042946
216 0.00413765013217926
217 0.004345461260527372
218 0.0038865935057401657
219 0.0036317980848252773
220 0.004102497361600399
221 0.003991996869444847
222 0.0036255314480513334
223 0.004391748923808336
224 0.003750031813979149
225 0.003904469311237335
226 0.004098972771316767
227 0.0036941615398973227
228 0.004126348067075014
229 0.004286838695406914
230 0.00368697801604867
231 0.003983845468610525
232 0.003850131994113326
233 0.0037913324777036905
234 0.003730292432010174
235 0.0037236898206174374
236 0.003958944231271744
237 0.003674495732411742
238 0.0035750754177570343
239 0.0042027197778224945
240 0.004264399874955416
241 0.003913437947630882
242 0.0038929961156100035
243 0.0034788150805979967
244 0.0038369984831660986
245 0.003893874352797866
246 0.004114195704460144
247 0.004210954997688532
248 0.003967761993408203
249 0.0038322885520756245
250 0.0036464568693190813
251 0.0034709316678345203
252 0.0035699112340807915
253 0.003531260881572962
254 0.003848468651995063
255 0.003929591737687588
