0 0.0038420362398028374
1 0.0032466426491737366
2 0.003968088887631893
3 0.004018340725451708
4 0.004231282975524664
5 0.003755888668820262
6 0.004338433034718037
7 0.0037567380350083113
8 0.004199454095214605
9 0.0035468251444399357
10 0.0040281545370817184
11 0.004070883616805077
12 0.003687454154714942
13 0.0036393569316715
14 0.0036417385563254356
15 0.0038501503877341747
16 0.004036375787109137
17 0.0039277286268770695
18 0.003750872565433383
19 0.0037499999161809683
20 0.004434206523001194
21 0.004111371468752623
22 0.004115840420126915
23 0.0037343748845160007
24 0.0040191952139139175
25 0.004160839132964611
26 0.004207789897918701
27 0.003942226991057396
28 0.0038329139351844788
29 0.004045629408210516
30 0.004279668442904949
31 0.003720233216881752
32 0.0036177344154566526
33 0.0036846273578703403
34 0.0036411937326192856
35 0.004283196292817593
36 0.004126659594476223
37 0.0038019497878849506
38 0.004097689408808947
39 0.0039689801633358
40 0.004051763564348221
41 0.0033071294892579317
42 0.004012472927570343
43 0.003616048488765955
44 0.003931271377950907
45 0.0037708168383687735
46 0.004272152669727802
47 0.004072394222021103
48 0.0039046986494213343
49 0.003671853104606271
50 0.004206366371363401
51 0.0035141068510711193
52 0.003920519724488258
53 0.0037094070576131344
54 0.0038477047346532345
55 0.004055758006870747
56 0.004323209635913372
57 0.004160475917160511
58 0.003972759936004877
59 0.0037974491715431213
60 0.004002945963293314
61 0.004300985019654036
62 0.004227397032082081
63 0.00346551276743412
64 0.0038326759822666645
65 0.0037586146499961615
66 0.003964729141443968
67 0.004038671962916851
68 0.0037075290456414223
69 0.0038624294102191925
70 0.004117804113775492
71 0.0041936244815588
72 0.004146558232605457
73 0.0037436368875205517
74 0.003703497350215912
75 0.004335483536124229
76 0.003951563499867916
77 0.004247432574629784
78 0.004044376313686371
79 0.0038293993566185236
80 0.0038835955783724785
81 0.003962223883718252
82 0.003906858619302511
83 0.0035182556603103876
84 0.003984238486737013
85 0.0037794390227645636
86 0.003717754501849413
87 0.003871226916089654
88 0.003514260519295931
89 0.003847885876893997
90 0.004023203160613775
91 0.003897438757121563
92 0.004118167795240879
93 0.004429148510098457
94 0.0036621568724513054
95 0.00396072119474411
96 0.003929492086172104
97 0.004139096476137638
98 0.003921388182789087
99 0.004019795451313257
100 0.003896114882081747
101 0.00412082439288497
102 0.0038671542424708605
103 0.004287315532565117
104 0.003834916278719902
105 0.004061635583639145
106 0.0040739476680755615
107 0.004408216569572687
108 0.004392832517623901
109 0.0038151436019688845
110 0.004030190408229828
111 0.0037448916118592024
112 0.0037103358190506697
113 0.004036320373415947
114 0.004173909779638052
115 0.003972434904426336
116 0.004104383289813995
117 0.003921587485820055
118 0.0036626968067139387
119 0.0037817261181771755
120 0.0038377935998141766
121 0.004069994669407606
122 0.004502162337303162
123 0.0038659225683659315
124 0.0041623422876000404
125 0.0038108481094241142
126 0.004286587703973055
127 0.003930533304810524
128 0.0037402270827442408
129 0.00380382570438087
130 0.0036350302398204803
131 0.0035376932937651873
132 0.00381485465914011
133 0.004009535536170006
134 0.003770725801587105
135 0.003515883581712842
136 0.004228424280881882
137 0.003984613809734583
138 0.003926647361367941
139 0.003928584046661854
140 0.0036054246593266726
141 0.003329704748466611
142 0.003669462166726589
143 0.0038040834479033947
144 0.003613265696913004
145 0.0042210835963487625
146 0.003940956201404333
147 0.003674959996715188
148 0.003937249071896076
149 0.004106601700186729
150 0.0037958952598273754
151 0.00396588584408164
152 0.0036551891826093197
153 0.003521757898852229
154 0.0037839985452592373
155 0.0035025642719119787
156 0.003740048734471202
157 0.003717286977916956
158 0.003997381776571274
159 0.0038028298877179623
160 0.0036794862244278193
161 0.003693393664434552
162 0.004305592272430658
163 0.0037525680381804705
164 0.003815211821347475
165 0.004032476805150509
166 0.003932392690330744
167 0.0037700252141803503
168 0.004246274475008249
169 0.003985516261309385
170 0.003734726458787918
171 0.003709483193233609
172 0.003984798677265644
173 0.003893329529091716
174 0.0038654422387480736
175 0.003763349261134863
176 0.0043512023985385895
177 0.003985354211181402
178 0.003547823056578636
179 0.0037554181180894375
180 0.0038733368273824453
181 0.00429801968857646
182 0.0036781253293156624
183 0.003788998583331704
184 0.003986744210124016
185 0.004584055859595537
186 0.003639071248471737
187 0.003956723492592573
188 0.003918405156582594
189 0.0039284988306462765
190 0.004014157690107822
191 0.0037269447930157185
192 0.0039789024740457535
193 0.003995305392891169
194 0.004038768354803324
195 0.004340507090091705
196 0.004144965671002865
197 0.003685244359076023
198 0.0038983304984867573
199 0.003709973068907857
200 0.0038738118018954992
201 0.0036762284580618143
202 0.0038802288472652435
203 0.00375089468434453
204 0.003502077888697386
205 0.0038416816387325525
206 0.003590672044083476
207 0.0038540835957974195
208 0.0038622000720351934
209 0.0041832574643194675
210 0.0036260040942579508
211 0.0038355719298124313
212 0.003388598095625639
213 0.0037107267417013645
214 0.004317128099501133
215 0.0039214822463691235
216 0.003997574094682932
217 0.0042085847817361355
218 0.003900774521753192
219 0.0037571401335299015
220 0.0037733104545623064
221 0.004030004609376192
222 0.0037300772964954376
223 0.004016574937850237
224 0.003686650423333049
225 0.003904661163687706
226 0.0041680228896439075
227 0.003756825113669038
228 0.0040357583202421665
229 0.004255396779626608
230 0.0037752308417111635
231 0.004159091506153345
232 0.004025298170745373
233 0.003598353825509548
234 0.003955936059355736
235 0.003798652673140168
236 0.003923624753952026
237 0.00383963854983449
238 0.003996961750090122
239 0.0039985207840800285
240 0.004027522634714842
241 0.004037436563521624
242 0.003982247319072485
243 0.0038450772408396006
244 0.003790265880525112
245 0.0036767583806067705
246 0.004159611649811268
247 0.003981896210461855
248 0.0038850652053952217
249 0.003933908883482218
250 0.0036893412470817566
251 0.0035520633682608604
252 0.0037821538280695677
253 0.0036300872452557087
254 0.003862624056637287
255 0.0036309226416051388
