0 0.003904107492417097
1 0.003541362937539816
2 0.003744294634088874
3 0.0037809733767062426
4 0.003972589038312435
5 0.0038178488612174988
6 0.004130016081035137
7 0.003927647601813078
8 0.0041895173490047455
9 0.003549574874341488
10 0.004040620755404234
11 0.004023896995931864
12 0.003633346874266863
13 0.0038416674360632896
14 0.0038780788891017437
15 0.003944283816963434
16 0.004033960402011871
17 0.004093058407306671
18 0.0036083983723074198
19 0.003785309847444296
20 0.004013060592114925
21 0.004129744600504637
22 0.004074821248650551
23 0.0037082682829350233
24 0.004049984738230705
25 0.003786600660532713
26 0.003805615473538637
27 0.0037691276520490646
28 0.003991252277046442
29 0.00393389817327261
30 0.004215485882014036
31 0.0040628681890666485
32 0.003763055196031928
33 0.0036076803226023912
34 0.0035390129778534174
35 0.0039480458945035934
36 0.004155992995947599
37 0.003935184795409441
38 0.004085462540388107
39 0.004017191473394632
40 0.004124326165765524
41 0.0036097930278629065
42 0.0040517691522836685
43 0.003803506027907133
44 0.0038842293433845043
45 0.0037978498730808496
46 0.004307701252400875
47 0.004285397008061409
48 0.003841106314212084
49 0.0038585502188652754
50 0.004158100113272667
51 0.0036462857387959957
52 0.004077922087162733
53 0.0038322547916322947
54 0.0038754958659410477
55 0.003988381940871477
56 0.0041333516128361225
57 0.00391350407153368
58 0.003756025806069374
59 0.0038613183423876762
60 0.0037772729992866516
61 0.0038607961032539606
62 0.0040773567743599415
63 0.003744704183191061
64 0.0039261518977582455
65 0.003882857272401452
66 0.0039542485028505325
67 0.003924820572137833
68 0.0038986466825008392
69 0.004059433937072754
70 0.004063572268933058
71 0.0039167217910289764
72 0.003909468185156584
73 0.004059690982103348
74 0.003744762856513262
75 0.004242949653416872
76 0.004086109343916178
77 0.0038935209158807993
78 0.003928137011826038
79 0.003737674793228507
80 0.003664992284029722
81 0.004016713239252567
82 0.003943581134080887
83 0.0034989763516932726
84 0.004020119085907936
85 0.003706958843395114
86 0.0037208208814263344
87 0.004018653649836779
88 0.0035917346831411123
89 0.003871356602758169
90 0.004021121188998222
91 0.003929479978978634
92 0.004105530679225922
93 0.004089215770363808
94 0.003846004605293274
95 0.004047753755003214
96 0.003875910071656108
97 0.004052204545587301
98 0.0037706156726926565
99 0.004230434540659189
100 0.0039701564237475395
101 0.004132549278438091
102 0.0038726229686290026
103 0.003989248536527157
104 0.0037646805867552757
105 0.004170512780547142
106 0.004043044522404671
107 0.004450335633009672
108 0.004124228842556477
109 0.003802049206569791
110 0.004145657643675804
111 0.0036087154876440763
112 0.00365090393461287
113 0.004158960655331612
114 0.00400587497279048
115 0.003643261967226863
116 0.003939203917980194
117 0.004027549177408218
118 0.0036105646286159754
119 0.0039468929171562195
120 0.0038950389716774225
121 0.0040656509809195995
122 0.004330644384026527
123 0.003759086597710848
124 0.004089880269020796
125 0.0038297190330922604
126 0.00417735893279314
127 0.0037957460153847933
128 0.003557346761226654
129 0.0036984549369663
130 0.003663240000605583
131 0.0037191431038081646
132 0.003868573810905218
133 0.004078116733580828
134 0.003972366917878389
135 0.003612264059484005
136 0.004390345886349678
137 0.004021174274384975
138 0.0038739184383302927
139 0.0038297325372695923
140 0.0036261589266359806
141 0.003626238089054823
142 0.003799784230068326
143 0.003794129239395261
144 0.003635767614468932
145 0.003943890333175659
146 0.0037993998266756535
147 0.003822713391855359
148 0.004095661919564009
149 0.00402457732707262
150 0.003934400621801615
151 0.0041412124410271645
152 0.003787428606301546
153 0.003911449573934078
154 0.003969321493059397
155 0.0036321927327662706
156 0.0038378406316041946
157 0.0036647880915552378
158 0.004028077702969313
159 0.0038549923337996006
160 0.0037438268773257732
161 0.0038318373262882233
162 0.0041724336333572865
163 0.0037631408777087927
164 0.0038082702085375786
165 0.0040028393268585205
166 0.003944798838347197
167 0.003905524266883731
168 0.004141234327107668
169 0.004049044102430344
170 0.0038572282064706087
171 0.0038377197925001383
172 0.0036976386327296495
173 0.003860967233777046
174 0.003956356551498175
175 0.003908143844455481
176 0.004242471884936094
177 0.003814942203462124
178 0.0036017789971083403
179 0.0036011964548379183
180 0.003867620136588812
181 0.004210481885820627
182 0.003923206590116024
183 0.0038637376856058836
184 0.00407808693125844
185 0.004115910269320011
186 0.0036673657596111298
187 0.0038160940166562796
188 0.003799647092819214
189 0.003856375114992261
190 0.003951714839786291
191 0.0037365234456956387
192 0.0038163664285093546
193 0.003984810784459114
194 0.00409863842651248
195 0.004056110978126526
196 0.004201633855700493
197 0.003868730738759041
198 0.00393569003790617
199 0.0038197904359549284
200 0.0037287629675120115
201 0.0038681745063513517
202 0.00395552534610033
203 0.0036048893816769123
204 0.0037342277355492115
205 0.003705330193042755
206 0.00370247894898057
207 0.003951629623770714
208 0.004093941766768694
209 0.004215001594275236
210 0.0037781689316034317
211 0.004091131966561079
212 0.0036774941254407167
213 0.003925347235053778
214 0.0040649594739079475
215 0.0039999764412641525
216 0.0038595369551330805
217 0.004234415013343096
218 0.0037673860788345337
219 0.0037129258271306753
220 0.004107596352696419
221 0.0038836756721138954
222 0.0037163044326007366
223 0.004170444793999195
224 0.003793224925175309
225 0.0038313635159283876
226 0.004027328919619322
227 0.003758552949875593
228 0.00401798402890563
229 0.004106673412024975
230 0.0038937365170568228
231 0.0041716513223946095
232 0.0038300310261547565
233 0.0038483073003590107
234 0.00387184857390821
235 0.00381301436573267
236 0.00409714225679636
237 0.0037786802276968956
238 0.00371219078078866
239 0.004003065172582865
240 0.004069685470312834
241 0.0038705519400537014
242 0.0039302450604736805
243 0.0037857647985219955
244 0.0038613807410001755
245 0.003831576555967331
246 0.003919130191206932
247 0.004148317966610193
248 0.004035611636936665
249 0.0037835082039237022
250 0.0036040781997144222
251 0.0034632773604243994
252 0.004024437163025141
253 0.003657843917608261
254 0.0040448815561831
255 0.0036900006234645844
