0 0.003947641234844923
1 0.003465929999947548
2 0.003721463494002819
3 0.0038872305303812027
4 0.004348290618509054
5 0.00397668220102787
6 0.004026670940220356
7 0.00403755996376276
8 0.004299555439502001
9 0.0035427336115390062
10 0.0043230075389146805
11 0.003907335922122002
12 0.003611876629292965
13 0.004033490549772978
14 0.003739467356353998
15 0.0038624906446784735
16 0.003965023905038834
17 0.003947550430893898
18 0.0035319426096975803
19 0.0037839270662516356
20 0.004080034326761961
21 0.00397097785025835
22 0.004028403200209141
23 0.0037562113720923662
24 0.00411555590108037
25 0.004099342506378889
26 0.0038459734059870243
27 0.00403037341311574
28 0.0037028391379863024
29 0.0039131552912294865
30 0.004234323278069496
31 0.003934393171221018
32 0.0035160433035343885
33 0.00366047490388155
34 0.003512651426717639
35 0.0040315077640116215
36 0.00411964999511838
37 0.003722545923665166
38 0.003847735933959484
39 0.004086821805685759
40 0.004246515221893787
41 0.0033702088985592127
42 0.003980481531471014
43 0.0038608938921242952
44 0.003911593928933144
45 0.003768546972423792
46 0.00412474712356925
47 0.004527180455625057
48 0.004045213107019663
49 0.0037586609832942486
50 0.00420805998146534
51 0.0034893148113042116
52 0.004094967618584633
53 0.003634845605120063
54 0.0038779692258685827
55 0.004103050567209721
56 0.004409966059029102
57 0.0039438409730792046
58 0.0038893618620932102
59 0.0037761807907372713
60 0.003651609644293785
61 0.003880938747897744
62 0.00440073711797595
63 0.003895914414897561
64 0.004055490717291832
65 0.003875556169077754
66 0.0037276234943419695
67 0.003943679854273796
68 0.003911647479981184
69 0.003874794580042362
70 0.004187345039099455
71 0.003738691098988056
72 0.0038840456400066614
73 0.004139277618378401
74 0.003663768293336034
75 0.004231174010783434
76 0.004119448363780975
77 0.0037971101701259613
78 0.004134312272071838
79 0.003606477053835988
80 0.0037698722444474697
81 0.00405142130330205
82 0.0038946063723415136
83 0.0037329159677028656
84 0.0039528487250208855
85 0.0037190283183008432
86 0.003771221498027444
87 0.003887538332492113
88 0.0034151850268244743
89 0.0037074440624564886
90 0.004075789824128151
91 0.003794127842411399
92 0.0037170613650232553
93 0.004216053988784552
94 0.003753376891836524
95 0.003826115746051073
96 0.004005047492682934
97 0.0040628244169056416
98 0.0035473897587507963
99 0.004161103628575802
100 0.0038713389076292515
101 0.004080493934452534
102 0.003969528246670961
103 0.004068314563483
104 0.003670020494610071
105 0.004274861421436071
106 0.003813520772382617
107 0.004623703192919493
108 0.0042158691212534904
109 0.0037842830643057823
110 0.004207166377454996
111 0.0037851750385016203
112 0.003775142366066575
113 0.004053641576319933
114 0.003911533858627081
115 0.0038402017671614885
116 0.0037052801344543695
117 0.0040013412944972515
118 0.003704313188791275
119 0.003748824819922447
120 0.0037944235373288393
121 0.004245603457093239
122 0.004254390951246023
123 0.0038239366840571165
124 0.004079147707670927
125 0.003939018119126558
126 0.0041567436419427395
127 0.0037484983913600445
128 0.0037339001428335905
129 0.003278791205957532
130 0.003918792586773634
131 0.0037663246039301157
132 0.003811443457379937
133 0.004152573179453611
134 0.003870889311656356
135 0.003494533011689782
136 0.004641982261091471
137 0.004239756613969803
138 0.0038563963025808334
139 0.0038972035981714725
140 0.003652458544820547
141 0.0035551092587411404
142 0.003977946471422911
143 0.003647373989224434
144 0.0036438917741179466
145 0.003872513771057129
146 0.0038489338476210833
147 0.003750842297449708
148 0.003978007007390261
149 0.0039864699356257915
150 0.0039508529007434845
151 0.003962106537073851
152 0.003488794667646289
153 0.0038509098812937737
154 0.0037107295356690884
155 0.003768626367673278
156 0.003957290202379227
157 0.0037264868151396513
158 0.004093941766768694
159 0.0038383163046091795
160 0.004183930344879627
161 0.003750830888748169
162 0.004227961413562298
163 0.0036598467268049717
164 0.0036991285160183907
165 0.0038562703412026167
166 0.003983828704804182
167 0.003708023577928543
168 0.0040665860287845135
169 0.004141955636441708
170 0.0038811725098639727
171 0.0037742755375802517
172 0.0039267283864319324
173 0.003968374338001013
174 0.0040187896229326725
175 0.0038300412707030773
176 0.004136656876653433
177 0.003887949278578162
178 0.003620486706495285
179 0.0037127204705029726
180 0.0038441570941358805
181 0.003994090482592583
182 0.004084539599716663
183 0.004137030337005854
184 0.004093076102435589
185 0.004046796355396509
186 0.0037893832195550203
187 0.00383983482606709
188 0.004206652753055096
189 0.0038923367392271757
190 0.004038770217448473
191 0.0037725125439465046
192 0.003867136314511299
193 0.00378711917437613
194 0.003993880935013294
195 0.004128695465624332
196 0.004345281980931759
197 0.0037410499062389135
198 0.003777018515393138
199 0.0038863739464432
200 0.003646091790869832
201 0.0038119847886264324
202 0.0037212842144072056
203 0.003719708416610956
204 0.003742221277207136
205 0.003840093035250902
206 0.0036035601515322924
207 0.004300356842577457
208 0.0041136727668344975
209 0.00403222581371665
210 0.0038665675092488527
211 0.004076731391251087
212 0.003509331727400422
213 0.003904276993125677
214 0.003954211249947548
215 0.003999322187155485
216 0.004015189595520496
217 0.004096692893654108
218 0.0037303820718079805
219 0.003831785172224045
220 0.0038154320791363716
221 0.0038382294587790966
222 0.003800839651376009
223 0.0043857828713953495
224 0.0038499736692756414
225 0.003929115831851959
226 0.003987303003668785
227 0.0036512704100459814
228 0.003933538682758808
229 0.004087334033101797
230 0.003977716900408268
231 0.004103740677237511
232 0.003814791329205036
233 0.0036374800838530064
234 0.003786170855164528
235 0.0036788436118513346
236 0.0039134700782597065
237 0.0038298910949379206
238 0.0038254268001765013
239 0.0038787750527262688
240 0.003923886921256781
241 0.0040739732794463634
242 0.0038422599900513887
243 0.003954546991735697
244 0.003853881498798728
245 0.003961795009672642
246 0.004111034795641899
247 0.004120789002627134
248 0.004051986150443554
249 0.003910211380571127
250 0.003832970978692174
251 0.0033965723123401403
252 0.003912566229701042
253 0.003705238224938512
254 0.004094038158655167
255 0.0036705725360661745
