0 0.004025937058031559
1 0.0032969885505735874
2 0.0037637336645275354
3 0.0039274380542337894
4 0.004017582628875971
5 0.00405754242092371
6 0.0037096936721354723
7 0.004065790679305792
8 0.004218709655106068
9 0.003526708111166954
10 0.00400193827226758
11 0.003803293453529477
12 0.0037398121785372496
13 0.004082804080098867
14 0.003787263995036483
15 0.003862120443955064
16 0.0038856705650687218
17 0.004093896131962538
18 0.004019526299089193
19 0.0038598496466875076
20 0.004206707235425711
21 0.004067820496857166
22 0.003954906016588211
23 0.003928408958017826
24 0.0039817411452531815
25 0.0040431334637105465
26 0.0039610713720321655
27 0.003971511498093605
28 0.00405952287837863
29 0.0037491964176297188
30 0.004180476069450378
31 0.004040378145873547
32 0.0034787259064614773
33 0.0036622763145715
34 0.0035388360265642405
35 0.003941061906516552
36 0.003957930952310562
37 0.003764572087675333
38 0.004069858696311712
39 0.004002644680440426
40 0.004131759982556105
41 0.0036865579895675182
42 0.0038505769334733486
43 0.003908366896212101
44 0.0038298785220831633
45 0.003913977649062872
46 0.004218193236738443
47 0.004180528689175844
48 0.003918218892067671
49 0.0038413540460169315
50 0.004122062586247921
51 0.0034877238795161247
52 0.004294704645872116
53 0.0038517694920301437
54 0.004052034579217434
55 0.004045326262712479
56 0.004267123527824879
57 0.003782551735639572
58 0.0038456020411103964
59 0.003894244786351919
60 0.003787557827308774
61 0.003991746809333563
62 0.004241008311510086
63 0.003767695976421237
64 0.004016478545963764
65 0.003654599655419588
66 0.0037923643831163645
67 0.003836071351543069
68 0.0039792354218661785
69 0.0038741682656109333
70 0.0043088337406516075
71 0.003888555569574237
72 0.0037214767653495073
73 0.003562541911378503
74 0.003871594090014696
75 0.004171198233962059
76 0.0038877222687005997
77 0.0038584512658417225
78 0.0038534270133823156
79 0.0037450212985277176
80 0.003723250702023506
81 0.003883552271872759
82 0.0038954729679971933
83 0.0036877081729471684
84 0.0040499307215213776
85 0.0038631076458841562
86 0.003754659090191126
87 0.003499129554256797
88 0.003518549492582679
89 0.0037525289226323366
90 0.0041551170870661736
91 0.0037987488321959972
92 0.00373795791529119
93 0.003963763359934092
94 0.0036261728964746
95 0.0036499660927802324
96 0.004030485171824694
97 0.0043234266340732574
98 0.0036888383328914642
99 0.004072726704180241
100 0.0038657006807625294
101 0.004219407215714455
102 0.0033757437486201525
103 0.00414090184494853
104 0.0037344759330153465
105 0.004112073220312595
106 0.003863929072394967
107 0.004191386513411999
108 0.004050497431308031
109 0.003998263739049435
110 0.004107699263840914
111 0.0038535965140908957
112 0.0038385221268981695
113 0.004230393096804619
114 0.004047080874443054
115 0.0038503664545714855
116 0.0036603829357773066
117 0.004002843983471394
118 0.0036746144760400057
119 0.0037331583444029093
120 0.004244925919920206
121 0.004140515811741352
122 0.004337407648563385
123 0.004000603221356869
124 0.0041763982735574245
125 0.003977857995778322
126 0.004082753788679838
127 0.0038268587086349726
128 0.0035958285443484783
129 0.003615326713770628
130 0.0035940876696258783
131 0.003729461692273617
132 0.0038343388587236404
133 0.004047653172165155
134 0.0038501122035086155
135 0.0038333202246576548
136 0.0040837484411895275
137 0.00365857663564384
138 0.004029535222798586
139 0.003640440758317709
140 0.0038484809920191765
141 0.003532087430357933
142 0.004029746633023024
143 0.003718490479514003
144 0.0034273583441972733
145 0.004258034285157919
146 0.0039771543815732
147 0.003847049782052636
148 0.004196525551378727
149 0.003941067960113287
150 0.004098203498870134
151 0.004155551549047232
152 0.0038200891576707363
153 0.003919134847819805
154 0.004047690890729427
155 0.0035801371559500694
156 0.0037223484832793474
157 0.0037450797390192747
158 0.003878135932609439
159 0.0038258996792137623
160 0.0035418688785284758
161 0.0035266440827399492
162 0.0043418933637440205
163 0.0035470544826239347
164 0.0038282275199890137
165 0.003966531250625849
166 0.0038949272129684687
167 0.0038270815275609493
168 0.004150876309722662
169 0.004218858201056719
170 0.003879301715642214
171 0.003819502191618085
172 0.003842017613351345
173 0.0038273115642368793
174 0.003952416591346264
175 0.003891108790412545
176 0.004155338276177645
177 0.003522166982293129
178 0.0035717568825930357
179 0.003796427045017481
180 0.0038659973070025444
181 0.004267926327884197
182 0.004300713539123535
183 0.003941508010029793
184 0.004063047468662262
185 0.004096770193427801
186 0.003619688330218196
187 0.00375911733135581
188 0.003930528648197651
189 0.004241565242409706
190 0.004065670073032379
191 0.003703214693814516
192 0.003941982984542847
193 0.004093368072062731
194 0.004196864552795887
195 0.004460738971829414
196 0.004170328378677368
197 0.003827817738056183
198 0.0038239099085330963
199 0.00402262806892395
200 0.003900139359757304
201 0.004056048113852739
202 0.004068739712238312
203 0.003746640169993043
204 0.003797834739089012
205 0.003644387936219573
206 0.0036687867250293493
207 0.004016396589577198
208 0.004160593263804913
209 0.0041793715208768845
210 0.003878343617543578
211 0.004155134782195091
212 0.0036067459732294083
213 0.0038086033891886473
214 0.004240278620272875
215 0.003811664879322052
216 0.004027401562780142
217 0.004026006907224655
218 0.0038520675152540207
219 0.004059359431266785
220 0.003816245123744011
221 0.00397254666313529
222 0.003877919400110841
223 0.004225954879075289
224 0.003751115407794714
225 0.003698881948366761
226 0.004176991991698742
227 0.0037719469983130693
228 0.0040407199412584305
229 0.004177531227469444
230 0.003982604946941137
231 0.0041796425357460976
232 0.004098572302609682
233 0.0036867763847112656
234 0.0037543184589594603
235 0.0037991462741047144
236 0.0040374514646828175
237 0.0037764364387840033
238 0.0036262692883610725
239 0.004049127455800772
240 0.003938178066164255
241 0.003933651838451624
242 0.0038150798063725233
243 0.003769543254747987
244 0.003804918145760894
245 0.0038406106177717447
246 0.0042492845095694065
247 0.003984423819929361
248 0.003941759932786226
249 0.0035870373249053955
250 0.003716688370332122
251 0.00345659744925797
252 0.0037056023720651865
253 0.003687168937176466
254 0.0038640634156763554
255 0.0036723886150866747
