0 0.003933079075068235
1 0.0033875424414873123
2 0.0036961291916668415
3 0.0038131719920784235
4 0.004116799682378769
5 0.003903851844370365
6 0.0038242070004343987
7 0.004037606529891491
8 0.0038933781906962395
9 0.0033756832126528025
10 0.004364592023193836
11 0.0037903040647506714
12 0.0036116354167461395
13 0.0038378152530640364
14 0.00375551450997591
15 0.003923973999917507
16 0.0038442276418209076
17 0.003799616592004895
18 0.0037490336690098047
19 0.0041124578565359116
20 0.004191960673779249
21 0.004039190709590912
22 0.004036899656057358
23 0.0036815230268985033
24 0.0038732721004635096
25 0.004128530155867338
26 0.00396709842607379
27 0.004207890946418047
28 0.004119869787245989
29 0.004337876569479704
30 0.00413224333897233
31 0.003858885494992137
32 0.0038070164155215025
33 0.003519367426633835
34 0.003581011202186346
35 0.003963939845561981
36 0.004146610386669636
37 0.003658401081338525
38 0.004038421902805567
39 0.004381612874567509
40 0.0040360852144658566
41 0.003544809063896537
42 0.0037427290808409452
43 0.0038310429081320763
44 0.0037948365788906813
45 0.0038819098845124245
46 0.004178031347692013
47 0.004317191429436207
48 0.003947217017412186
49 0.0037059530150145292
50 0.003912397660315037
51 0.0036147949285805225
52 0.003967813681811094
53 0.0037845319602638483
54 0.0038399877957999706
55 0.004271726123988628
56 0.004053870216012001
57 0.003577236318960786
58 0.0036677757743746042
59 0.0038911644369363785
60 0.0036441741976886988
61 0.00396178662776947
62 0.004197502043098211
63 0.003841561498120427
64 0.003912599291652441
65 0.003835706040263176
66 0.003794862190261483
67 0.003802813356742263
68 0.0036074218805879354
69 0.0041414787992835045
70 0.004140586592257023
71 0.0039187343791127205
72 0.004105256870388985
73 0.0038995943032205105
74 0.003736756509169936
75 0.004305908922106028
76 0.00417261803522706
77 0.003703117836266756
78 0.0038283541798591614
79 0.00405038520693779
80 0.003666098229587078
81 0.004232552368193865
82 0.003725998103618622
83 0.00374354375526309
84 0.004228769801557064
85 0.0038728241343051195
86 0.00410850252956152
87 0.003916235640645027
88 0.0035731724929064512
89 0.003557199612259865
90 0.004177424591034651
91 0.0038648168556392193
92 0.0038251637015491724
93 0.004123613703995943
94 0.003717763815075159
95 0.003945387899875641
96 0.0038697817362844944
97 0.004234989173710346
98 0.0036496578250080347
99 0.00407194159924984
100 0.004075958393514156
101 0.004450632259249687
102 0.0035856901668012142
103 0.004019866231828928
104 0.003937012981623411
105 0.004228944890201092
106 0.003749134484678507
107 0.004278931301087141
108 0.004192918539047241
109 0.003936850465834141
110 0.003974094055593014
111 0.0038892310112714767
112 0.0038696678820997477
113 0.004321695305407047
114 0.004021989181637764
115 0.0038740825839340687
116 0.0041439346969127655
117 0.004059273283928633
118 0.0037987884134054184
119 0.004017792642116547
120 0.00431579165160656
121 0.0040864525362849236
122 0.004470072686672211
123 0.0037947415839880705
124 0.003980239853262901
125 0.003973218612372875
126 0.004164020996540785
127 0.004152692388743162
128 0.0035186917521059513
129 0.0036918134428560734
130 0.0037023562472313643
131 0.003686317475512624
132 0.004076465032994747
133 0.004087932873517275
134 0.003995744977146387
135 0.0035100316163152456
136 0.00430645514279604
137 0.0036943794693797827
138 0.004045420326292515
139 0.0038332082331180573
140 0.0037447302602231503
141 0.003624262288212776
142 0.003824287559837103
143 0.0036461567506194115
144 0.0035983407869935036
145 0.003870463464409113
146 0.00404985761269927
147 0.0038663800805807114
148 0.004120475612580776
149 0.0039429496973752975
150 0.003847709856927395
151 0.004155209753662348
152 0.003652054350823164
153 0.00392610440030694
154 0.003750008065253496
155 0.0036005484871566296
156 0.0037442706525325775
157 0.0035755077842622995
158 0.004033689387142658
159 0.003715447150170803
160 0.0038351009134203196
161 0.003779518650844693
162 0.004231810104101896
163 0.0036896811798214912
164 0.0037601799704134464
165 0.003955401014536619
166 0.00421376945450902
167 0.003975970204919577
168 0.004116999451071024
169 0.0040610721334815025
170 0.0038075295742601156
171 0.0037679090164601803
172 0.003781275125220418
173 0.003754350822418928
174 0.0038232251536101103
175 0.004006784409284592
176 0.0042708152905106544
177 0.0036088433116674423
178 0.0034683761186897755
179 0.0037829894572496414
180 0.003742110449820757
181 0.0041099716909229755
182 0.004024607129395008
183 0.0038759370800107718
184 0.0038415302988141775
185 0.004133650567382574
186 0.003744073212146759
187 0.003939024172723293
188 0.003925173543393612
189 0.0037436948623508215
190 0.003807598492130637
191 0.003676483640447259
192 0.0037160690408200026
193 0.003923000767827034
194 0.004178514704108238
195 0.004316298756748438
196 0.004226681776344776
197 0.0036927408073097467
198 0.003907598089426756
199 0.0037873773835599422
200 0.003506748005747795
201 0.004023947287350893
202 0.003829729510471225
203 0.003733526449650526
204 0.004037270788103342
205 0.003621466225013137
206 0.0036630851682275534
207 0.003862316720187664
208 0.003910295199602842
209 0.00399891147390008
210 0.003785138251259923
211 0.004227335099130869
212 0.0037754366640001535
213 0.003798407968133688
214 0.003826285945251584
215 0.004066399298608303
216 0.003798249876126647
217 0.0037410398945212364
218 0.0038331944961100817
219 0.003545696847140789
220 0.0040024081245064735
221 0.004016305785626173
222 0.003652599174529314
223 0.004340088926255703
224 0.0040226345881819725
225 0.0037129807751625776
226 0.00400396017357707
227 0.0037269487511366606
228 0.004135703667998314
229 0.004187959711998701
230 0.003930273465812206
231 0.004015448968857527
232 0.003774187294766307
233 0.0037343839649111032
234 0.0035766276996582747
235 0.0038630161434412003
236 0.004153558984398842
237 0.0036106889601796865
238 0.003886894788593054
239 0.004017673898488283
240 0.003917284309864044
241 0.004105438012629747
242 0.0039015866350382566
243 0.00375116104260087
244 0.0039644381031394005
245 0.0038058627396821976
246 0.004316109232604504
247 0.004041851963847876
248 0.0039534433744847775
249 0.003915410954505205
250 0.003863762831315398
251 0.00374009576626122
252 0.003810074646025896
253 0.0035645614843815565
254 0.003975740633904934
255 0.00390962976962328
