0 0.00396582530811429
1 0.0034331665374338627
2 0.00380941410548985
3 0.003872211556881666
4 0.004083857871592045
5 0.003989347722381353
6 0.004055536352097988
7 0.004034563899040222
8 0.004191935062408447
9 0.003564760321751237
10 0.00385398231446743
11 0.004006621427834034
12 0.00380676775239408
13 0.004075662232935429
14 0.003942716401070356
15 0.004013956058770418
16 0.0037633676547557116
17 0.0038942950777709484
18 0.003924680408090353
19 0.0038426294922828674
20 0.004225777927786112
21 0.004212259780615568
22 0.004033493809401989
23 0.003539563389495015
24 0.0038955595809966326
25 0.00416670273989439
26 0.003947865683585405
27 0.0038847809191793203
28 0.004147734493017197
29 0.003800502512603998
30 0.004136287607252598
31 0.003858559764921665
32 0.0037873941473662853
33 0.0037730582989752293
34 0.0036605687346309423
35 0.004112563095986843
36 0.003938143141567707
37 0.0038894619792699814
38 0.004068462178111076
39 0.004070175811648369
40 0.004224385600537062
41 0.00360123417340219
42 0.003771931631490588
43 0.003767124842852354
44 0.003651677630841732
45 0.003768457332625985
46 0.004214839078485966
47 0.004190121777355671
48 0.004030865151435137
49 0.0037771393544971943
50 0.004196672234684229
51 0.0036385476123541594
52 0.004123597871512175
53 0.0036017869133502245
54 0.003759633982554078
55 0.004050812218338251
56 0.004081432707607746
57 0.003795475699007511
58 0.003858764423057437
59 0.0038207804318517447
60 0.0038630280178040266
61 0.004002561327069998
62 0.0042648776434361935
63 0.004029715899378061
64 0.004009991884231567
65 0.003828694811090827
66 0.0036259787157177925
67 0.0038357339799404144
68 0.003933456726372242
69 0.004093470983207226
70 0.004190322011709213
71 0.004092768300324678
72 0.003939754329621792
73 0.0036028644535690546
74 0.0040514408610761166
75 0.004176675342023373
76 0.004163501318544149
77 0.0038566358853131533
78 0.003914169501513243
79 0.0037043984048068523
80 0.003781410399824381
81 0.004045567009598017
82 0.003682115813717246
83 0.003716487670317292
84 0.003926743287593126
85 0.0037637283094227314
86 0.003927669487893581
87 0.0038363069761544466
88 0.0035584275610744953
89 0.0037913175765424967
90 0.004238528665155172
91 0.004024636000394821
92 0.00372880045324564
93 0.00409878883510828
94 0.0038020657375454903
95 0.003853810718283057
96 0.003900929819792509
97 0.004051304887980223
98 0.0036489798221737146
99 0.0041113500483334064
100 0.003937244415283203
101 0.003874220885336399
102 0.003691717516630888
103 0.004220489878207445
104 0.0038257758133113384
105 0.004134961869567633
106 0.0037391462828963995
107 0.004419601988047361
108 0.004043652210384607
109 0.003815182950347662
110 0.004098538774996996
111 0.004115473944693804
112 0.003756155725568533
113 0.004204790573567152
114 0.0039570084773004055
115 0.003802249440923333
116 0.0038689158391207457
117 0.0037971229758113623
118 0.003752665827050805
119 0.003864614525809884
120 0.004061818588525057
121 0.0042984760366380215
122 0.004126318730413914
123 0.003978569991886616
124 0.004073922522366047
125 0.003779370104894042
126 0.00419249152764678
127 0.003942093811929226
128 0.0037765942979604006
129 0.003737054532393813
130 0.003866552608087659
131 0.0035848009865731
132 0.0038600654806941748
133 0.004451391287147999
134 0.003921379800885916
135 0.003819644683972001
136 0.004138447809964418
137 0.003597878385335207
138 0.004020983353257179
139 0.003859952325001359
140 0.003788256086409092
141 0.0036839640233665705
142 0.004099939484149218
143 0.0036827297881245613
144 0.0034786455798894167
145 0.004184004385024309
146 0.0037040747702121735
147 0.003926245495676994
148 0.003792023519054055
149 0.00384387350641191
150 0.003986455034464598
151 0.004228893201798201
152 0.0035434013698250055
153 0.004065859131515026
154 0.003701763693243265
155 0.003603802528232336
156 0.003726644441485405
157 0.003568885149434209
158 0.00411756057292223
159 0.003769372822716832
160 0.0038114539347589016
161 0.003792850999161601
162 0.004258402623236179
163 0.003690657438710332
164 0.0038890161085873842
165 0.003915167413651943
166 0.0038160509429872036
167 0.0038423154037445784
168 0.004274391569197178
169 0.004228338599205017
170 0.0038213059306144714
171 0.003728632815182209
172 0.0036333417519927025
173 0.0036542511079460382
174 0.003938282374292612
175 0.0038093491457402706
176 0.004141286946833134
177 0.0037990191485732794
178 0.00352924270555377
179 0.003737547667697072
180 0.0037743980064988136
181 0.004284640308469534
182 0.00403759628534317
183 0.0040059476159513
184 0.003958933055400848
185 0.003991749137639999
186 0.0037021483294665813
187 0.0036972530651837587
188 0.004054649733006954
189 0.003913429565727711
190 0.0037904519122093916
191 0.0036934446543455124
192 0.003907263744622469
193 0.0039871446788311005
194 0.004101424477994442
195 0.004134258255362511
196 0.004255838226526976
197 0.00378603208810091
198 0.0037480660248547792
199 0.004075389355421066
200 0.00384422461502254
201 0.003834252245724201
202 0.003965866286307573
203 0.0036507591139525175
204 0.0038284328766167164
205 0.003546287538483739
206 0.003765791654586792
207 0.003833519760519266
208 0.004079541657119989
209 0.003916801884770393
210 0.0036739464849233627
211 0.004120423924177885
212 0.0036765437107533216
213 0.003894955152645707
214 0.004043618682771921
215 0.004011809825897217
216 0.004083459265530109
217 0.0039001123514026403
218 0.0038560584653168917
219 0.003826520871371031
220 0.0038118327502161264
221 0.0039904252626001835
222 0.0036736158654093742
223 0.004167552571743727
224 0.0039051887579262257
225 0.004122430924326181
226 0.004075435921549797
227 0.003677460364997387
228 0.00399478804320097
229 0.004155048634856939
230 0.0038285658229142427
231 0.00416399585083127
232 0.0037755544763058424
233 0.003822327358648181
234 0.0036482401192188263
235 0.003816975513473153
236 0.003970740363001823
237 0.003779149614274502
238 0.0038067810237407684
239 0.003790547139942646
240 0.0039850445464253426
241 0.003847990883514285
242 0.0038155957590788603
243 0.0037750655319541693
244 0.003984665963798761
245 0.0038966131396591663
246 0.004163117613643408
247 0.003976199310272932
248 0.0040959520265460014
249 0.0037923790514469147
250 0.0036718621850013733
251 0.0037299864925444126
252 0.003920905292034149
253 0.0038568777963519096
254 0.003950693178921938
255 0.0036242506466805935
