0 0.00377549952827394
1 0.0034146360121667385
2 0.00398680567741394
3 0.003710884368047118
4 0.004214799497276545
5 0.003949564881622791
6 0.004144056234508753
7 0.0037492152769118547
8 0.0041642156429588795
9 0.0033754275646060705
10 0.003910892643034458
11 0.004075768869370222
12 0.0038164739962667227
13 0.003951549530029297
14 0.003928042016923428
15 0.003910762257874012
16 0.0038664827588945627
17 0.0038786716759204865
18 0.003822913160547614
19 0.0038278938736766577
20 0.0041976552456617355
21 0.003949698992073536
22 0.0040416475385427475
23 0.0037984608206897974
24 0.00396849075332284
25 0.003759073093533516
26 0.0039093769155442715
27 0.004095261450856924
28 0.004173215012997389
29 0.003924878779798746
30 0.0042639062739908695
31 0.0037703888956457376
32 0.0037129295524209738
33 0.0035494561307132244
34 0.003680702531710267
35 0.004193297121673822
36 0.003987996838986874
37 0.0038734013214707375
38 0.004100113175809383
39 0.004033082630485296
40 0.004155972506850958
41 0.0032510978635400534
42 0.0037593694869428873
43 0.0038952501490712166
44 0.0038070171140134335
45 0.0037200029473751783
46 0.004632384516298771
47 0.0040049441158771515
48 0.003818932455033064
49 0.0035930362064391375
50 0.004257061518728733
51 0.0037084727082401514
52 0.004027048125863075
53 0.003793387208133936
54 0.0037034510169178247
55 0.003987256437540054
56 0.00395152997225523
57 0.003916923422366381
58 0.003724725218489766
59 0.0038175988011062145
60 0.00362760154530406
61 0.003764411201700568
62 0.003976149018853903
63 0.003725645365193486
64 0.004195749294012785
65 0.0038789345417171717
66 0.003813191084191203
67 0.0039004955906420946
68 0.0037611285224556923
69 0.004395780619233847
70 0.003940989729017019
71 0.004062908701598644
72 0.003945587668567896
73 0.003906345926225185
74 0.003926046658307314
75 0.0039536552503705025
76 0.004234935622662306
77 0.0037560127675533295
78 0.003742535598576069
79 0.0038342345505952835
80 0.0037391146179288626
81 0.004169687163084745
82 0.0037433712277561426
83 0.003576757153496146
84 0.004061119630932808
85 0.003978079184889793
86 0.003536600386723876
87 0.004041861277073622
88 0.003535317024216056
89 0.0035356730222702026
90 0.004312914330512285
91 0.003990829456597567
92 0.004106501117348671
93 0.0042873406782746315
94 0.003663031617179513
95 0.003980475943535566
96 0.003712050151079893
97 0.004330542404204607
98 0.003812778042629361
99 0.004067922476679087
100 0.004039236344397068
101 0.004120039287954569
102 0.003941671922802925
103 0.004070932511240244
104 0.003997164778411388
105 0.00409659231081605
106 0.004093986935913563
107 0.0045693679712712765
108 0.004447875078767538
109 0.003936039749532938
110 0.004312032833695412
111 0.0035154318902641535
112 0.0037317697424441576
113 0.004507927689701319
114 0.0040205311961472034
115 0.0038182626012712717
116 0.0039058192633092403
117 0.004302079323679209
118 0.0036947268527001143
119 0.003964938689023256
120 0.003665206953883171
121 0.004098584875464439
122 0.004253328777849674
123 0.0034836377017199993
124 0.004211640451103449
125 0.003966567572206259
126 0.004215312656015158
127 0.0038549620658159256
128 0.0035012378357350826
129 0.0036450328771024942
130 0.003806981723755598
131 0.003943528048694134
132 0.003965376876294613
133 0.004271526820957661
134 0.0038470884319394827
135 0.0036897410172969103
136 0.004527614451944828
137 0.0038355225697159767
138 0.004138805903494358
139 0.004019381478428841
140 0.003813592717051506
141 0.0038102613762021065
142 0.003745739348232746
143 0.003870068583637476
144 0.0035984828136861324
145 0.003945494070649147
146 0.0037205342669039965
147 0.004053022246807814
148 0.003953948616981506
149 0.004147280938923359
150 0.003878992283716798
151 0.0039474633522331715
152 0.003587934887036681
153 0.003736558137461543
154 0.004048848524689674
155 0.0033656922169029713
156 0.004026341717690229
157 0.0036350979935377836
158 0.003920898772776127
159 0.0036619165912270546
160 0.003624060656875372
161 0.0038133454509079456
162 0.0041558630764484406
163 0.004014679696410894
164 0.0036770175211131573
165 0.003922589123249054
166 0.003915274515748024
167 0.003976806998252869
168 0.004083271138370037
169 0.004132202360779047
170 0.003434076439589262
171 0.0038108311127871275
172 0.0038206251338124275
173 0.0037620910443365574
174 0.004112101159989834
175 0.0039061205461621284
176 0.0040119909681379795
177 0.004094542469829321
178 0.0034510595723986626
179 0.003725087270140648
180 0.003811471862718463
181 0.0042232489213347435
182 0.003676189575344324
183 0.0037761786952614784
184 0.003976772073656321
185 0.004233138635754585
186 0.0033978947903960943
187 0.0038753233384341
188 0.003856309689581394
189 0.003802947700023651
190 0.003800591453909874
191 0.003870908170938492
192 0.0038596319500356913
193 0.0037964237853884697
194 0.004305683076381683
195 0.004008572082966566
196 0.004311164375394583
197 0.003680734196677804
198 0.0037216031923890114
199 0.003645342541858554
200 0.0038389579858630896
201 0.0036068190820515156
202 0.004066014662384987
203 0.003992687910795212
204 0.003809814341366291
205 0.003652465296909213
206 0.003887878730893135
207 0.004097490105777979
208 0.003919241949915886
209 0.003923610784113407
210 0.0036669690161943436
211 0.0041017248295247555
212 0.0037578889168798923
213 0.0036416524089872837
214 0.004022290930151939
215 0.0038676552940160036
216 0.0038223981391638517
217 0.004209624137729406
218 0.003838589182123542
219 0.0036410975735634565
220 0.0038474861066788435
221 0.0040754834190011024
222 0.003626900725066662
223 0.004076156299561262
224 0.003924461547285318
225 0.004003903828561306
226 0.0039378441870212555
227 0.0038589434698224068
228 0.003914262168109417
229 0.004032809752970934
230 0.00386145175434649
231 0.00432968745008111
232 0.0036227721720933914
233 0.003796081757172942
234 0.004080296494066715
235 0.0038114208728075027
236 0.003992860205471516
237 0.0036947280168533325
238 0.00372594827786088
239 0.0043396553955972195
240 0.0038829047698527575
241 0.0040265475399792194
242 0.004084226209670305
243 0.004067505709826946
244 0.003855936462059617
245 0.0038716981653124094
246 0.0037779442500323057
247 0.004235052969306707
248 0.004002609755843878
249 0.004129271488636732
250 0.0036869612522423267
251 0.003480487037450075
252 0.0037773840595036745
253 0.0035826454404741526
254 0.003817025339230895
255 0.003726980881765485
