0 0.003764904337003827
1 0.003383816685527563
2 0.0037884325720369816
3 0.0038676538970321417
4 0.0040924507193267345
5 0.00382696813903749
6 0.003914430737495422
7 0.003989843185991049
8 0.004248194862157106
9 0.0035425671376287937
10 0.004037436563521624
11 0.0036538157146424055
12 0.003815536620095372
13 0.0038635546807199717
14 0.0039749001152813435
15 0.0039796000346541405
16 0.004015378188341856
17 0.003883285680785775
18 0.0036681753117591143
19 0.0037476462312042713
20 0.0038477140478789806
21 0.004278803244233131
22 0.003861213568598032
23 0.0038078881334513426
24 0.0039044134318828583
25 0.003789879847317934
26 0.0038417454343289137
27 0.003841974074020982
28 0.004100165795534849
29 0.003734853118658066
30 0.004228223115205765
31 0.003941834904253483
32 0.003558204509317875
33 0.003664344549179077
34 0.003626633668318391
35 0.0039922865107655525
36 0.004149711225181818
37 0.0037525577936321497
38 0.003915299661457539
39 0.004236913751810789
40 0.003905152203515172
41 0.0034336524549871683
42 0.0038193045184016228
43 0.0038242805749177933
44 0.004001835361123085
45 0.00395984249189496
46 0.004285357426851988
47 0.0043103196658194065
48 0.004003078211098909
49 0.0039041899144649506
50 0.004235635511577129
51 0.003473732154816389
52 0.004236551932990551
53 0.0038425454404205084
54 0.00397619791328907
55 0.0038091507740318775
56 0.004026864655315876
57 0.0038057328201830387
58 0.0038603285793215036
59 0.0037182283122092485
60 0.003783345688134432
61 0.004037788137793541
62 0.0041747428476810455
63 0.0037655304186046124
64 0.004062152002006769
65 0.003692429279908538
66 0.004002089146524668
67 0.004069106187671423
68 0.003864716738462448
69 0.004105689469724894
70 0.00404545571655035
71 0.003971832804381847
72 0.0038557942025363445
73 0.00363849475979805
74 0.003893323941156268
75 0.004387605004012585
76 0.003983138594776392
77 0.003844557097181678
78 0.003882867516949773
79 0.0035964834969490767
80 0.0038437515031546354
81 0.00398173788562417
82 0.003832237794995308
83 0.0035949687007814646
84 0.004298163577914238
85 0.0037741870619356632
86 0.003857631469145417
87 0.0039105792529881
88 0.0034673938062042
89 0.0039106616750359535
90 0.0038696385454386473
91 0.004131651949137449
92 0.003982688765972853
93 0.004124940373003483
94 0.0038279860746115446
95 0.003836828749626875
96 0.003952723927795887
97 0.004246619530022144
98 0.0038540808018296957
99 0.003984929993748665
100 0.0037690196186304092
101 0.00414666160941124
102 0.0036352507304400206
103 0.004112372640520334
104 0.003577205818146467
105 0.004159217234700918
106 0.0037161337677389383
107 0.004162552300840616
108 0.004446287173777819
109 0.0039410642348229885
110 0.0038961737882345915
111 0.003740878775715828
112 0.0038414776790887117
113 0.004455359652638435
114 0.00390083366073668
115 0.003813787829130888
116 0.0037072021514177322
117 0.004073947202414274
118 0.003804741194471717
119 0.0038792137056589127
120 0.003833817085251212
121 0.004255407955497503
122 0.004479218274354935
123 0.0037682349793612957
124 0.004072351381182671
125 0.003865969367325306
126 0.0044325594790279865
127 0.0037932104896754026
128 0.0035389636177569628
129 0.0037540546618402004
130 0.0037039571907371283
131 0.0036250916309654713
132 0.0038893248420208693
133 0.004059238359332085
134 0.003953017760068178
135 0.0036235926672816277
136 0.004355799872428179
137 0.0037750157061964273
138 0.0040309494361281395
139 0.003715560305863619
140 0.003661123104393482
141 0.0035000299103558064
142 0.003846741747111082
143 0.00396821228787303
144 0.003506464185193181
145 0.004131476394832134
146 0.003867673221975565
147 0.00415842654183507
148 0.003975765313953161
149 0.003947992343455553
150 0.0037846656050533056
151 0.004094249103218317
152 0.003674496663734317
153 0.003966907970607281
154 0.003928829450160265
155 0.003584976075217128
156 0.0039065866731107235
157 0.0037858099676668644
158 0.004201971925795078
159 0.0038442499935626984
160 0.0036987275816500187
161 0.003662205534055829
162 0.004048639442771673
163 0.003536669770255685
164 0.0035913933534175158
165 0.003919830545783043
166 0.003899646457284689
167 0.00401024054735899
168 0.004434400703758001
169 0.004233112558722496
170 0.004012828227132559
171 0.0038353214040398598
172 0.0038263266906142235
173 0.00388989201746881
174 0.004077957011759281
175 0.003998584114015102
176 0.0042360518127679825
177 0.003673824016004801
178 0.0034408720675855875
179 0.00347031163983047
180 0.003898856695741415
181 0.004129271954298019
182 0.004156961105763912
183 0.0038946690037846565
184 0.003998809494078159
185 0.004243240691721439
186 0.0036413019988685846
187 0.0038892547599971294
188 0.003936060704290867
189 0.0037643746472895145
190 0.0038224856834858656
191 0.003783636260777712
192 0.0038437391631305218
193 0.00409136526286602
194 0.0042374650947749615
195 0.004427495878189802
196 0.004271172918379307
197 0.003655087435618043
198 0.0038984157145023346
199 0.0037592535372823477
200 0.003853333881124854
201 0.0038623500149697065
202 0.004056607838720083
203 0.0038116825744509697
204 0.0039295325987041
205 0.003691013902425766
206 0.003725942224264145
207 0.004150012973695993
208 0.004063382279127836
209 0.004118495155125856
210 0.003569750115275383
211 0.004348220303654671
212 0.0034561622887849808
213 0.003836741903796792
214 0.004130896646529436
215 0.0040626078844070435
216 0.004121225792914629
217 0.004018304403871298
218 0.0038618321996182203
219 0.003933597356081009
220 0.0038887877017259598
221 0.004100710153579712
222 0.0036415448412299156
223 0.004175902809947729
224 0.003825424239039421
225 0.0038894389290362597
226 0.0038898615166544914
227 0.00388396717607975
228 0.004137840121984482
229 0.004037187900394201
230 0.00393286207690835
231 0.004110237117856741
232 0.0037675697822123766
233 0.0036069683264940977
234 0.003823727834969759
235 0.003718914231285453
236 0.003969133831560612
237 0.003709207521751523
238 0.0036003864370286465
239 0.004030260257422924
240 0.003975555766373873
241 0.004049581941217184
242 0.003938831854611635
243 0.003723782254382968
244 0.0037911098916083574
245 0.0037970442790538073
246 0.003956569358706474
247 0.004107377957552671
248 0.004254456609487534
249 0.0037745838053524494
250 0.003817560151219368
251 0.0035980099346488714
252 0.0038458998315036297
253 0.0035893074236810207
254 0.003807205008342862
255 0.003644615411758423
