0 0.0038206311874091625
1 0.0034714434295892715
2 0.0038990469183772802
3 0.003968194592744112
4 0.004221114329993725
5 0.003940768539905548
6 0.004043920896947384
7 0.004313957877457142
8 0.00424924585968256
9 0.003630439518019557
10 0.004140457138419151
11 0.004015428479760885
12 0.0036854827776551247
13 0.0038346846122294664
14 0.0038262854795902967
15 0.003766583278775215
16 0.003979051951318979
17 0.003849476808682084
18 0.003580643329769373
19 0.003962405491620302
20 0.004022689536213875
21 0.004202820360660553
22 0.003935736604034901
23 0.0037217228673398495
24 0.003995208535343409
25 0.00397443724796176
26 0.0038819536566734314
27 0.0038973409682512283
28 0.0037880074232816696
29 0.003942813258618116
30 0.004156941082328558
31 0.003899219213053584
32 0.0037731861229985952
33 0.0037039483431726694
34 0.003618665039539337
35 0.00408967537805438
36 0.0039427876472473145
37 0.0037721777334809303
38 0.004027314484119415
39 0.003955264110118151
40 0.004120886791497469
41 0.0034682024270296097
42 0.003776502562686801
43 0.0037828704807907343
44 0.003778500249609351
45 0.0038286536000669003
46 0.004282087553292513
47 0.0042499047704041
48 0.003878270974382758
49 0.0038626098539680243
50 0.004143513739109039
51 0.0034804583992809057
52 0.0041392347775399685
53 0.003732097102329135
54 0.003867099992930889
55 0.0037591957952827215
56 0.004155359230935574
57 0.0037906088400632143
58 0.0039580995216965675
59 0.004016806837171316
60 0.0036727467086166143
61 0.004061718937009573
62 0.0042397934012115
63 0.003940152935683727
64 0.0040906076319515705
65 0.003970238845795393
66 0.003806585678830743
67 0.0038374816067516804
68 0.0038947619032114744
69 0.004026396200060844
70 0.004079748876392841
71 0.003934126812964678
72 0.00398221705108881
73 0.0038721554446965456
74 0.003866553073748946
75 0.004351475741714239
76 0.00430878484621644
77 0.0037475384306162596
78 0.004049560055136681
79 0.003867196850478649
80 0.0036969019565731287
81 0.004233102314174175
82 0.0037352510262280703
83 0.003666769480332732
84 0.003996632061898708
85 0.0037820495199412107
86 0.003824900835752487
87 0.0037802872247993946
88 0.0034812951926141977
89 0.0037792271468788385
90 0.004067630507051945
91 0.004145574290305376
92 0.0039116013795137405
93 0.004332064650952816
94 0.003750656498596072
95 0.003913193009793758
96 0.0038664520252496004
97 0.003952556289732456
98 0.0037560048513114452
99 0.004083229694515467
100 0.003840936115011573
101 0.00398251973092556
102 0.003805700456723571
103 0.0041811829432845116
104 0.0036511565558612347
105 0.004122340120375156
106 0.0038873774465173483
107 0.004350968636572361
108 0.004153355024755001
109 0.0037684752605855465
110 0.004198463633656502
111 0.003951529040932655
112 0.0036655364092439413
113 0.004412567708641291
114 0.0038551525212824345
115 0.00366929080337286
116 0.0038386087398976088
117 0.003932327497750521
118 0.0036750826984643936
119 0.003810449503362179
120 0.003965641371905804
121 0.004232905339449644
122 0.004313034471124411
123 0.003833994036540389
124 0.004074924625456333
125 0.00394810177385807
126 0.004185545723885298
127 0.003883772762492299
128 0.003763077547773719
129 0.0037385476753115654
130 0.003685250412672758
131 0.003765460103750229
132 0.00397091917693615
133 0.004337304271757603
134 0.0037661122623831034
135 0.0035975254140794277
136 0.004249055869877338
137 0.003875675378367305
138 0.0040104263462126255
139 0.004024735186249018
140 0.0037540628109127283
141 0.0035907754208892584
142 0.003950428683310747
143 0.0038279376458376646
144 0.003596303518861532
145 0.004052115138620138
146 0.00388335925526917
147 0.0038340846076607704
148 0.0038502824027091265
149 0.0037343695294111967
150 0.003872027387842536
151 0.004157991148531437
152 0.003529878566041589
153 0.004058901220560074
154 0.003648101119324565
155 0.0036462489515542984
156 0.003727699164301157
157 0.0035990336909890175
158 0.004072175826877356
159 0.003933724947273731
160 0.0038642592262476683
161 0.003753094933927059
162 0.004084684886038303
163 0.003707634750753641
164 0.0036524690221995115
165 0.00401703454554081
166 0.0038666233886033297
167 0.0038067293353378773
168 0.004214785527437925
169 0.004164435435086489
170 0.0038953544571995735
171 0.0038595644291490316
172 0.0038571367040276527
173 0.003585756290704012
174 0.0040192920714616776
175 0.0038646541070193052
176 0.004278506617993116
177 0.003904701443389058
178 0.003562911646440625
179 0.0038654825184494257
180 0.003774766344577074
181 0.004191204439848661
182 0.00399666465818882
183 0.00404689135029912
184 0.003934565000236034
185 0.003920553717762232
186 0.0036133129615336657
187 0.0038581115659326315
188 0.003804878331720829
189 0.003834774252027273
190 0.003785638138651848
191 0.003756979713216424
192 0.003798682941123843
193 0.003934510983526707
194 0.004087029956281185
195 0.003947120159864426
196 0.004085519816726446
197 0.003827896900475025
198 0.0038393728900700808
199 0.003926556091755629
200 0.00380070973187685
201 0.003574721748009324
202 0.004048817791044712
203 0.0036637166049331427
204 0.003989195916801691
205 0.0037498073652386665
206 0.0038238440174609423
207 0.004090427421033382
208 0.004161729943007231
209 0.003997675608843565
210 0.003667340148240328
211 0.0038211243227124214
212 0.003722370835021138
213 0.0038376026786863804
214 0.004084102343767881
215 0.004026033449918032
216 0.00396242318674922
217 0.003999055828899145
218 0.003832618473097682
219 0.00395709415897727
220 0.0038713738322257996
221 0.0040190271101891994
222 0.0036739662755280733
223 0.004160979297012091
224 0.0038675505202263594
225 0.004031340591609478
226 0.0041185771115124226
227 0.0036453879438340664
228 0.0038074275944381952
229 0.004288707859814167
230 0.0038072513416409492
231 0.004196797031909227
232 0.003901573596522212
233 0.003920326475054026
234 0.003878670046105981
235 0.0037259601522237062
236 0.004001356195658445
237 0.003766955342143774
238 0.00397041579708457
239 0.00399149302393198
240 0.0039720479398965836
241 0.003852486377581954
242 0.003808568697422743
243 0.0036060058046132326
244 0.0039548673667013645
245 0.003868027124553919
246 0.004006521310657263
247 0.00394437275826931
248 0.0041099367663264275
249 0.0037739870604127645
250 0.0036002597771584988
251 0.003528804751113057
252 0.003841129830107093
253 0.0038168218452483416
254 0.004069441929459572
255 0.003779175691306591
