0 0.0041956775821745396
1 0.003291893284767866
2 0.0037493458949029446
3 0.003976513631641865
4 0.004141959361732006
5 0.003791682654991746
6 0.004127986263483763
7 0.003964651376008987
8 0.004234968218952417
9 0.0035165436565876007
10 0.004157236777245998
11 0.0038143566343933344
12 0.0037258488591760397
13 0.003914331551641226
14 0.0040540266782045364
15 0.003761258441954851
16 0.004068516194820404
17 0.003725901711732149
18 0.0037922346964478493
19 0.004023213405162096
20 0.004027560818940401
21 0.003931308630853891
22 0.004149847663938999
23 0.0035741592291742563
24 0.004115782678127289
25 0.0042599840089678764
26 0.004106464330106974
27 0.003832558635622263
28 0.004151198081672192
29 0.0038521001115441322
30 0.004331949632614851
31 0.003934334497898817
32 0.0037430699449032545
33 0.003709500189870596
34 0.003501966129988432
35 0.00408356124535203
36 0.004304897040128708
37 0.0037316707894206047
38 0.003869734238833189
39 0.004356785677373409
40 0.004147292580455542
41 0.0033244977239519358
42 0.0037743428256362677
43 0.003760003484785557
44 0.00396772800013423
45 0.003894967958331108
46 0.004294889513403177
47 0.004236504901200533
48 0.004059529863297939
49 0.00386232347227633
50 0.004141735378652811
51 0.003521449165418744
52 0.0040605319663882256
53 0.003952786326408386
54 0.003933708183467388
55 0.004443462938070297
56 0.004360705614089966
57 0.003576755290850997
58 0.003915970213711262
59 0.003687892109155655
60 0.0035988104064017534
61 0.004148905631154776
62 0.0043388912454247475
63 0.003660585731267929
64 0.003666355274617672
65 0.004024493508040905
66 0.003957174252718687
67 0.0038657300174236298
68 0.003960657399147749
69 0.003944750409573317
70 0.004356433637440205
71 0.0037131772842258215
72 0.0038304945919662714
73 0.0036656567826867104
74 0.0036809316370636225
75 0.004264680203050375
76 0.004277732688933611
77 0.003983053378760815
78 0.0037906013894826174
79 0.0038130045868456364
80 0.003549249144271016
81 0.003888071049004793
82 0.0039765373803675175
83 0.003631849307566881
84 0.003911320120096207
85 0.0039638327434659
86 0.0038050243165344
87 0.003772216849029064
88 0.0037025550846010447
89 0.0036088810302317142
90 0.003939030226320028
91 0.003963259514421225
92 0.003959284629672766
93 0.004242599476128817
94 0.003976382780820131
95 0.0037726410664618015
96 0.003765315981581807
97 0.0042564827017486095
98 0.003498587990179658
99 0.0041288286447525024
100 0.004111253656446934
101 0.0039772167801856995
102 0.003599212970584631
103 0.004412239417433739
104 0.0037617902271449566
105 0.0038718420546501875
106 0.003543601604178548
107 0.004670840222388506
108 0.0043067242950201035
109 0.0037948754616081715
110 0.004098564386367798
111 0.0037196017801761627
112 0.0035883886739611626
113 0.00398960430175066
114 0.004011527169495821
115 0.0037792660295963287
116 0.004043526016175747
117 0.00399317080155015
118 0.003469495801255107
119 0.00381146976724267
120 0.004196769557893276
121 0.004106651991605759
122 0.004381215199828148
123 0.0038789967074990273
124 0.004022653214633465
125 0.003925935830920935
126 0.004203279037028551
127 0.003846813691779971
128 0.0035693033132702112
129 0.003680459689348936
130 0.0035395463928580284
131 0.003523952327668667
132 0.0038337325677275658
133 0.004217284265905619
134 0.0039468733593821526
135 0.0036310998257249594
136 0.004439276643097401
137 0.003944589290767908
138 0.003942023031413555
139 0.004060286562889814
140 0.003589726984500885
141 0.0035878054331988096
142 0.004009000025689602
143 0.003679654560983181
144 0.00355279422365129
145 0.003995540086179972
146 0.003960069268941879
147 0.003606737358495593
148 0.003982634283602238
149 0.0038120646495372057
150 0.0038983426056802273
151 0.004138267133384943
152 0.0037857883144170046
153 0.0038051200099289417
154 0.003783554071560502
155 0.0033615638967603445
156 0.003644292475655675
157 0.0037368081975728273
158 0.0036809213925153017
159 0.003693863283842802
160 0.003676117630675435
161 0.003898430848494172
162 0.004488194826990366
163 0.0033640761394053698
164 0.003882279619574547
165 0.004027631599456072
166 0.004185216035693884
167 0.003935188055038452
168 0.004065842367708683
169 0.0039009731262922287
170 0.0035712833050638437
171 0.003757333382964134
172 0.003716553095728159
173 0.0037231803871691227
174 0.004049326293170452
175 0.003937147092074156
176 0.004217294044792652
177 0.00371325621381402
178 0.003469089511781931
179 0.003600839991122484
180 0.004015836864709854
181 0.004153985995799303
182 0.004232904873788357
183 0.00394257390871644
184 0.003967174794524908
185 0.004094588570296764
186 0.0036401068791747093
187 0.003935379441827536
188 0.003955218009650707
189 0.004019994754344225
190 0.003963429015129805
191 0.0038403526414185762
192 0.003894236870110035
193 0.003975123167037964
194 0.004136499483138323
195 0.004284321796149015
196 0.004279534798115492
197 0.003751801559701562
198 0.003958362154662609
199 0.004159629810601473
200 0.0037584705278277397
201 0.004038037732243538
202 0.004010108299553394
203 0.003788283560425043
204 0.003585169790312648
205 0.0037316347006708384
206 0.0037985509261488914
207 0.0038038352504372597
208 0.003964482806622982
209 0.004000754561275244
210 0.0036968435160815716
211 0.004085267428308725
212 0.0036869721952825785
213 0.0039261807687580585
214 0.004016597289592028
215 0.003960221074521542
216 0.004130842164158821
217 0.004168987274169922
218 0.0038612450007349253
219 0.0036015426740050316
220 0.0038393656723201275
221 0.004067898262292147
222 0.003810787107795477
223 0.004172114189714193
224 0.0035639042034745216
225 0.0036023061256855726
226 0.004244441632181406
227 0.0036602576728910208
228 0.004223883617669344
229 0.0041894931346178055
230 0.003855076152831316
231 0.004171847365796566
232 0.0038895176257938147
233 0.003746842732653022
234 0.0035959987435489893
235 0.00394879374653101
236 0.003992730285972357
237 0.003912162035703659
238 0.0036182699259370565
239 0.003851991379633546
240 0.004068352747708559
241 0.003982396796345711
242 0.003904034849256277
243 0.0036540671717375517
244 0.004069861024618149
245 0.0036801216192543507
246 0.004294080194085836
247 0.003986337687820196
248 0.003940625116229057
249 0.003711824771016836
250 0.0035704579204320908
251 0.0036439388059079647
252 0.003923200070858002
253 0.0035879863426089287
254 0.004038836807012558
255 0.003874686313793063
