0 0.003910308703780174
1 0.003412781050428748
2 0.003922183997929096
3 0.003771872026845813
4 0.004201770294457674
5 0.00388846592977643
6 0.00407152296975255
7 0.00387679785490036
8 0.004113661125302315
9 0.003549486631527543
10 0.003970961086452007
11 0.0038994986098259687
12 0.0036956537514925003
13 0.004027555231004953
14 0.003960212226957083
15 0.004006581846624613
16 0.003938375972211361
17 0.003992489073425531
18 0.0037747255992144346
19 0.003948278725147247
20 0.004059240687638521
21 0.004148594569414854
22 0.003922011703252792
23 0.003701804904267192
24 0.0037957471795380116
25 0.004170620813965797
26 0.00394492968916893
27 0.004015685059130192
28 0.004104306921362877
29 0.004025753121823072
30 0.004213541746139526
31 0.003908498212695122
32 0.003536850679665804
33 0.0036916499957442284
34 0.0035880114883184433
35 0.00426508579403162
36 0.004184924066066742
37 0.003837427357211709
38 0.00391137320548296
39 0.004077783320099115
40 0.004040136933326721
41 0.0035362979397177696
42 0.0038710434455424547
43 0.0037653937470167875
44 0.004001022316515446
45 0.003679330460727215
46 0.004196649882942438
47 0.004219964146614075
48 0.003991381730884314
49 0.003724017646163702
50 0.0040679313242435455
51 0.003477721009403467
52 0.004093629773706198
53 0.0037430881056934595
54 0.0038611460477113724
55 0.004065552726387978
56 0.003935278858989477
57 0.003642094787210226
58 0.0036729408893734217
59 0.0036284809466451406
60 0.003979170229285955
61 0.003947196528315544
62 0.004309288691729307
63 0.0036955312825739384
64 0.004100843332707882
65 0.003990465309470892
66 0.003885720856487751
67 0.003876080736517906
68 0.0037031841930001974
69 0.004065856337547302
70 0.004251913167536259
71 0.004010275937616825
72 0.003942517563700676
73 0.0035592098720371723
74 0.0038561078254133463
75 0.004222414921969175
76 0.003980238921940327
77 0.003979423549026251
78 0.003996883984655142
79 0.003551698522642255
80 0.0034645413979887962
81 0.003990103490650654
82 0.0038855653256177902
83 0.00388145144097507
84 0.004042808432132006
85 0.003982398193329573
86 0.003611460328102112
87 0.003911720123142004
88 0.003657842753455043
89 0.0036930611822754145
90 0.004109418950974941
91 0.0038602047134190798
92 0.004111176822334528
93 0.004093163181096315
94 0.003623653668910265
95 0.0038600307889282703
96 0.0038389903493225574
97 0.004368083085864782
98 0.00395694375038147
99 0.004026494454592466
100 0.003953084349632263
101 0.004050584975630045
102 0.003861411940306425
103 0.003992903977632523
104 0.003738071070984006
105 0.00420022988691926
106 0.003806793363764882
107 0.004322642460465431
108 0.004343079403042793
109 0.003772077150642872
110 0.003962810151278973
111 0.0038205496966838837
112 0.00382825406268239
113 0.004469157196581364
114 0.004009815864264965
115 0.0038467079866677523
116 0.00384204532019794
117 0.0038750995881855488
118 0.0036210964899510145
119 0.0038941767998039722
120 0.003775832010433078
121 0.0040559847839176655
122 0.00444837985560298
123 0.003839620156213641
124 0.004064236301928759
125 0.00398778123781085
126 0.004318854305893183
127 0.003648275276646018
128 0.00361236953176558
129 0.0036108873318880796
130 0.003815410193055868
131 0.0036631415132433176
132 0.003917142283171415
133 0.004341771360486746
134 0.0038243618328124285
135 0.0035437324550002813
136 0.0043894946575164795
137 0.003931674640625715
138 0.0039441813714802265
139 0.003939677495509386
140 0.003952215425670147
141 0.003517576726153493
142 0.004019254818558693
143 0.003800428006798029
144 0.0035558908712118864
145 0.004128071945160627
146 0.0037567431572824717
147 0.0037970596458762884
148 0.003925745841115713
149 0.004000977147370577
150 0.003989847842603922
151 0.0040451521053910255
152 0.0037633576430380344
153 0.004038629122078419
154 0.003962005954235792
155 0.0035274787805974483
156 0.004033487755805254
157 0.0036296823527663946
158 0.003877878189086914
159 0.0039126453921198845
160 0.0037413369864225388
161 0.003667473327368498
162 0.00427720183506608
163 0.003699325490742922
164 0.0038603448774665594
165 0.0038486092817038298
166 0.0038401198107749224
167 0.003869042033329606
168 0.004210455808788538
169 0.003925986122339964
170 0.003757826518267393
171 0.0038716658018529415
172 0.0035442274529486895
173 0.0038598477840423584
174 0.003884017001837492
175 0.003925458528101444
176 0.004252141807228327
177 0.003879775293171406
178 0.0036867856979370117
179 0.003482106374576688
180 0.0038365882355719805
181 0.0041003539226949215
182 0.004065702669322491
183 0.0037826793268322945
184 0.0039099412970244884
185 0.004184949677437544
186 0.003459322964772582
187 0.003865206614136696
188 0.003885696642100811
189 0.0039269085973501205
190 0.003964385949075222
191 0.0038528561126440763
192 0.003929544240236282
193 0.004023225512355566
194 0.004357113502919674
195 0.004184693098068237
196 0.004189361818134785
197 0.0037843077443540096
198 0.003824494080618024
199 0.003999409731477499
200 0.003842293983325362
201 0.003857295261695981
202 0.0040872301906347275
203 0.003817541990429163
204 0.0037035662680864334
205 0.0035634213127195835
206 0.003948194440454245
207 0.004072865936905146
208 0.004022547509521246
209 0.004148606210947037
210 0.0036056693643331528
211 0.0039404877461493015
212 0.0036612185649573803
213 0.0038134814240038395
214 0.004143870901316404
215 0.004043938126415014
216 0.0038739668671041727
217 0.0041966671124100685
218 0.0038536861538887024
219 0.003649283666163683
220 0.0038251192308962345
221 0.004200059920549393
222 0.0035744132474064827
223 0.004149467684328556
224 0.0038679682184010744
225 0.0038833690341562033
226 0.00411488302052021
227 0.0037956254091113806
228 0.003937332890927792
229 0.00431386474519968
230 0.00368121056817472
231 0.004246436059474945
232 0.003464852459728718
233 0.0037556167226284742
234 0.0038439768832176924
235 0.003736478742212057
236 0.004095453768968582
237 0.0037662219256162643
238 0.0036743509117513895
239 0.004060804843902588
240 0.0038834866136312485
241 0.003986632451415062
242 0.003869031323119998
243 0.003818385535851121
244 0.003782109823077917
245 0.0037980135530233383
246 0.004031791351735592
247 0.004233337938785553
248 0.004143060185015202
249 0.003956886939704418
250 0.003619073424488306
251 0.00361050758510828
252 0.003878273768350482
253 0.0036585063207894564
254 0.0036600332241505384
255 0.0037862539757043123
