0 0.004081555176526308
1 0.0033709509298205376
2 0.003762316657230258
3 0.0038633865769952536
4 0.004358269274234772
5 0.003915333654731512
6 0.004175384528934956
7 0.004150757100433111
8 0.0040897647850215435
9 0.0037641425151377916
10 0.004105875734239817
11 0.003983562346547842
12 0.003653253661468625
13 0.003954565618187189
14 0.003832944668829441
15 0.0037046498619019985
16 0.003890171879902482
17 0.003983568400144577
18 0.003934050444513559
19 0.003939996939152479
20 0.004100475925952196
21 0.004001030698418617
22 0.003983626142144203
23 0.0037720336113125086
24 0.003981165122240782
25 0.00410577142611146
26 0.004046088084578514
27 0.0040703644044697285
28 0.004162136930972338
29 0.003912382759153843
30 0.0042776684276759624
31 0.003853187197819352
32 0.0038402664940804243
33 0.0034565210808068514
34 0.0036657066084444523
35 0.003950000740587711
36 0.004010666627436876
37 0.003820834681391716
38 0.004256734624505043
39 0.004136795178055763
40 0.0040116379968822
41 0.0034586831461638212
42 0.003847335232421756
43 0.0038009898271411657
44 0.003838909324258566
45 0.004091374110430479
46 0.004333127290010452
47 0.0040976786985993385
48 0.004063702654093504
49 0.0036683164071291685
50 0.0040894499979913235
51 0.0036865826696157455
52 0.004080962389707565
53 0.0036363492254167795
54 0.0036235088482499123
55 0.004152803681790829
56 0.004044827539473772
57 0.003758785780519247
58 0.0036985022015869617
59 0.003658246947452426
60 0.003706312505528331
61 0.003907404839992523
62 0.0042959339916706085
63 0.003658295376226306
64 0.0040231612510979176
65 0.0037770180497318506
66 0.0038159077521413565
67 0.0036975943949073553
68 0.0037396016996353865
69 0.004117648582905531
70 0.004326412454247475
71 0.0038837336469441652
72 0.003873074660077691
73 0.003867039456963539
74 0.0038248877972364426
75 0.004059413447976112
76 0.004019916523247957
77 0.0037353483494371176
78 0.004024202469736338
79 0.0038253669627010822
80 0.003556949319317937
81 0.004204193130135536
82 0.0037686058785766363
83 0.0037124718073755503
84 0.004031599499285221
85 0.0038519147783517838
86 0.003750900737941265
87 0.004053235054016113
88 0.003602564102038741
89 0.0035623519215732813
90 0.004120461642742157
91 0.004114255774766207
92 0.003851535264402628
93 0.0040555656887590885
94 0.003596900962293148
95 0.003835434326902032
96 0.0038449419662356377
97 0.004061819985508919
98 0.0036380430683493614
99 0.004167342092841864
100 0.004290152341127396
101 0.0042137098498642445
102 0.003923173528164625
103 0.004063274245709181
104 0.003883583005517721
105 0.004289830569177866
106 0.004036864265799522
107 0.004476095549762249
108 0.004103099927306175
109 0.003983829636126757
110 0.003991260658949614
111 0.0037894791457802057
112 0.00369907240383327
113 0.004370776936411858
114 0.004010308068245649
115 0.0037886553909629583
116 0.004245491698384285
117 0.0039971088990569115
118 0.003568467451259494
119 0.003787838853895664
120 0.003850643988698721
121 0.0039807590655982494
122 0.0043449318036437035
123 0.003923206590116024
124 0.004174421075731516
125 0.003823314094915986
126 0.004212461411952972
127 0.003813356626778841
128 0.003849692177027464
129 0.0035712220706045628
130 0.003655125619843602
131 0.0036445262376219034
132 0.003816541051492095
133 0.004227153491228819
134 0.003872285597026348
135 0.003478997852653265
136 0.00431691063567996
137 0.0037189791910350323
138 0.003961698152124882
139 0.003918846137821674
140 0.0036630728282034397
141 0.00371020520105958
142 0.0036851356271654367
143 0.0038454236928373575
144 0.0036283712834119797
145 0.003962618298828602
146 0.003769724629819393
147 0.00402326975017786
148 0.003968395758420229
149 0.003913876600563526
150 0.004215074237436056
151 0.004112699534744024
152 0.0034893846604973078
153 0.003927823156118393
154 0.003850853769108653
155 0.0035402209032326937
156 0.003599861403927207
157 0.003524962579831481
158 0.0037990249693393707
159 0.003663089359179139
160 0.003738861298188567
161 0.0038620340637862682
162 0.0042465198785066605
163 0.0036433835048228502
164 0.003814325202256441
165 0.0038764066994190216
166 0.004014238249510527
167 0.004038186743855476
168 0.004011123441159725
169 0.003872139845043421
170 0.0038470400031656027
171 0.004007049836218357
172 0.0037696827203035355
173 0.0035351794213056564
174 0.004073710646480322
175 0.0039089396595954895
176 0.004177558701485395
177 0.004007727839052677
178 0.003638986498117447
179 0.003741990542039275
180 0.003678212407976389
181 0.004217824432998896
182 0.0038823906797915697
183 0.004115822724997997
184 0.0039896536618471146
185 0.0039034229703247547
186 0.0035719024017453194
187 0.003923237323760986
188 0.003969990648329258
189 0.0038245634641498327
190 0.003877042792737484
191 0.0038183254655450583
192 0.00377849955111742
193 0.00416841683909297
194 0.004019815009087324
195 0.003815694944933057
196 0.004336600191891193
197 0.00378792523406446
198 0.003710242686793208
199 0.0039506941102445126
200 0.003848821157589555
201 0.004008816089481115
202 0.003886037040501833
203 0.003979264758527279
204 0.003773629665374756
205 0.003711345139890909
206 0.0038638878613710403
207 0.003796163247898221
208 0.003948523662984371
209 0.00401281425729394
210 0.0036014695651829243
211 0.00402465183287859
212 0.003821483114734292
213 0.0037994806189090014
214 0.004190611187368631
215 0.004057559184730053
216 0.00395984249189496
217 0.0037120773922652006
218 0.0038955083582550287
219 0.0036552930250763893
220 0.003849272383376956
221 0.0040672291070222855
222 0.0036658067256212234
223 0.0040116081945598125
224 0.0037798702251166105
225 0.0037388165947049856
226 0.0041996487416327
227 0.003808962181210518
228 0.004012875724583864
229 0.004182913806289434
230 0.003930322825908661
231 0.0041718981228768826
232 0.003916117828339338
233 0.003836974035948515
234 0.00391218950971961
235 0.0038305683992803097
236 0.003999431151896715
237 0.0037394287064671516
238 0.003598087001591921
239 0.0041510011069476604
240 0.004101859405636787
241 0.003830013098195195
242 0.004068776965141296
243 0.003817480057477951
244 0.0039519211277365685
245 0.0037208267021924257
246 0.00416153110563755
247 0.004211381543427706
248 0.0038139577955007553
249 0.003848311258479953
250 0.0038180623669177294
251 0.0037361413706094027
252 0.0037368261255323887
253 0.0036501388531178236
254 0.0039688535034656525
255 0.0037689106538891792
