0 0.003896110225468874
1 0.003507714020088315
2 0.003709562588483095
3 0.003939029760658741
4 0.004184763878583908
5 0.003738466650247574
6 0.0040863994508981705
7 0.004219468683004379
8 0.004110914655029774
9 0.0037319206167012453
10 0.003792454721406102
11 0.003928997088223696
12 0.0036924658343195915
13 0.004038290120661259
14 0.003882991150021553
15 0.0037630870938301086
16 0.0039977822452783585
17 0.00384067022241652
18 0.0037800632417201996
19 0.003835777984932065
20 0.004185308236628771
21 0.004017834551632404
22 0.004024801310151815
23 0.003948614001274109
24 0.004058105871081352
25 0.004073943942785263
26 0.003958487417548895
27 0.0038560128305107355
28 0.0040110633708536625
29 0.003940396010875702
30 0.004170516971498728
31 0.003708183066919446
32 0.0037941758055239916
33 0.0035590217448771
34 0.0036909535992890596
35 0.00384202366694808
36 0.004016282968223095
37 0.00402412423864007
38 0.004143426660448313
39 0.00422406243160367
40 0.004342526663094759
41 0.0035736605059355497
42 0.0038593255449086428
43 0.0038456865586340427
44 0.003937206231057644
45 0.003854848677292466
46 0.004266057629138231
47 0.00438796216621995
48 0.004046849440783262
49 0.003784844186156988
50 0.004007898736745119
51 0.003573732217773795
52 0.004060239996761084
53 0.00381722254678607
54 0.0037710696924477816
55 0.004142789635807276
56 0.003947609104216099
57 0.0037992619909346104
58 0.0036557421553879976
59 0.0037752159405499697
60 0.003822111990302801
61 0.0038316287100315094
62 0.004049517214298248
63 0.003659813432022929
64 0.0038777519948780537
65 0.003866360057145357
66 0.0038745468482375145
67 0.0037752389907836914
68 0.0037853315006941557
69 0.00416505616158247
70 0.004158670082688332
71 0.003817627439275384
72 0.003971009980887175
73 0.003921099007129669
74 0.0038976697251200676
75 0.0042200516909360886
76 0.003924028482288122
77 0.0037237119395285845
78 0.004051873926073313
79 0.003884910838678479
80 0.0036510275676846504
81 0.004063524771481752
82 0.003945968579500914
83 0.0035653086379170418
84 0.0039171865209937096
85 0.0037376563996076584
86 0.0038910319563001394
87 0.003879758296534419
88 0.0034204148687422276
89 0.003917887341231108
90 0.004196628462523222
91 0.0038232565857470036
92 0.004020434804260731
93 0.004259390290826559
94 0.0038792563136667013
95 0.003885069163516164
96 0.0038131866604089737
97 0.0041441405192017555
98 0.0037909173406660557
99 0.004075037781149149
100 0.004048304166644812
101 0.003994800616055727
102 0.0037821526639163494
103 0.003842218779027462
104 0.003872920526191592
105 0.004262951668351889
106 0.003985832445323467
107 0.004244368523359299
108 0.003991323988884687
109 0.0038826328236609697
110 0.004074894357472658
111 0.003810576628893614
112 0.0036511551588773727
113 0.004223421681672335
114 0.00411754846572876
115 0.0037983006332069635
116 0.0038342426996678114
117 0.0039786072447896
118 0.0035509078297764063
119 0.004019629675894976
120 0.0039652506820857525
121 0.004112640395760536
122 0.004574347287416458
123 0.0038892123848199844
124 0.004092945251613855
125 0.003925670869648457
126 0.003957786597311497
127 0.003927580080926418
128 0.003673818428069353
129 0.003620357718318701
130 0.003636549459770322
131 0.003638641443103552
132 0.0038011199794709682
133 0.004229830577969551
134 0.0037736997473984957
135 0.0036072286311537027
136 0.00443321093916893
137 0.003934911917895079
138 0.00408525625243783
139 0.00404477259144187
140 0.003597547300159931
141 0.003673906670883298
142 0.0038640641141682863
143 0.0036829677410423756
144 0.0035132593475282192
145 0.004178375471383333
146 0.0037991132121533155
147 0.003886055201292038
148 0.0039544799365103245
149 0.003949289210140705
150 0.0039033438079059124
151 0.00410457281395793
152 0.0035439557395875454
153 0.0037770920898765326
154 0.003648151410743594
155 0.0035066450946033
156 0.003833845490589738
157 0.003594588488340378
158 0.0040757483802735806
159 0.003916159737855196
160 0.0037841484881937504
161 0.003789978800341487
162 0.004282791633158922
163 0.0035839504562318325
164 0.0038409170228987932
165 0.00397871108725667
166 0.003871161723509431
167 0.0037826457992196083
168 0.004088228102773428
169 0.004009700845927
170 0.003676112275570631
171 0.0039641372859478
172 0.0036704554222524166
173 0.003751662326976657
174 0.00404326943680644
175 0.0037742704153060913
176 0.004259932786226273
177 0.0038455871399492025
178 0.0037042051553726196
179 0.003939191810786724
180 0.003776207333430648
181 0.004253903403878212
182 0.003882485907524824
183 0.0040460010059177876
184 0.003881859825924039
185 0.004001711029559374
186 0.0034972531720995903
187 0.003885714802891016
188 0.003988834097981453
189 0.003807943547144532
190 0.0038850666023790836
191 0.0038370690308511257
192 0.00382652273401618
193 0.003922359086573124
194 0.004039119929075241
195 0.0042600627057254314
196 0.004293059464544058
197 0.0038443778175860643
198 0.0038607849273830652
199 0.0038695717230439186
200 0.0037358177360147238
201 0.003894012188538909
202 0.004098968114703894
203 0.003770767245441675
204 0.003917635418474674
205 0.0037948070093989372
206 0.003761111991479993
207 0.003937752917408943
208 0.004050638061016798
209 0.004165169317275286
210 0.003634704276919365
211 0.003911512903869152
212 0.0036609999369829893
213 0.003933871630579233
214 0.0039740875363349915
215 0.004121325444430113
216 0.0037779705598950386
217 0.0038687167689204216
218 0.003686023410409689
219 0.0037907317746430635
220 0.003967653028666973
221 0.0040223742835223675
222 0.0038879497442394495
223 0.004095137119293213
224 0.0039339191280305386
225 0.003964070230722427
226 0.004231384489685297
227 0.0036783653777092695
228 0.00396013306453824
229 0.004214094020426273
230 0.0038709237705916166
231 0.004150828346610069
232 0.0038359006866812706
233 0.003992688842117786
234 0.003839365439489484
235 0.003666982753202319
236 0.004066077060997486
237 0.003689545439556241
238 0.0036722347140312195
239 0.004084978252649307
240 0.0040785339660942554
241 0.0038851380813866854
242 0.003838272299617529
243 0.003709473181515932
244 0.00379366846755147
245 0.0038505801931023598
246 0.004085427150130272
247 0.004293192643672228
248 0.0038939593359827995
249 0.003776628291234374
250 0.0036971752997487783
251 0.003467362839728594
252 0.004052694886922836
253 0.0037910216487944126
254 0.004009961616247892
255 0.0037408005446195602
