0 0.003962651826441288
1 0.003384097944945097
2 0.0038632911164313555
3 0.004148702137172222
4 0.004416258540004492
5 0.003511532209813595
6 0.004056218545883894
7 0.0041552577167749405
8 0.00413695489987731
9 0.0035244645550847054
10 0.004127722233533859
11 0.003734156722202897
12 0.003640345297753811
13 0.003839272540062666
14 0.003919314593076706
15 0.00403593759983778
16 0.003695502644404769
17 0.0038263658061623573
18 0.003751638811081648
19 0.0037901734467595816
20 0.004368689842522144
21 0.003960096277296543
22 0.004154243040829897
23 0.003802591934800148
24 0.003951400984078646
25 0.003999961074441671
26 0.004001815803349018
27 0.003722806228324771
28 0.004069093614816666
29 0.0039034723304212093
30 0.00399251701310277
31 0.003828467335551977
32 0.0037117497995495796
33 0.0036202564369887114
34 0.0034991935826838017
35 0.0039297486655414104
36 0.003994794096797705
37 0.003643418662250042
38 0.004174533765763044
39 0.00418715737760067
40 0.003943378105759621
41 0.0034726604353636503
42 0.004209528677165508
43 0.004023779649287462
44 0.003720354288816452
45 0.003960387781262398
46 0.004214506130665541
47 0.004310836084187031
48 0.003923128359019756
49 0.0037427206989377737
50 0.004023035056889057
51 0.0036944879684597254
52 0.0040147071704268456
53 0.0037776916287839413
54 0.00374105223454535
55 0.004095697309821844
56 0.00413170363754034
57 0.003804581006988883
58 0.0036792198661714792
59 0.0037956773303449154
60 0.0037706028670072556
61 0.003629266284406185
62 0.004238065332174301
63 0.0036249281838536263
64 0.003696706146001816
65 0.0035051628947257996
66 0.0038769147358834743
67 0.0037449724040925503
68 0.0039180791936814785
69 0.003957451321184635
70 0.004191919695585966
71 0.003879974130541086
72 0.0040732515044510365
73 0.003727300325408578
74 0.003727287519723177
75 0.004307146184146404
76 0.0037190867587924004
77 0.003840891644358635
78 0.003921425901353359
79 0.003665481461212039
80 0.003887500148266554
81 0.004191435873508453
82 0.0038518127985298634
83 0.0036021368578076363
84 0.004028009250760078
85 0.003760473569855094
86 0.0037118287291377783
87 0.0038345023058354855
88 0.0034744269214570522
89 0.0038814570289105177
90 0.004035876598209143
91 0.0038483391981571913
92 0.004196230787783861
93 0.004176423419266939
94 0.0036954395473003387
95 0.0038513054605573416
96 0.003856151830404997
97 0.0040830024518072605
98 0.0037215787451714277
99 0.004034004639834166
100 0.0039889151230454445
101 0.004278022795915604
102 0.00374688976444304
103 0.004151713103055954
104 0.0038475191686302423
105 0.004208236001431942
106 0.0038409417029470205
107 0.00458621745929122
108 0.004260836634784937
109 0.0039862291887402534
110 0.003822393249720335
111 0.003908547572791576
112 0.00377440988086164
113 0.004368497058749199
114 0.0038687929045408964
115 0.00369698042050004
116 0.0040511758998036385
117 0.003881963901221752
118 0.0036625622306019068
119 0.003910467494279146
120 0.004047749098390341
121 0.003865662030875683
122 0.004540336783975363
123 0.003877840703353286
124 0.004012765362858772
125 0.003916664514690638
126 0.004353363998234272
127 0.004132659640163183
128 0.003587808459997177
129 0.0035233302041888237
130 0.00368986907415092
131 0.003695260500535369
132 0.003986412193626165
133 0.004159771371632814
134 0.0038070406299084425
135 0.003494901116937399
136 0.004257668741047382
137 0.0036934406962245703
138 0.003933444619178772
139 0.004109433852136135
140 0.00369050819426775
141 0.003666582750156522
142 0.0037055332213640213
143 0.003614267101511359
144 0.003509943140670657
145 0.004127437248826027
146 0.004146926570683718
147 0.004046378191560507
148 0.003974149469286203
149 0.0038997128140181303
150 0.003943432588130236
151 0.004347583279013634
152 0.0036985967308282852
153 0.003839049953967333
154 0.0038859869819134474
155 0.0034956256859004498
156 0.0037143384106457233
157 0.003454876597970724
158 0.00412496505305171
159 0.003685237606987357
160 0.003720473498106003
161 0.0035838461481034756
162 0.00440322607755661
163 0.0036164787597954273
164 0.0037911206018179655
165 0.0040209428407251835
166 0.003969453740864992
167 0.003769571427255869
168 0.004035457037389278
169 0.00429982366040349
170 0.003757451195269823
171 0.0037896097637712955
172 0.0036156431306153536
173 0.0038077335339039564
174 0.00419946713373065
175 0.003951226361095905
176 0.004339322913438082
177 0.0036552015226334333
178 0.003626436460763216
179 0.0036817097570747137
180 0.0038119328673928976
181 0.0042668902315199375
182 0.004129656590521336
183 0.003978034481406212
184 0.003843846032395959
185 0.0043038493022322655
186 0.0035633437801152468
187 0.003938766196370125
188 0.003912996966391802
189 0.004003842826932669
190 0.004159307572990656
191 0.003718518652021885
192 0.004008785355836153
193 0.00423273304477334
194 0.003896034322679043
195 0.0042819734662771225
196 0.004266051575541496
197 0.0035229152999818325
198 0.004238776862621307
199 0.0037536616437137127
200 0.003671621670946479
201 0.003911689389497042
202 0.004043133929371834
203 0.003880823729559779
204 0.0038325407076627016
205 0.003882741089910269
206 0.003572277259081602
207 0.003836430376395583
208 0.004128802567720413
209 0.003930094186216593
210 0.0039475467056035995
211 0.004016769118607044
212 0.003638514317572117
213 0.0035601630806922913
214 0.0038910263683646917
215 0.004155381117016077
216 0.003972627688199282
217 0.0040181479416787624
218 0.003736891783773899
219 0.003870598040521145
220 0.003792832139879465
221 0.003934671636670828
222 0.0038729666266590357
223 0.004193580709397793
224 0.0037847752682864666
225 0.004010758828371763
226 0.004051307216286659
227 0.0038796558510512114
228 0.004399358294904232
229 0.004275832325220108
230 0.0038454500027000904
231 0.0041626133024692535
232 0.003978737164288759
233 0.0036792494356632233
234 0.0038814768195152283
235 0.0036485495511442423
236 0.004077640827745199
237 0.003762858221307397
238 0.0037078997120261192
239 0.0040728989988565445
240 0.003940992057323456
241 0.0041257222183048725
242 0.003979625180363655
243 0.003691610647365451
244 0.003863539546728134
245 0.0038381440099328756
246 0.004153243266046047
247 0.0041451179422438145
248 0.003989551682025194
249 0.003771288087591529
250 0.00377512420527637
251 0.0035790421534329653
252 0.003905966179445386
253 0.0035654804669320583
254 0.003751489333808422
255 0.0037962570786476135
