0 0.0037801202852278948
1 0.0037546653766185045
2 0.003805587301030755
3 0.0039953626692295074
4 0.004204760305583477
5 0.003911989741027355
6 0.0038785601500421762
7 0.004137037787586451
8 0.004018364939838648
9 0.0034779703710228205
10 0.0038054361939430237
11 0.003767344867810607
12 0.0037641606759279966
13 0.0037456739228218794
14 0.0038474760949611664
15 0.003967090509831905
16 0.0038719812873750925
17 0.003857363946735859
18 0.0038826109375804663
19 0.004017525818198919
20 0.003963693510740995
21 0.004194651730358601
22 0.003992051351815462
23 0.0038406713865697384
24 0.004076242446899414
25 0.00404827855527401
26 0.003964804112911224
27 0.004084996413439512
28 0.004121684469282627
29 0.003906634170562029
30 0.004288662690669298
31 0.0037790227215737104
32 0.0036316155456006527
33 0.0035365421790629625
34 0.003794686635956168
35 0.0038410404231399298
36 0.003942898008972406
37 0.0038303828332573175
38 0.004008298274129629
39 0.004343267995864153
40 0.004129363689571619
41 0.0033767172135412693
42 0.0037797323893755674
43 0.004109656438231468
44 0.003914908971637487
45 0.0038193347863852978
46 0.00436924584209919
47 0.004065686836838722
48 0.0039951130747795105
49 0.003829888068139553
50 0.004202831070870161
51 0.003790178569033742
52 0.004026458598673344
53 0.003758529666811228
54 0.003770822659134865
55 0.004035019315779209
56 0.004067589528858662
57 0.0038587406743317842
58 0.0038886372931301594
59 0.003872448345646262
60 0.0037487789522856474
61 0.003763231448829174
62 0.00416588457301259
63 0.0039022518321871758
64 0.003956865984946489
65 0.0038018319755792618
66 0.0040502832271158695
67 0.003986921161413193
68 0.0038192272186279297
69 0.004175329580903053
70 0.004087555222213268
71 0.003911524545401335
72 0.003752665128558874
73 0.003866252489387989
74 0.0039257267490029335
75 0.004463793709874153
76 0.004038313869386911
77 0.0038315881974995136
78 0.003855885239318013
79 0.003980148583650589
80 0.003998111467808485
81 0.0040534189902246
82 0.003878445830196142
83 0.0033772566821426153
84 0.004157272167503834
85 0.0037828527856618166
86 0.003800955368205905
87 0.0041100503876805305
88 0.0036219770554453135
89 0.003865536069497466
90 0.0038610633928328753
91 0.004225396551191807
92 0.0038911825977265835
93 0.004119419027119875
94 0.0038070310838520527
95 0.0038430029526352882
96 0.003679047804325819
97 0.004077802412211895
98 0.00381422764621675
99 0.004110611975193024
100 0.003744387999176979
101 0.003961087204515934
102 0.003710421035066247
103 0.004107048735022545
104 0.003678817069157958
105 0.004196701571345329
106 0.0036819984670728445
107 0.004268657881766558
108 0.004226488061249256
109 0.003647114150226116
110 0.004065412562340498
111 0.004032900091260672
112 0.003877335460856557
113 0.0045795445330441
114 0.0039879921823740005
115 0.003833860158920288
116 0.0037051618564873934
117 0.0041018156334757805
118 0.0037529394030570984
119 0.004004158079624176
120 0.004133495502173901
121 0.004159147385507822
122 0.004126413259655237
123 0.003800764912739396
124 0.004034189973026514
125 0.004021039232611656
126 0.004111379850655794
127 0.0038264647591859102
128 0.003712737001478672
129 0.0038458178751170635
130 0.0037799838464707136
131 0.0036108852364122868
132 0.0038976590149104595
133 0.004532887600362301
134 0.003748516086488962
135 0.003813456976786256
136 0.004266783595085144
137 0.003806954249739647
138 0.003986958414316177
139 0.003646231722086668
140 0.0036759593058377504
141 0.003503811080008745
142 0.003780101425945759
143 0.0038620932027697563
144 0.003532873699441552
145 0.004001798573881388
146 0.003981615882366896
147 0.004091233015060425
148 0.0037212648894637823
149 0.0036455602385103703
150 0.004011315759271383
151 0.003961379639804363
152 0.003514572512358427
153 0.003795090364292264
154 0.0036707057151943445
155 0.0036424018908292055
156 0.0038147803861647844
157 0.0036511921789497137
158 0.004156663082540035
159 0.003804428968578577
160 0.0037418161518871784
161 0.003868074156343937
162 0.0040768785402178764
163 0.0034738313406705856
164 0.0037432292010635138
165 0.0037847652565687895
166 0.004110490903258324
167 0.003833446418866515
168 0.004445825237780809
169 0.004099628422409296
170 0.0037875149864703417
171 0.0036055813543498516
172 0.00377590861171484
173 0.0037027159705758095
174 0.004157110583037138
175 0.004089542664587498
176 0.0041082254610955715
177 0.0038188109174370766
178 0.0035037563648074865
179 0.0036474301014095545
180 0.003979838453233242
181 0.0045531997457146645
182 0.003921315539628267
183 0.003999112639576197
184 0.0038890568539500237
185 0.004108047112822533
186 0.0035922357346862555
187 0.004119002725929022
188 0.004103003069758415
189 0.003733727615326643
190 0.0039801872335374355
191 0.0037308784667402506
192 0.0038536840584129095
193 0.0040367054753005505
194 0.0041593629866838455
195 0.004271389916539192
196 0.004165550693869591
197 0.0035873118322342634
198 0.003789922222495079
199 0.0038996778894215822
200 0.003645470831543207
201 0.0037110717967152596
202 0.003937620669603348
203 0.0035692884121090174
204 0.004015550948679447
205 0.003756131511181593
206 0.0038021334912627935
207 0.003949305508285761
208 0.004087153822183609
209 0.004077112302184105
210 0.0037523426581174135
211 0.004257312044501305
212 0.0035460437647998333
213 0.0038252263329923153
214 0.004164152313023806
215 0.0038850153796374798
216 0.004056375473737717
217 0.004079882521182299
218 0.004016812425106764
219 0.0035626308526843786
220 0.003924056421965361
221 0.00406731478869915
222 0.0037130459677428007
223 0.004125083331018686
224 0.003956691361963749
225 0.003880338044837117
226 0.003998058848083019
227 0.003957823384553194
228 0.004171514883637428
229 0.0038377968594431877
230 0.0039182743057608604
231 0.003960550297051668
232 0.0038932955358177423
233 0.003712916746735573
234 0.003744173562154174
235 0.0035968455485999584
236 0.004079416394233704
237 0.003877142444252968
238 0.0036344744730740786
239 0.004256500396877527
240 0.003938892390578985
241 0.003834469709545374
242 0.0038919993676245213
243 0.003503736574202776
244 0.003758265869691968
245 0.003642423078417778
246 0.003949615638703108
247 0.004198447801172733
248 0.003841519122943282
249 0.0038394660223275423
250 0.0036456233356148005
251 0.003492882940918207
252 0.003960635978728533
253 0.0035425142850726843
254 0.0039884792640805244
255 0.00377600803039968
