0 0.003763513872399926
1 0.0034526705276221037
2 0.0038875609170645475
3 0.0039668213576078415
4 0.004137062001973391
5 0.0038110686000436544
6 0.004114173818379641
7 0.003823712468147278
8 0.003910684958100319
9 0.0033930728677660227
10 0.004183649551123381
11 0.0037230842281132936
12 0.0037445109337568283
13 0.003890895750373602
14 0.003747145412489772
15 0.003954433370381594
16 0.0039451029151678085
17 0.00357544282451272
18 0.003927579615265131
19 0.003900733543559909
20 0.003978730645030737
21 0.0042205690406262875
22 0.0039771427400410175
23 0.003746126312762499
24 0.0037236232310533524
25 0.004280815366655588
26 0.00406486913561821
27 0.0039035887457430363
28 0.003944598138332367
29 0.003917271271348
30 0.004269653465598822
31 0.003907441161572933
32 0.0037195985205471516
33 0.0037048831582069397
34 0.003575338749215007
35 0.003940334543585777
36 0.004017281346023083
37 0.0034977628383785486
38 0.004067416302859783
39 0.0040911175310611725
40 0.003860895521938801
41 0.0034784101881086826
42 0.0037124119699001312
43 0.0037619119975715876
44 0.00399688258767128
45 0.00402845861390233
46 0.004199465271085501
47 0.004214276093989611
48 0.004266491159796715
49 0.003802828723564744
50 0.004150750115513802
51 0.00358032900840044
52 0.004025997593998909
53 0.0036705557722598314
54 0.0038348117377609015
55 0.004148080945014954
56 0.004374373704195023
57 0.003721636487171054
58 0.003948039375245571
59 0.0038566705770790577
60 0.0037658645305782557
61 0.004126048646867275
62 0.004301080480217934
63 0.003929455764591694
64 0.003937407862395048
65 0.003795669414103031
66 0.003915918059647083
67 0.0038328461814671755
68 0.0037403274327516556
69 0.004068514797836542
70 0.004621091764420271
71 0.003997514024376869
72 0.003963954281061888
73 0.0038916594348847866
74 0.0038079938385635614
75 0.004447601735591888
76 0.004014438483864069
77 0.004065844230353832
78 0.003762592328712344
79 0.0036032048519700766
80 0.0039784274995327
81 0.004237746354192495
82 0.0037764522712677717
83 0.0036410107277333736
84 0.003979317378252745
85 0.00405025715008378
86 0.003978220745921135
87 0.0036871584597975016
88 0.003760768100619316
89 0.0035350460093468428
90 0.003986746538430452
91 0.004078777972608805
92 0.003939270041882992
93 0.004158795345574617
94 0.003840647405013442
95 0.0038584924768656492
96 0.003927901852875948
97 0.0039347209967672825
98 0.003740578191354871
99 0.004038623999804258
100 0.004016845021396875
101 0.004323008935898542
102 0.0036906672175973654
103 0.0042864070273935795
104 0.0037979090120643377
105 0.004086025524884462
106 0.0037164795212447643
107 0.0045440164394676685
108 0.004113734699785709
109 0.0037478681188076735
110 0.003941024653613567
111 0.003947352524846792
112 0.0039033242501318455
113 0.00436599412932992
114 0.0038396420422941446
115 0.00393451564013958
116 0.003988896030932665
117 0.003891732543706894
118 0.0038964212872087955
119 0.003987445030361414
120 0.004104817286133766
121 0.004200763534754515
122 0.004227031022310257
123 0.0037262416444718838
124 0.004140784032642841
125 0.003830511821433902
126 0.004376317374408245
127 0.0038469028659164906
128 0.0036636674776673317
129 0.0035522726830095053
130 0.003633807646110654
131 0.0034962331410497427
132 0.0039786179549992085
133 0.004398793447762728
134 0.0037044028285890818
135 0.003508456749841571
136 0.004341027233749628
137 0.0036753304302692413
138 0.0038866812828928232
139 0.0039451648481190205
140 0.0036924600135535
141 0.003632183885201812
142 0.003913878463208675
143 0.0038338047452270985
144 0.0037085372023284435
145 0.004337551537901163
146 0.00377911445684731
147 0.004033051896840334
148 0.003700598608702421
149 0.003752402262762189
150 0.003864901140332222
151 0.0038598626852035522
152 0.003387140342965722
153 0.003907504957169294
154 0.0036843367852270603
155 0.003675495507195592
156 0.0036644998472183943
157 0.00362638127990067
158 0.003882557386532426
159 0.0035003749653697014
160 0.003648441517725587
161 0.0035602874122560024
162 0.0044311839155852795
163 0.0036415678914636374
164 0.0035809355322271585
165 0.003876222064718604
166 0.004109269008040428
167 0.0037020316813141108
168 0.004278873093426228
169 0.004089750815182924
170 0.0038546856958419085
171 0.0037939907051622868
172 0.003940644674003124
173 0.0036945072934031487
174 0.0039613801054656506
175 0.0040624444372951984
176 0.0038333642296493053
177 0.0038809895049780607
178 0.003671269863843918
179 0.003599144285544753
180 0.003716610837727785
181 0.004461983684450388
182 0.0039515020325779915
183 0.003881970187649131
184 0.0037609986029565334
185 0.004040474072098732
186 0.0036464761942625046
187 0.0038697831332683563
188 0.003939921502023935
189 0.003658799920231104
190 0.004300476051867008
191 0.0037411823868751526
192 0.0038908449932932854
193 0.003955113235861063
194 0.00423426553606987
195 0.004142118152230978
196 0.004156471695750952
197 0.003517213510349393
198 0.0037482089828699827
199 0.003910909406840801
200 0.0036550252698361874
201 0.0038173142820596695
202 0.0038884032983332872
203 0.003711261320859194
204 0.0037703977432101965
205 0.0037557741161435843
206 0.0036356402561068535
207 0.003945481963455677
208 0.004160660319030285
209 0.003880532691255212
210 0.0037174096796661615
211 0.004344993736594915
212 0.003510428825393319
213 0.003991682548075914
214 0.004059751518070698
215 0.0040794797241687775
216 0.004059462808072567
217 0.003972312435507774
218 0.003973776008933783
219 0.003743993816897273
220 0.003924832213670015
221 0.004047153517603874
222 0.0038119370583444834
223 0.004154595080763102
224 0.003930211998522282
225 0.0038439619820564985
226 0.0039027011953294277
227 0.003896123031154275
228 0.004288795404136181
229 0.0041749123483896255
230 0.0037826593033969402
231 0.004273502621799707
232 0.003832629881799221
233 0.0036093653179705143
234 0.003660873742774129
235 0.003582938341423869
236 0.004020848777145147
237 0.003752932185307145
238 0.003893235232681036
239 0.004139534197747707
240 0.004091423470526934
241 0.004087768029421568
242 0.0038794372230768204
243 0.0037225414998829365
244 0.0039724730886518955
245 0.003916681278496981
246 0.004094410687685013
247 0.00403975136578083
248 0.004036217462271452
249 0.00397278368473053
250 0.0036224806681275368
251 0.0036020881962031126
252 0.00416276091709733
253 0.0037153521552681923
254 0.003871168941259384
255 0.003832682268694043
