0 0.004118905868381262
1 0.0034841718152165413
2 0.0036958821583539248
3 0.0038099142257124186
4 0.004594612866640091
5 0.004087632521986961
6 0.00402400828897953
7 0.004235006403177977
8 0.0042049577459692955
9 0.003658745437860489
10 0.003966807387769222
11 0.004070502705872059
12 0.0036589556839317083
13 0.0038727496284991503
14 0.004057575482875109
15 0.003817036747932434
16 0.00394704332575202
17 0.003446110524237156
18 0.003703967435285449
19 0.003760809311643243
20 0.004213253036141396
21 0.004085736349225044
22 0.003949761390686035
23 0.003690192708745599
24 0.003759469138458371
25 0.004106434527784586
26 0.003992850426584482
27 0.0037739418912678957
28 0.0039531271904706955
29 0.003953294828534126
30 0.004222020041197538
31 0.0035525087732821703
32 0.003738419385626912
33 0.003394428174942732
34 0.0036816103383898735
35 0.004093791823834181
36 0.00408164644613862
37 0.0037638756912201643
38 0.004013731610029936
39 0.004492383450269699
40 0.004080701619386673
41 0.0033051208592951298
42 0.003796311328187585
43 0.0036602187901735306
44 0.0039373403415083885
45 0.003985162824392319
46 0.004539016168564558
47 0.00433559063822031
48 0.004101189784705639
49 0.0035426998510956764
50 0.004214324988424778
51 0.003676146734505892
52 0.0038962909020483494
53 0.003766479203477502
54 0.0040077208541333675
55 0.0041658710688352585
56 0.0041734687983989716
57 0.003493167459964752
58 0.004177107475697994
59 0.0038378604222089052
60 0.0037375479005277157
61 0.003853779286146164
62 0.004436991177499294
63 0.003659870009869337
64 0.004088082350790501
65 0.003790032584220171
66 0.0038491941522806883
67 0.0038414769805967808
68 0.0039728302508592606
69 0.004177086520940065
70 0.004195401445031166
71 0.003941280301660299
72 0.0038742655888199806
73 0.0037847573403269053
74 0.003685935866087675
75 0.004108808934688568
76 0.004032195080071688
77 0.0037511044647544622
78 0.0038817680906504393
79 0.0036070344503968954
80 0.003737142775207758
81 0.004122687038034201
82 0.0037331816274672747
83 0.003798468504101038
84 0.003971457947045565
85 0.0035396183375269175
86 0.003771925810724497
87 0.003982252907007933
88 0.003353112144395709
89 0.004157783929258585
90 0.003899098141118884
91 0.003920302726328373
92 0.0037442753091454506
93 0.004491572733968496
94 0.003606532933190465
95 0.003939051181077957
96 0.0037528635002672672
97 0.0042784130200743675
98 0.003808678826317191
99 0.004065481945872307
100 0.004239838104695082
101 0.003766113892197609
102 0.003949022851884365
103 0.004204525146633387
104 0.003490174887701869
105 0.004472231958061457
106 0.00399938365444541
107 0.004488576669245958
108 0.004237116780132055
109 0.0038605867885053158
110 0.0038765869103372097
111 0.003741654334589839
112 0.0036869747564196587
113 0.004307334776967764
114 0.003964642062783241
115 0.0038447279948741198
116 0.0037056757137179375
117 0.0040030330419540405
118 0.0037654824554920197
119 0.004126520827412605
120 0.0038293402176350355
121 0.004107894841581583
122 0.004605545196682215
123 0.0039310334250330925
124 0.0039474330842494965
125 0.003844348480924964
126 0.004415195435285568
127 0.003943086136132479
128 0.003710977965965867
129 0.003863429417833686
130 0.003965828567743301
131 0.0037430976517498493
132 0.003930104896426201
133 0.004272083286195993
134 0.0036514890380203724
135 0.0033552679233253
136 0.0044833701103925705
137 0.003947068005800247
138 0.004044863395392895
139 0.004002034664154053
140 0.003593041794374585
141 0.003628914710134268
142 0.0037666410207748413
143 0.0037960142362862825
144 0.003768225433304906
145 0.004228226840496063
146 0.0038006219547241926
147 0.004041985608637333
148 0.0037448182702064514
149 0.003512181108817458
150 0.003962233196943998
151 0.0041535766795277596
152 0.0034279257524758577
153 0.0040147569961845875
154 0.0037133649457246065
155 0.003875490976497531
156 0.0037689628079533577
157 0.0035606082528829575
158 0.003967287018895149
159 0.003935456741601229
160 0.003983552101999521
161 0.00386105221696198
162 0.004230830352753401
163 0.0037148818373680115
164 0.004159338306635618
165 0.0038546842988580465
166 0.004024621099233627
167 0.00388908083550632
168 0.004156114999204874
169 0.004083764739334583
170 0.0038226020988076925
171 0.003804400796070695
172 0.0034120359923690557
173 0.0036367513239383698
174 0.0039102258160710335
175 0.003931593149900436
176 0.0041366200894117355
177 0.003667091950774193
178 0.0036542376037687063
179 0.004028583876788616
180 0.003774830838665366
181 0.004324875771999359
182 0.003866394516080618
183 0.003904193639755249
184 0.004139747004956007
185 0.004179848358035088
186 0.003784570377320051
187 0.003869249252602458
188 0.0038479496724903584
189 0.0035586259327828884
190 0.0038001127541065216
191 0.0035401328932493925
192 0.0036174741107970476
193 0.0040298341773450375
194 0.003859121585264802
195 0.004034825135022402
196 0.004208424128592014
197 0.0037530523259192705
198 0.0035454698372632265
199 0.003891418455168605
200 0.0039697494357824326
201 0.003690263954922557
202 0.004150282125920057
203 0.00380048924125731
204 0.0039523872546851635
205 0.003844458144158125
206 0.0036594218108803034
207 0.004054532386362553
208 0.0038868782576173544
209 0.004118902608752251
210 0.0038033914752304554
211 0.004008179996162653
212 0.0034729510080069304
213 0.00403319438919425
214 0.004022680222988129
215 0.0041979518719017506
216 0.004246857948601246
217 0.003976554609835148
218 0.003930380567908287
219 0.003528305096551776
220 0.0038152618799358606
221 0.00404695700854063
222 0.003610276849940419
223 0.0045621758326888084
224 0.0039867316372692585
225 0.004055752418935299
226 0.004246059339493513
227 0.0035888762213289738
228 0.004163910634815693
229 0.004417745862156153
230 0.0035028557758778334
231 0.00409493874758482
232 0.0036416046787053347
233 0.003743079025298357
234 0.003566356608644128
235 0.0036510243080556393
236 0.003948081750422716
237 0.00400440813973546
238 0.0037514748983085155
239 0.004049857147037983
240 0.004022504668682814
241 0.0037957129534333944
242 0.003955219406634569
243 0.0035019670613110065
244 0.0035789019893854856
245 0.0036745055112987757
246 0.00413593091070652
247 0.0041619897820055485
248 0.0039111035875976086
249 0.0036638379096984863
250 0.003688174532726407
251 0.003622702555730939
252 0.003797816811129451
253 0.0037692945916205645
254 0.003906061640009284
255 0.003579760668799281
