0 0.0038592349737882614
1 0.003323958721011877
2 0.003750657197088003
3 0.0038586771115660667
4 0.0043537067249417305
5 0.003968501463532448
6 0.004239650908857584
7 0.0040099420584738255
8 0.004258043598383665
9 0.0035811325069516897
10 0.004200795665383339
11 0.003884995821863413
12 0.0034735891968011856
13 0.003938501700758934
14 0.004028767347335815
15 0.003903293050825596
16 0.004058751743286848
17 0.003860399592667818
18 0.003715517232194543
19 0.0038270617369562387
20 0.004263835959136486
21 0.004162543453276157
22 0.003990486729890108
23 0.003666397649794817
24 0.0039374940097332
25 0.0042953272350132465
26 0.0039376975037157536
27 0.0036374926567077637
28 0.003950458951294422
29 0.004058284685015678
30 0.004083493258804083
31 0.0038094071205705404
32 0.003693097736686468
33 0.00363574898801744
34 0.0035815383307635784
35 0.00408304575830698
36 0.004311048425734043
37 0.003699774155393243
38 0.0040082926861941814
39 0.004219399765133858
40 0.004042970947921276
41 0.0033881976269185543
42 0.0038812083657830954
43 0.003887644736096263
44 0.003989841789007187
45 0.004180246498435736
46 0.004248251207172871
47 0.004117990843951702
48 0.003984381444752216
49 0.0037552868016064167
50 0.004154079128056765
51 0.0034785589668899775
52 0.004107272252440453
53 0.003548368578776717
54 0.0038713866379112005
55 0.004305894952267408
56 0.004361592233181
57 0.003955236170440912
58 0.003998009487986565
59 0.0036372323520481586
60 0.0037301136180758476
61 0.004174826201051474
62 0.0041457475163042545
63 0.003739149309694767
64 0.003938451875001192
65 0.003853077068924904
66 0.00388929876498878
67 0.0037367339245975018
68 0.003867786144837737
69 0.003833410795778036
70 0.004449751228094101
71 0.00407365569844842
72 0.0037984494119882584
73 0.0038089158479124308
74 0.0037359262350946665
75 0.0043092528358101845
76 0.004010691307485104
77 0.003921659663319588
78 0.004124281462281942
79 0.003749761264771223
80 0.0036055450327694416
81 0.003976990003138781
82 0.003885486861690879
83 0.0034085086081176996
84 0.00407584710046649
85 0.0036420668475329876
86 0.0036448203027248383
87 0.003923214040696621
88 0.0035479350481182337
89 0.003924781456589699
90 0.004169387277215719
91 0.003933965694159269
92 0.004114046227186918
93 0.0042175897397100925
94 0.0036680330522358418
95 0.003816049313172698
96 0.003908862359821796
97 0.003965775482356548
98 0.003890163032338023
99 0.0038697717245668173
100 0.003934992011636496
101 0.00381952035240829
102 0.0039013212081044912
103 0.004266729112714529
104 0.003791383933275938
105 0.004101070109754801
106 0.0037932684645056725
107 0.0043615004979074
108 0.004074850119650364
109 0.004018515348434448
110 0.0041670603677630424
111 0.003670095233246684
112 0.0035728083457797766
113 0.004433037247508764
114 0.003970862366259098
115 0.0038132022600620985
116 0.0039288862608373165
117 0.003996060695499182
118 0.003601565258577466
119 0.003747475566342473
120 0.003998409956693649
121 0.004123485181480646
122 0.004614426288753748
123 0.0038709647487848997
124 0.0040644695982337
125 0.0037411542143672705
126 0.00449355598539114
127 0.0038639837875962257
128 0.003668289864435792
129 0.003520376281812787
130 0.0037832423113286495
131 0.0033552153035998344
132 0.00405966816470027
133 0.004166293889284134
134 0.003769034519791603
135 0.003626737045124173
136 0.004179906565696001
137 0.004103189799934626
138 0.0038146518636494875
139 0.00400833273306489
140 0.003610997460782528
141 0.0035217839758843184
142 0.0036626362707465887
143 0.003826184431090951
144 0.0034396969713270664
145 0.0043838671408593655
146 0.0036688162945210934
147 0.0037717826198786497
148 0.00392142916098237
149 0.0037883741315454245
150 0.003977347165346146
151 0.0041060736402869225
152 0.003640248440206051
153 0.0037660340312868357
154 0.0037725872825831175
155 0.003397644031792879
156 0.003694038838148117
157 0.003573246067389846
158 0.0038356620352715254
159 0.0038506812416017056
160 0.003720232518389821
161 0.003843720769509673
162 0.004503229632973671
163 0.003828685265034437
164 0.003906864672899246
165 0.004040330182760954
166 0.003971716854721308
167 0.003751973155885935
168 0.004140764940530062
169 0.004041139967739582
170 0.0037856935523450375
171 0.003973513375967741
172 0.0034971870481967926
173 0.0036226154770702124
174 0.003988852724432945
175 0.003826392348855734
176 0.004434952512383461
177 0.0039199963212013245
178 0.0036842760164290667
179 0.0036443688441067934
180 0.003780488157644868
181 0.00412033312022686
182 0.003938861656934023
183 0.0038677395787090063
184 0.0040437704883515835
185 0.004044963512569666
186 0.0035810680128633976
187 0.0040367902256548405
188 0.003966296091675758
189 0.0038132518529891968
190 0.0038387810345739126
191 0.0036933496594429016
192 0.004121475853025913
193 0.004161854274570942
194 0.004098293837159872
195 0.004079431761056185
196 0.004094175528734922
197 0.003806542372331023
198 0.004002769943326712
199 0.0038097917567938566
200 0.0038931025192141533
201 0.0038370650727301836
202 0.00395545270293951
203 0.003757067257538438
204 0.0036254548467695713
205 0.0037517533637583256
206 0.0036294192541390657
207 0.004081923980265856
208 0.003917314112186432
209 0.004272499121725559
210 0.0036632735282182693
211 0.0038708678912371397
212 0.003599058138206601
213 0.0038248414639383554
214 0.0043094526045024395
215 0.004086588975042105
216 0.00391483586281538
217 0.00412890175357461
218 0.0037192057352513075
219 0.003764059394598007
220 0.003915831912308931
221 0.0041937571950256824
222 0.0035965305287390947
223 0.004125797655433416
224 0.003666941076517105
225 0.004209752194583416
226 0.004243255127221346
227 0.003632557112723589
228 0.004050313029438257
229 0.004505533259361982
230 0.003695702413097024
231 0.004269042983651161
232 0.0038831757847219706
233 0.003980141598731279
234 0.0037846164777874947
235 0.0036937359254807234
236 0.003992599900811911
237 0.003804526524618268
238 0.0036686344537883997
239 0.0040442547760903835
240 0.004080332349985838
241 0.0038800768088549376
242 0.004019538871943951
243 0.003685154253616929
244 0.003798446152359247
245 0.003754998557269573
246 0.0040893577970564365
247 0.004124208353459835
248 0.00398813933134079
249 0.003754564095288515
250 0.0033990091178566217
251 0.003514507319778204
252 0.003757601138204336
253 0.0036362868268042803
254 0.004023871384561062
255 0.003816376207396388
