0 0.00395101448521018
1 0.0033303783275187016
2 0.003591115353628993
3 0.003883638884872198
4 0.004300238098949194
5 0.0037214241456240416
6 0.003981629386544228
7 0.003991506062448025
8 0.004099227022379637
9 0.0035034737084060907
10 0.003946907818317413
11 0.00376262329518795
12 0.003602921264246106
13 0.00377967138774693
14 0.003943517338484526
15 0.00402012700214982
16 0.0037669637240469456
17 0.00377877289429307
18 0.0039045638404786587
19 0.00397478835657239
20 0.004205670207738876
21 0.004135166294872761
22 0.004004072397947311
23 0.003688539145514369
24 0.0037075558211654425
25 0.003935776650905609
26 0.003943468444049358
27 0.004089190158993006
28 0.004141025245189667
29 0.004039940424263477
30 0.004398653749376535
31 0.0036645792424678802
32 0.0037677185609936714
33 0.0036671047564595938
34 0.003831959795206785
35 0.00391074363142252
36 0.004020154010504484
37 0.0037284898571670055
38 0.003965162672102451
39 0.0040978542529046535
40 0.003980109468102455
41 0.0034894391428679228
42 0.0038679009303450584
43 0.0037605157122015953
44 0.004066920839250088
45 0.003911120351403952
46 0.004290647804737091
47 0.00407889299094677
48 0.003743854584172368
49 0.003544015111401677
50 0.004092187155038118
51 0.0037368200719356537
52 0.004029524978250265
53 0.0036899785045534372
54 0.0037110215052962303
55 0.0040017953142523766
56 0.00398884154856205
57 0.003762092674151063
58 0.004070813301950693
59 0.004053179174661636
60 0.003696162486448884
61 0.00388671294786036
62 0.004119380842894316
63 0.0036428491584956646
64 0.004044734872877598
65 0.0038789475802332163
66 0.003762815846130252
67 0.003823217935860157
68 0.0037955427542328835
69 0.004133585374802351
70 0.004038130398839712
71 0.0038644280284643173
72 0.0038566028233617544
73 0.0037881594616919756
74 0.00401011947542429
75 0.004414260853081942
76 0.004089698661118746
77 0.0039585912600159645
78 0.0038238205015659332
79 0.0037058305460959673
80 0.003718478139489889
81 0.004149909596890211
82 0.003800946054980159
83 0.0035304685588926077
84 0.0041496711783111095
85 0.0038464562967419624
86 0.0036741539370268583
87 0.0038714869879186153
88 0.003601664677262306
89 0.0038084257394075394
90 0.004234044346958399
91 0.004230905324220657
92 0.004129852168262005
93 0.004057844169437885
94 0.0038923220708966255
95 0.0036748310085386038
96 0.003858894342556596
97 0.004339881706982851
98 0.0038948412984609604
99 0.00401348527520895
100 0.0040966845117509365
101 0.004245992749929428
102 0.0040102796629071236
103 0.0040717460215091705
104 0.003779703052714467
105 0.004169261548668146
106 0.003809332614764571
107 0.004308599047362804
108 0.0042789774015545845
109 0.004040451254695654
110 0.004099536221474409
111 0.003996056970208883
112 0.00392031017690897
113 0.00460234098136425
114 0.0038598738610744476
115 0.0041130478493869305
116 0.003935195039957762
117 0.004023216664791107
118 0.003637671237811446
119 0.0038090767338871956
120 0.003856600960716605
121 0.004240224603563547
122 0.004338280763477087
123 0.003594377776607871
124 0.004311858210712671
125 0.003730157855898142
126 0.004468431230634451
127 0.003952162340283394
128 0.003852550871670246
129 0.0036611410323530436
130 0.0038494858890771866
131 0.0034181796945631504
132 0.004066681955009699
133 0.004321922082453966
134 0.0037396105471998453
135 0.0035284485202282667
136 0.0043190098367631435
137 0.003862172132357955
138 0.003905748249962926
139 0.003916039597243071
140 0.003708170261234045
141 0.0037888421211391687
142 0.0037932503037154675
143 0.003901724237948656
144 0.003627341939136386
145 0.00401492090895772
146 0.004055852070450783
147 0.00424151448532939
148 0.003932400140911341
149 0.003673386061564088
150 0.0039732507430016994
151 0.004164462443441153
152 0.0033597752917557955
153 0.004086633678525686
154 0.004109935835003853
155 0.003509263275191188
156 0.0036417620722204447
157 0.0035437706392258406
158 0.004146004095673561
159 0.0038527552969753742
160 0.003928909078240395
161 0.0037972209975123405
162 0.004049139562994242
163 0.0037724515423178673
164 0.0038726080674678087
165 0.003946991171687841
166 0.003996886312961578
167 0.0039125485345721245
168 0.0041425772942602634
169 0.004227876663208008
170 0.0036795951891690493
171 0.0038388296961784363
172 0.003575229551643133
173 0.003801265498623252
174 0.004002303350716829
175 0.003872301196679473
176 0.0038986497092992067
177 0.003741501597687602
178 0.0033785628620535135
179 0.0036289789713919163
180 0.0036535777617245913
181 0.004282543435692787
182 0.0038487075362354517
183 0.0038624173030257225
184 0.0037106212694197893
185 0.004104940686374903
186 0.003452508244663477
187 0.0039044341538101435
188 0.0038795233704149723
189 0.0035985447466373444
190 0.003825776046141982
191 0.0037502378690987825
192 0.0037489242386072874
193 0.003851145040243864
194 0.004269957076758146
195 0.004206045530736446
196 0.004285929724574089
197 0.003872298402711749
198 0.0038812558632344007
199 0.00370779144577682
200 0.0038720641750842333
201 0.0037987662944942713
202 0.004023720510303974
203 0.0037427516654133797
204 0.0037533568684011698
205 0.003530382877215743
206 0.0037196807097643614
207 0.0039020078256726265
208 0.004116266034543514
209 0.003968879114836454
210 0.0037923771888017654
211 0.004067362751811743
212 0.0037701588589698076
213 0.0035759664606302977
214 0.00415842654183507
215 0.004238208290189505
216 0.004047988913953304
217 0.0038639591075479984
218 0.0039831772446632385
219 0.003719884902238846
220 0.0036980374716222286
221 0.0039881691336631775
222 0.0037487009540200233
223 0.0041462634690105915
224 0.004215272609144449
225 0.004116763360798359
226 0.004066177643835545
227 0.0037559957709163427
228 0.0038324042689055204
229 0.0041878847405314445
230 0.0037360554561018944
231 0.00417277542874217
232 0.003838649718090892
233 0.003755271667614579
234 0.0037531619891524315
235 0.003828600514680147
236 0.00387290446087718
237 0.0037198185455054045
238 0.003909420222043991
239 0.0042440928518772125
240 0.0040473914705216885
241 0.004077472258359194
242 0.003829284803941846
243 0.0036160522140562534
244 0.0039039598777890205
245 0.0038380685728043318
246 0.004030745942145586
247 0.00411824369803071
248 0.0038164020515978336
249 0.0038684147875756025
250 0.0036475739907473326
251 0.0037108806427568197
252 0.003875777591019869
253 0.0037864407058805227
254 0.003795183263719082
255 0.0037200760561972857
