0 0.003816859796643257
1 0.0034587818663567305
2 0.003929201979190111
3 0.003834298811852932
4 0.004212580155581236
5 0.0038245408795773983
6 0.003936824854463339
7 0.0039026851300150156
8 0.004162674304097891
9 0.0036339513026177883
10 0.003797064768150449
11 0.003961266949772835
12 0.00391010008752346
13 0.003726328257471323
14 0.0038256170228123665
15 0.003882185323163867
16 0.004012733232229948
17 0.003882057499140501
18 0.0038717729039490223
19 0.0037592118605971336
20 0.004076053854078054
21 0.00407002680003643
22 0.0038548221345990896
23 0.003787711961194873
24 0.0036435273941606283
25 0.0038584202993661165
26 0.004210421349853277
27 0.0039292387664318085
28 0.004117955919355154
29 0.003791702911257744
30 0.0042958687990903854
31 0.003743857378140092
32 0.003521410282701254
33 0.0035226931795477867
34 0.003968364559113979
35 0.0039446703158319
36 0.003978710621595383
37 0.003991073928773403
38 0.0038448632694780827
39 0.004183635115623474
40 0.004118867218494415
41 0.0034333590883761644
42 0.0040370263159275055
43 0.0037164120003581047
44 0.004006131552159786
45 0.0040282574482262135
46 0.0043631126172840595
47 0.0037416773848235607
48 0.004027861636132002
49 0.003703498747199774
50 0.0042058974504470825
51 0.0039004667196422815
52 0.0038067507557570934
53 0.003841693513095379
54 0.0039022169075906277
55 0.003685599658638239
56 0.003941775765269995
57 0.0038504155818372965
58 0.003734503872692585
59 0.0039770333096385
60 0.004005711991339922
61 0.003938254434615374
62 0.004216379951685667
63 0.003652661107480526
64 0.0038377223536372185
65 0.003501464147120714
66 0.003723463276401162
67 0.004164804704487324
68 0.003672933904454112
69 0.004058088641613722
70 0.004027883522212505
71 0.0038978217635303736
72 0.0039565288461744785
73 0.0036198345478624105
74 0.004002213943749666
75 0.004163116682320833
76 0.0039009754545986652
77 0.003931999672204256
78 0.0037107111420482397
79 0.0036333955358713865
80 0.0038031062576919794
81 0.004034567624330521
82 0.003840968944132328
83 0.003764828434213996
84 0.0039687794633209705
85 0.003811392467468977
86 0.003877419512718916
87 0.004035347606986761
88 0.003596056718379259
89 0.0038270328659564257
90 0.003885936690494418
91 0.0041329944506287575
92 0.0038454439491033554
93 0.004551510792225599
94 0.003796724369749427
95 0.0037959753535687923
96 0.003952030558139086
97 0.004288928583264351
98 0.0039522964507341385
99 0.004080536775290966
100 0.0037352165672928095
101 0.004166892264038324
102 0.0036793688777834177
103 0.0043497043661773205
104 0.003556699026376009
105 0.004335189238190651
106 0.0038902161177247763
107 0.004350933246314526
108 0.004186442121863365
109 0.0037541852798312902
110 0.0036784852854907513
111 0.0039443993009626865
112 0.0037017229478806257
113 0.004512749146670103
114 0.0042331647127866745
115 0.003953385632485151
116 0.0038214344531297684
117 0.004057026002556086
118 0.003513930132612586
119 0.004184420686215162
120 0.0038051626179367304
121 0.004068458918482065
122 0.004461776930838823
123 0.0037936291191726923
124 0.004165278747677803
125 0.003872104687616229
126 0.004140157718211412
127 0.003658674191683531
128 0.0036455995868891478
129 0.003845471190288663
130 0.0034136511385440826
131 0.0037401681765913963
132 0.0037891846150159836
133 0.004187548998743296
134 0.003845209488645196
135 0.0034419202711433172
136 0.004156099632382393
137 0.0037994154263287783
138 0.0041004354134202
139 0.003946910612285137
140 0.003835342125967145
141 0.0036239693872630596
142 0.0036869889590889215
143 0.003947812132537365
144 0.003583992598578334
145 0.004242643713951111
146 0.0040343767032027245
147 0.004087827168405056
148 0.003969480749219656
149 0.004000486806035042
150 0.004063372500240803
151 0.004281305242329836
152 0.003551178378984332
153 0.003989115823060274
154 0.0038422090001404285
155 0.003730050753802061
156 0.0038429386913776398
157 0.003666676813736558
158 0.0040503693744540215
159 0.003775529796257615
160 0.0037066200748085976
161 0.0037390077486634254
162 0.003925480414181948
163 0.003648260608315468
164 0.0037211687304079533
165 0.0035657831467688084
166 0.003990266937762499
167 0.0038888268172740936
168 0.004141627810895443
169 0.004337857943028212
170 0.003752607386559248
171 0.003797411685809493
172 0.003601226955652237
173 0.0036361899692565203
174 0.003840049961581826
175 0.003927665296941996
176 0.004066783934831619
177 0.003984351176768541
178 0.0033626274671405554
179 0.0037644188851118088
180 0.0036663436330854893
181 0.004502209834754467
182 0.0040235514752566814
183 0.003938509151339531
184 0.003984403796494007
185 0.004259965848177671
186 0.0035386744420975447
187 0.003939792979508638
188 0.00363792828284204
189 0.0038142898119986057
190 0.0038596170488744974
191 0.003683585673570633
192 0.0039345696568489075
193 0.004284233320504427
194 0.004144607577472925
195 0.004372232593595982
196 0.004225112032145262
197 0.003758345963433385
198 0.0038506274577230215
199 0.0038783675990998745
200 0.0039878846146166325
201 0.003810546360909939
202 0.004081974737346172
203 0.003951605409383774
204 0.004031562712043524
205 0.003657909343019128
206 0.0036379473749548197
207 0.003867697436362505
208 0.004045755136758089
209 0.0039123548194766045
210 0.0035973787307739258
211 0.004011071752756834
212 0.0035643097944557667
213 0.003883795812726021
214 0.0039692651480436325
215 0.0037631369195878506
216 0.0042017120867967606
217 0.004079529549926519
218 0.003990687895566225
219 0.0037338929250836372
220 0.0037299348041415215
221 0.004065184388309717
222 0.003850484499707818
223 0.004199131857603788
224 0.003799289930611849
225 0.003943569026887417
226 0.003767064306885004
227 0.003801507642492652
228 0.00414246367290616
229 0.004182975273579359
230 0.003891346976161003
231 0.004113676026463509
232 0.0037307320162653923
233 0.003870168002322316
234 0.0035990276373922825
235 0.0037151009310036898
236 0.004017914645373821
237 0.0037029734812676907
238 0.0037378286942839622
239 0.004049939569085836
240 0.004172066692262888
241 0.004204011522233486
242 0.004105593543499708
243 0.0036546713672578335
244 0.003818135242909193
245 0.0037007753271609545
246 0.004184468649327755
247 0.004434090573340654
248 0.0041126674041152
249 0.0037896791473031044
250 0.003839917713776231
251 0.003568200394511223
252 0.003903929376974702
253 0.0039757611230015755
254 0.003882924560457468
255 0.003823330858722329
