0 0.004071285482496023
1 0.003537202952429652
2 0.0039202068001031876
3 0.003857237286865711
4 0.004399518482387066
5 0.003926468081772327
6 0.003995582461357117
7 0.003924576565623283
8 0.003988678567111492
9 0.0035383692011237144
10 0.003923068754374981
11 0.004039747640490532
12 0.003709012409672141
13 0.0035743394400924444
14 0.004152016248553991
15 0.003752779681235552
16 0.00401351461187005
17 0.0040146964602172375
18 0.003850396256893873
19 0.003676807740703225
20 0.004042092245072126
21 0.003888424253091216
22 0.003852768102660775
23 0.0035101762041449547
24 0.003839781042188406
25 0.0038657900877296925
26 0.004049245268106461
27 0.0039405180141329765
28 0.004049717448651791
29 0.0038092639297246933
30 0.00408000685274601
31 0.0035331277176737785
32 0.0036294572055339813
33 0.0034335192758589983
34 0.0038444031961262226
35 0.004117003176361322
36 0.004321178887039423
37 0.00392367597669363
38 0.0038724590558558702
39 0.004458500538021326
40 0.004016755614429712
41 0.003268601605668664
42 0.00395484222099185
43 0.0037652666214853525
44 0.003977579530328512
45 0.004112428519874811
46 0.004595229867845774
47 0.004096486140042543
48 0.003708962583914399
49 0.0037363336887210608
50 0.0042722877115011215
51 0.003748202696442604
52 0.004058845341205597
53 0.0037650354206562042
54 0.004101589322090149
55 0.0038826835807412863
56 0.003954602871090174
57 0.0037539098411798477
58 0.003750159405171871
59 0.004104698076844215
60 0.0036867973394691944
61 0.003794856835156679
62 0.004113879986107349
63 0.003548171604052186
64 0.0039013337809592485
65 0.0036187428049743176
66 0.003722441615536809
67 0.004035308491438627
68 0.0038166886661201715
69 0.004387867636978626
70 0.0040666586719453335
71 0.003716008272022009
72 0.003999750595539808
73 0.0036247509997338057
74 0.004029834643006325
75 0.0038631479255855083
76 0.003956110216677189
77 0.003690613666549325
78 0.0036552436649799347
79 0.0033944377209991217
80 0.0037989974953234196
81 0.00385881494730711
82 0.0037983632646501064
83 0.0038029015995562077
84 0.004376690834760666
85 0.003687202464789152
86 0.0037147579714655876
87 0.0038289849180728197
88 0.0035685915499925613
89 0.0038145403377711773
90 0.004026907030493021
91 0.0041178385727107525
92 0.004054561257362366
93 0.004313625395298004
94 0.0037317154929041862
95 0.0038350874092429876
96 0.0037336591631174088
97 0.004306507762521505
98 0.003937822300940752
99 0.004076871555298567
100 0.003874081652611494
101 0.003954316955059767
102 0.003618482034653425
103 0.004203322809189558
104 0.003749801078811288
105 0.004165300168097019
106 0.004003144800662994
107 0.004415817558765411
108 0.004198456648737192
109 0.003744057146832347
110 0.0038345837965607643
111 0.0035450041759759188
112 0.0037280619144439697
113 0.004398785997182131
114 0.00405048206448555
115 0.0040035066194832325
116 0.003973785787820816
117 0.004153548739850521
118 0.003452521748840809
119 0.00420455913990736
120 0.0037572418805211782
121 0.0038377053570002317
122 0.004380969330668449
123 0.003608571132645011
124 0.004047642927616835
125 0.003931527025997639
126 0.004233234561979771
127 0.003845900297164917
128 0.0035900981165468693
129 0.004080433864146471
130 0.0037519473116844893
131 0.004016449209302664
132 0.003958673682063818
133 0.0039388262666761875
134 0.004110558889806271
135 0.0035404092632234097
136 0.004258363973349333
137 0.003873396897688508
138 0.004070689436048269
139 0.003977135289460421
140 0.003581973258405924
141 0.0037092422135174274
142 0.003841694910079241
143 0.003910503815859556
144 0.003543854458257556
145 0.00428251177072525
146 0.003731055883690715
147 0.004202703945338726
148 0.003844931023195386
149 0.004077533259987831
150 0.004106493201106787
151 0.004263096954673529
152 0.0036954530514776707
153 0.004105854779481888
154 0.0041348375380039215
155 0.0036514527164399624
156 0.003868961939588189
157 0.003545519430190325
158 0.0038694865070283413
159 0.0038704152684658766
160 0.003466095542535186
161 0.0037625653203576803
162 0.004010781645774841
163 0.0037702186964452267
164 0.0039632669650018215
165 0.003904361743479967
166 0.003886911552399397
167 0.004179500043392181
168 0.004070515278726816
169 0.004200860857963562
170 0.003555268980562687
171 0.00375664746388793
172 0.0033452326897531748
173 0.0037699576932936907
174 0.004123208578675985
175 0.00404475349932909
176 0.004062021616846323
177 0.003910513129085302
178 0.0035925665870308876
179 0.0037438534200191498
180 0.0036999203730374575
181 0.004295638296753168
182 0.004114310257136822
183 0.0036677373573184013
184 0.004038103390485048
185 0.004362964536994696
186 0.003640370210632682
187 0.00396394869312644
188 0.0033931746147572994
189 0.003735119476914406
190 0.003748274175450206
191 0.0036551961675286293
192 0.0039021705742925406
193 0.003949138801544905
194 0.004082451108843088
195 0.004291214514523745
196 0.0042808097787201405
197 0.003956122323870659
198 0.003843975020572543
199 0.0038113449700176716
200 0.004087686073035002
201 0.003842213423922658
202 0.004066063556820154
203 0.003919441252946854
204 0.003808899549767375
205 0.003778244135901332
206 0.0036869726609438658
207 0.003854163223877549
208 0.003810996189713478
209 0.003922145813703537
210 0.003850724780932069
211 0.004103503189980984
212 0.0035816526506096125
213 0.0037084114737808704
214 0.003945731092244387
215 0.0038991139736026525
216 0.004414527211338282
217 0.004016748629510403
218 0.004048097878694534
219 0.0037517983000725508
220 0.004032445140182972
221 0.004024691414088011
222 0.0035853718873113394
223 0.004512131679803133
224 0.003744980785995722
225 0.00383329507894814
226 0.0038586093578487635
227 0.0038299455773085356
228 0.004335783887654543
229 0.0041862186044454575
230 0.0038689561188220978
231 0.004181371536105871
232 0.0039763497188687325
233 0.003853355534374714
234 0.003737263148650527
235 0.003761273343116045
236 0.0039057505782693624
237 0.00394724914804101
238 0.003621339565142989
239 0.00407277001067996
240 0.004129999317228794
241 0.00397284934297204
242 0.004079215694218874
243 0.0036964518949389458
244 0.0037038722075521946
245 0.0036310344003140926
246 0.004086259752511978
247 0.004440598655492067
248 0.0040835365653038025
249 0.003811202012002468
250 0.003791420953348279
251 0.0036230715923011303
252 0.0037903334014117718
253 0.003747599432244897
254 0.0038248023483902216
255 0.0035931451711803675
