0 0.003975719679147005
1 0.0032523798290640116
2 0.003892179112881422
3 0.003963863011449575
4 0.004026796668767929
5 0.003752544056624174
6 0.003842215985059738
7 0.003988553769886494
8 0.004291188903152943
9 0.003546446328982711
10 0.0040674670599401
11 0.0038977169897407293
12 0.003718399442732334
13 0.0039354534819722176
14 0.003848608583211899
15 0.003948516212403774
16 0.003932468127459288
17 0.003852646332234144
18 0.0037600707728415728
19 0.0037924828939139843
20 0.004056993406265974
21 0.0041146003641188145
22 0.003752337535843253
23 0.0036878162063658237
24 0.00394965847954154
25 0.004096738528460264
26 0.003807811765000224
27 0.003847859101369977
28 0.004065358079969883
29 0.0037949688266962767
30 0.004331851378083229
31 0.00396700156852603
32 0.0035356355365365744
33 0.0037674028426408768
34 0.003517785808071494
35 0.0039340052753686905
36 0.0038868694100528955
37 0.00392780639231205
38 0.0041285050101578236
39 0.004111514892429113
40 0.003963280934840441
41 0.0035513064358383417
42 0.003996234852820635
43 0.0036160172894597054
44 0.004003284033387899
45 0.003969111945480108
46 0.004074699245393276
47 0.004289861768484116
48 0.0038262885063886642
49 0.0039005361031740904
50 0.003998956643044949
51 0.0036621030885726213
52 0.004161945078521967
53 0.003916694317013025
54 0.004040839150547981
55 0.004015148151665926
56 0.004206825513392687
57 0.004009721800684929
58 0.003746924689039588
59 0.0037641790695488453
60 0.0038989002350717783
61 0.004001503810286522
62 0.004171991255134344
63 0.003563349600881338
64 0.004084947519004345
65 0.0038148993626236916
66 0.0038228174671530724
67 0.003748769871890545
68 0.004157739691436291
69 0.003938091918826103
70 0.004233572166413069
71 0.004030420444905758
72 0.003894281340762973
73 0.0035514479968696833
74 0.004071678966283798
75 0.004130756016820669
76 0.003921504598110914
77 0.004014426376670599
78 0.0037205794360488653
79 0.003846195060759783
80 0.0038030664436519146
81 0.003909130115061998
82 0.003910491243004799
83 0.0035294173285365105
84 0.004004610702395439
85 0.003714535618200898
86 0.003722097259014845
87 0.0037342181894928217
88 0.0036474408116191626
89 0.003870162181556225
90 0.003835197538137436
91 0.003682477865368128
92 0.0038461985532194376
93 0.004025142174214125
94 0.0036006271839141846
95 0.003732510143890977
96 0.0040986062958836555
97 0.004352230112999678
98 0.0037044400814920664
99 0.0042748949490487576
100 0.003920847550034523
101 0.004170452710241079
102 0.003671722486615181
103 0.004185897763818502
104 0.003734452649950981
105 0.004025228787213564
106 0.003960144706070423
107 0.004569512791931629
108 0.004147379193454981
109 0.004230822436511517
110 0.004272666294127703
111 0.003910935949534178
112 0.003936776891350746
113 0.004177033435553312
114 0.004165889695286751
115 0.003899424569681287
116 0.003965187352150679
117 0.0038455482572317123
118 0.0036646246444433928
119 0.0035557481460273266
120 0.004012185148894787
121 0.0039731590077281
122 0.004550864454358816
123 0.004037176258862019
124 0.004336098674684763
125 0.003920670598745346
126 0.004174413625150919
127 0.003875351045280695
128 0.0036375978961586952
129 0.0038360608741641045
130 0.003650930942967534
131 0.003536640666425228
132 0.0037695185746997595
133 0.004004755523055792
134 0.0038170148618519306
135 0.0036568737123161554
136 0.004102472681552172
137 0.0038597164675593376
138 0.004182072356343269
139 0.0036969194188714027
140 0.0037461351603269577
141 0.00352131063118577
142 0.0037834499962627888
143 0.00367822777479887
144 0.0034535741433501244
145 0.004096338525414467
146 0.0037047506775707006
147 0.0038054429460316896
148 0.003917413763701916
149 0.003954727668315172
150 0.004153526853770018
151 0.003985993564128876
152 0.003758138045668602
153 0.0038355658762156963
154 0.003899276489391923
155 0.0034551045391708612
156 0.0037565843667834997
157 0.0037539764307439327
158 0.0041404119692742825
159 0.003648813348263502
160 0.0035369263496249914
161 0.003755527548491955
162 0.004485791083425283
163 0.0034875732380896807
164 0.003756703808903694
165 0.004115089774131775
166 0.003917889669537544
167 0.003968515899032354
168 0.003969789482653141
169 0.0042607844807207584
170 0.0037088291719555855
171 0.0038011963479220867
172 0.003578662406653166
173 0.003970999736338854
174 0.004082587081938982
175 0.004107258748263121
176 0.00428287498652935
177 0.0038048955611884594
178 0.003446469083428383
179 0.0037901941686868668
180 0.0037384163588285446
181 0.004224062897264957
182 0.004201436880975962
183 0.003993374295532703
184 0.004105893429368734
185 0.004122121259570122
186 0.003783059772104025
187 0.0038603837601840496
188 0.004007027950137854
189 0.004080257378518581
190 0.003822438418865204
191 0.0037803146988153458
192 0.0037439754232764244
193 0.004178110975772142
194 0.0038752886466681957
195 0.00415094243362546
196 0.00440332992002368
197 0.003882870078086853
198 0.0038636070676147938
199 0.003951978869736195
200 0.004050686024129391
201 0.003913224674761295
202 0.003990245051681995
203 0.003904842073097825
204 0.0038429105188697577
205 0.0038528821896761656
206 0.003717971732839942
207 0.004005038645118475
208 0.004067483823746443
209 0.004282157868146896
210 0.003676159307360649
211 0.004056797828525305
212 0.003514702897518873
213 0.003692655824124813
214 0.004319716244935989
215 0.003951039630919695
216 0.004230006597936153
217 0.00399840297177434
218 0.0037141316570341587
219 0.0040682582184672356
220 0.0038540700916200876
221 0.0038899846840649843
222 0.0039251865819096565
223 0.004171890206634998
224 0.003650764701887965
225 0.003775632241740823
226 0.004053864628076553
227 0.00391473900526762
228 0.003868606872856617
229 0.0039612832479178905
230 0.0038726874627172947
231 0.004039711784571409
232 0.0040298691019415855
233 0.0036276988685131073
234 0.0037433926481753588
235 0.003913820255547762
236 0.004046108108013868
237 0.0038317162543535233
238 0.0035260170698165894
239 0.0040235756896436214
240 0.0040349774062633514
241 0.0038367770612239838
242 0.0038391873240470886
243 0.0036911037750542164
244 0.0038145773578435183
245 0.004026493523269892
246 0.0042767892591655254
247 0.00412077596411109
248 0.00394840631633997
249 0.0036259531043469906
250 0.0037781873252242804
251 0.0036336886696517467
252 0.00363504933193326
253 0.0035507194697856903
254 0.00379115785472095
255 0.003641707357019186
