0 0.003930302802473307
1 0.0035569961182773113
2 0.0037504397332668304
3 0.004002696368843317
4 0.004187450278550386
5 0.0038130420725792646
6 0.003937084693461657
7 0.004013756290078163
8 0.004056714009493589
9 0.0037221512757241726
10 0.003943780902773142
11 0.003916915040463209
12 0.003589018015190959
13 0.003739205887541175
14 0.0037655604537576437
15 0.0038706001359969378
16 0.004136374220252037
17 0.0039667789824306965
18 0.003760486375540495
19 0.0039865016005933285
20 0.004142032470554113
21 0.0041060252115130424
22 0.003891346510499716
23 0.003823918057605624
24 0.003898268099874258
25 0.004012047778815031
26 0.0038929139263927937
27 0.0039109475910663605
28 0.004038886167109013
29 0.0038539250381290913
30 0.004287536256015301
31 0.00384978367947042
32 0.003528864122927189
33 0.0034951658453792334
34 0.0038633246440440416
35 0.0038408853579312563
36 0.0040048109367489815
37 0.003963318187743425
38 0.003921969793736935
39 0.004237901419401169
40 0.004213069565594196
41 0.003443679539486766
42 0.00390014611184597
43 0.0037665506824851036
44 0.0038654361851513386
45 0.004030447453260422
46 0.004419482313096523
47 0.004034602083265781
48 0.003997966181486845
49 0.003729327581822872
50 0.0043405876494944096
51 0.0037565715610980988
52 0.003954226151108742
53 0.0037478755693882704
54 0.0038820768240839243
55 0.004098372533917427
56 0.0041493866592645645
57 0.003945286385715008
58 0.003717149142175913
59 0.00390648702159524
60 0.003778157290071249
61 0.0036640590988099575
62 0.003992356825619936
63 0.0035721557214856148
64 0.003833885071799159
65 0.0037410412915050983
66 0.003890643361955881
67 0.003828860353678465
68 0.003822911297902465
69 0.004187630955129862
70 0.0042672972194850445
71 0.003969111945480108
72 0.00408322736620903
73 0.0037123793736100197
74 0.003968117292970419
75 0.004172131884843111
76 0.003803874598816037
77 0.003869385691359639
78 0.003779864404350519
79 0.003919233102351427
80 0.003941849339753389
81 0.004039611201733351
82 0.0037293201312422752
83 0.0035310250241309404
84 0.004022594075649977
85 0.0036809162702411413
86 0.0037203480023890734
87 0.003887166967615485
88 0.0036650036927312613
89 0.0036679201293736696
90 0.003913939464837313
91 0.003955949563533068
92 0.003970549441874027
93 0.004325533751398325
94 0.0039010837208479643
95 0.003918646369129419
96 0.003846517065539956
97 0.0040870425291359425
98 0.003927209414541721
99 0.004170774947851896
100 0.003799967933446169
101 0.004198940936475992
102 0.0037009164225310087
103 0.004046151880174875
104 0.0037938891910016537
105 0.003892243839800358
106 0.003984247799962759
107 0.004416391719132662
108 0.0041248076595366
109 0.004062557127326727
110 0.004237560089677572
111 0.003544717328622937
112 0.0035387002862989902
113 0.004309431184083223
114 0.004169166553765535
115 0.003969178069382906
116 0.003955135587602854
117 0.003934288397431374
118 0.0035826503299176693
119 0.003982435446232557
120 0.00401097908616066
121 0.003928746096789837
122 0.004233195446431637
123 0.003821500577032566
124 0.004242905415594578
125 0.004033681936562061
126 0.004139372147619724
127 0.003725024638697505
128 0.003727145027369261
129 0.0038025774993002415
130 0.003721944522112608
131 0.0038107791915535927
132 0.0038295830599963665
133 0.004163521341979504
134 0.00379868783056736
135 0.003677611704915762
136 0.004206471145153046
137 0.003836636897176504
138 0.004003980662673712
139 0.0039672162383794785
140 0.0037322870921343565
141 0.003455595811828971
142 0.0037240672390908003
143 0.003841397352516651
144 0.0036159511655569077
145 0.004104594234377146
146 0.004073388874530792
147 0.004007450770586729
148 0.003989194519817829
149 0.004156700801104307
150 0.004079631995409727
151 0.004032766912132502
152 0.0034765463788062334
153 0.0037284272257238626
154 0.0037869594525545835
155 0.0036378782242536545
156 0.0037297329399734735
157 0.0035448428243398666
158 0.004055346827954054
159 0.0037726673763245344
160 0.003690939862281084
161 0.003885827958583832
162 0.004234072752296925
163 0.0036095879040658474
164 0.0036518818233162165
165 0.003952927887439728
166 0.0040177758783102036
167 0.0037754622753709555
168 0.004143580794334412
169 0.004344320856034756
170 0.0036709881387650967
171 0.0037960652261972427
172 0.003659520298242569
173 0.0038208793848752975
174 0.0040569002740085125
175 0.0039656879380345345
176 0.004201006609946489
177 0.003947295248508453
178 0.003518134355545044
179 0.0037256311625242233
180 0.003749875584617257
181 0.004232919774949551
182 0.004005954135209322
183 0.0038696718402206898
184 0.0038080948870629072
185 0.0043719797395169735
186 0.003540612291544676
187 0.003967502620071173
188 0.0038544179406017065
189 0.003985431045293808
190 0.00390848983079195
191 0.003668059827759862
192 0.003894355846568942
193 0.004105938598513603
194 0.0039623938500881195
195 0.004130200482904911
196 0.004259304143488407
197 0.0038086657878011465
198 0.003882531775161624
199 0.0037682554684579372
200 0.0038282768800854683
201 0.003788434900343418
202 0.003914407454431057
203 0.0038126385770738125
204 0.003820250043645501
205 0.0038482584059238434
206 0.0036982325837016106
207 0.003842429257929325
208 0.004065740387886763
209 0.004109672736376524
210 0.0036456917878240347
211 0.004137375392019749
212 0.003687990829348564
213 0.003733469871804118
214 0.004193651955574751
215 0.003815662581473589
216 0.0040768045000731945
217 0.004164217971265316
218 0.0038091884925961494
219 0.003698620479553938
220 0.004002836067229509
221 0.0038220661226660013
222 0.0037224688567221165
223 0.00400261115282774
224 0.003783226478844881
225 0.003887974889948964
226 0.004145203158259392
227 0.004075648263096809
228 0.004108543042093515
229 0.004150258377194405
230 0.003907619975507259
231 0.004217007663100958
232 0.004112951923161745
233 0.0038999838288873434
234 0.003878904739394784
235 0.003803740721195936
236 0.004002365283668041
237 0.0037736271042376757
238 0.0036919491831213236
239 0.004429874010384083
240 0.004133140668272972
241 0.0038793000858277082
242 0.003982858266681433
243 0.0035962658002972603
244 0.00372903048992157
245 0.0036255712620913982
246 0.004096691031008959
247 0.004182926844805479
248 0.0037936423905193806
249 0.003944084048271179
250 0.003703046590089798
251 0.003351260209456086
252 0.003833961207419634
253 0.003633913118392229
254 0.004030734766274691
255 0.0035923891700804234
