0 0.003821952035650611
1 0.0033532259985804558
2 0.003818224184215069
3 0.004039856605231762
4 0.004044709727168083
5 0.003931617829948664
6 0.0039050087798386812
7 0.0040548271499574184
8 0.003973609767854214
9 0.0037488718517124653
10 0.004017322324216366
11 0.003991711884737015
12 0.003676249412819743
13 0.003670445876196027
14 0.00367388385348022
15 0.0038486910052597523
16 0.0039185951463878155
17 0.0038404217921197414
18 0.003749832510948181
19 0.003964732401072979
20 0.0040825130417943
21 0.004007569048553705
22 0.003945518285036087
23 0.003978117369115353
24 0.004055209457874298
25 0.00413876585662365
26 0.003996998071670532
27 0.003995491191744804
28 0.003973118495196104
29 0.0038217818364501
30 0.004269072320312262
31 0.003835892304778099
32 0.0037319427356123924
33 0.003699508961290121
34 0.0037364952731877565
35 0.004014917649328709
36 0.003892695065587759
37 0.003661741968244314
38 0.004060933832079172
39 0.004093961324542761
40 0.004103764425963163
41 0.0032666728366166353
42 0.003768744645640254
43 0.003637096146121621
44 0.0040421211160719395
45 0.003949638456106186
46 0.004310583230108023
47 0.0041513205505907536
48 0.003895379602909088
49 0.0036624339409172535
50 0.0041982620023190975
51 0.003572758985683322
52 0.004001052584499121
53 0.003906172001734376
54 0.003738745581358671
55 0.0038143715355545282
56 0.004226927179843187
57 0.003957369830459356
58 0.0038442376535385847
59 0.004035820718854666
60 0.003814428113400936
61 0.003992659039795399
62 0.004241981543600559
63 0.0037502464838325977
64 0.003946902230381966
65 0.0037646153941750526
66 0.003768172347918153
67 0.003961177077144384
68 0.003931720741093159
69 0.0040460508316755295
70 0.004280801396816969
71 0.00376418000087142
72 0.004005405120551586
73 0.003644572803750634
74 0.003942649811506271
75 0.004385359585285187
76 0.003971883561462164
77 0.004017348401248455
78 0.003753817407414317
79 0.003846285166218877
80 0.003894837573170662
81 0.004015383776277304
82 0.0038036752957850695
83 0.0037953779101371765
84 0.004047160968184471
85 0.003784357802942395
86 0.0036657345481216908
87 0.003918246366083622
88 0.0035642811562865973
89 0.0036832308396697044
90 0.003960557281970978
91 0.00398706179112196
92 0.003786123590543866
93 0.004191315732896328
94 0.003800412639975548
95 0.0038842030335217714
96 0.003775525838136673
97 0.003936877474188805
98 0.003830832662060857
99 0.003999390173703432
100 0.00387159688398242
101 0.004301766864955425
102 0.0037440964952111244
103 0.004146754741668701
104 0.003799211932346225
105 0.0040557063184678555
106 0.003881696378812194
107 0.004259690176695585
108 0.004155504517257214
109 0.003949632402509451
110 0.003959793131798506
111 0.003654531203210354
112 0.003842787817120552
113 0.004637603648006916
114 0.0042620752938091755
115 0.0037920901086181402
116 0.004128372296690941
117 0.00399881973862648
118 0.0036483199801295996
119 0.0038756770081818104
120 0.003934529144316912
121 0.004130181856453419
122 0.004339379258453846
123 0.0037888858933001757
124 0.004197917878627777
125 0.0038161841221153736
126 0.004065094515681267
127 0.003996880725026131
128 0.003714983817189932
129 0.0037852744571864605
130 0.003641013754531741
131 0.0036287803668528795
132 0.003825291059911251
133 0.00423783715814352
134 0.003918868955224752
135 0.0035646234173327684
136 0.004314604680985212
137 0.0036027305759489536
138 0.004098841454833746
139 0.0039036397356539965
140 0.0036952090449631214
141 0.003459972096607089
142 0.003659540554508567
143 0.003750108415260911
144 0.003772289026528597
145 0.004203358199447393
146 0.004017440602183342
147 0.0041189854964613914
148 0.0037593788001686335
149 0.004095693584531546
150 0.003855437971651554
151 0.004164312034845352
152 0.0036716971080750227
153 0.004004678223282099
154 0.003858806099742651
155 0.0035355640575289726
156 0.003686817130073905
157 0.003762410022318363
158 0.004009815864264965
159 0.003539452562108636
160 0.003424649126827717
161 0.0037178483325988054
162 0.004086506552994251
163 0.0036543598398566246
164 0.0036581438034772873
165 0.0038423456717282534
166 0.003888555336743593
167 0.0038270012009888887
168 0.004222997464239597
169 0.004178628325462341
170 0.0035586568992584944
171 0.003877864219248295
172 0.003917810507118702
173 0.003733841236680746
174 0.004077976103872061
175 0.003858023090288043
176 0.004333567805588245
177 0.00392009736970067
178 0.0034408068750053644
179 0.0038662368897348642
180 0.0036174729466438293
181 0.004253785591572523
182 0.004166343715041876
183 0.003867496969178319
184 0.004122299142181873
185 0.004177946597337723
186 0.0037812208756804466
187 0.0038511583115905523
188 0.00396181084215641
189 0.0038767883088439703
190 0.00392781849950552
191 0.0035963670816272497
192 0.00400572968646884
193 0.0041029686108231544
194 0.004270606208592653
195 0.004073914606124163
196 0.004091981332749128
197 0.0038295076228678226
198 0.003969675861299038
199 0.003970431163907051
200 0.003906504716724157
201 0.003719119355082512
202 0.003950773272663355
203 0.0037720061372965574
204 0.0037495929282158613
205 0.0035892638843506575
206 0.003551159054040909
207 0.003986355382949114
208 0.0040086242370307446
209 0.0038440858479589224
210 0.00384337967261672
211 0.004037665203213692
212 0.003603654447942972
213 0.0038635553792119026
214 0.0042051151394844055
215 0.004067947156727314
216 0.004207562189549208
217 0.004070087801665068
218 0.003857856383547187
219 0.003896926296874881
220 0.003704408649355173
221 0.004214434884488583
222 0.0038852656725794077
223 0.00403140252456069
224 0.0037733782082796097
225 0.0038904824759811163
226 0.003902440657839179
227 0.0037822432350367308
228 0.004076971206814051
229 0.004039870109409094
230 0.0038495701737701893
231 0.004037742968648672
232 0.004122206941246986
233 0.0038678499404340982
234 0.0038426490500569344
235 0.003683598479256034
236 0.0040926504880189896
237 0.0038657020777463913
238 0.003794891992583871
239 0.00418602442368865
240 0.0040620495565235615
241 0.004092220216989517
242 0.0039055703673511744
243 0.003387075150385499
244 0.003866039915010333
245 0.00399970356374979
246 0.004179425537586212
247 0.004152700770646334
248 0.0040447101928293705
249 0.003860762808471918
250 0.003630861174315214
251 0.003560841316357255
252 0.0037381567526608706
253 0.0037622612435370684
254 0.003773616859689355
255 0.003641112707555294
