0 0.004123534541577101
1 0.003471001284196973
2 0.0036310076247900724
3 0.0039171152748167515
4 0.004076862242072821
5 0.0038941677194088697
6 0.004060484003275633
7 0.00425819493830204
8 0.0043152570724487305
9 0.0037257380317896605
10 0.004006495233625174
11 0.0038247217889875174
12 0.0036796084605157375
13 0.0039466568268835545
14 0.003861090401187539
15 0.003968637436628342
16 0.004135972820222378
17 0.0037896507419645786
18 0.0037215526681393385
19 0.003987935371696949
20 0.003935036715120077
21 0.004321735817939043
22 0.004046511370688677
23 0.003764825640246272
24 0.00396291958168149
25 0.004006934817880392
26 0.004026484675705433
27 0.003936683759093285
28 0.003993398509919643
29 0.003936292137950659
30 0.004289556294679642
31 0.0038434984162449837
32 0.003522613551467657
33 0.003616980044171214
34 0.003597363131120801
35 0.0040758573450148106
36 0.004220822360366583
37 0.003774321638047695
38 0.00397646427154541
39 0.004261340014636517
40 0.00419691763818264
41 0.003387131728231907
42 0.0039003805723041296
43 0.0038687088526785374
44 0.003907560370862484
45 0.0038351521361619234
46 0.0043655578047037125
47 0.0041678668931126595
48 0.003975921776145697
49 0.0038609597831964493
50 0.004315314348787069
51 0.0036075704265385866
52 0.003925206605345011
53 0.003927821293473244
54 0.0037598779890686274
55 0.004195742774754763
56 0.004023032262921333
57 0.0036696670576930046
58 0.003902464173734188
59 0.0037776802200824022
60 0.0038428178522735834
61 0.004022616893053055
62 0.004256307613104582
63 0.0038339458405971527
64 0.00407806783914566
65 0.0038828286342322826
66 0.0036742077209055424
67 0.003929613623768091
68 0.003913287539035082
69 0.004155307076871395
70 0.004125588107854128
71 0.003732105018571019
72 0.003933053929358721
73 0.0038891013246029615
74 0.0038708371575921774
75 0.004359063692390919
76 0.004100416786968708
77 0.003990698140114546
78 0.003755635814741254
79 0.003658195724710822
80 0.0036766529083251953
81 0.004090447910130024
82 0.003879223484545946
83 0.003747089533135295
84 0.003936904948204756
85 0.003601039992645383
86 0.003929833881556988
87 0.003943670075386763
88 0.0033999194856733084
89 0.0038333262782543898
90 0.004155278205871582
91 0.003909167367964983
92 0.003827368374913931
93 0.004073964431881905
94 0.0038084685802459717
95 0.0038720406591892242
96 0.003926437813788652
97 0.004209313541650772
98 0.0037230958696454763
99 0.004147193860262632
100 0.003932198975235224
101 0.003871090244501829
102 0.003905220190063119
103 0.004133767448365688
104 0.003723517758771777
105 0.004288628697395325
106 0.0037391011137515306
107 0.004468556027859449
108 0.003966829739511013
109 0.0037290810141712427
110 0.0038237704429775476
111 0.003825918072834611
112 0.0036717441398650408
113 0.004264997784048319
114 0.0038957505021244287
115 0.003765109460800886
116 0.003955168649554253
117 0.003962668124586344
118 0.00355465617030859
119 0.004032006021589041
120 0.003841907251626253
121 0.004347461741417646
122 0.0042425948195159435
123 0.003788504982367158
124 0.00398859241977334
125 0.003834623610600829
126 0.004053845535963774
127 0.003931127488613129
128 0.0037041357718408108
129 0.0037231938913464546
130 0.0038042108062654734
131 0.0037768883630633354
132 0.003968474920839071
133 0.004288128111511469
134 0.003955933265388012
135 0.003557121381163597
136 0.004223843105137348
137 0.0038223350420594215
138 0.00423457333818078
139 0.003934131469577551
140 0.003676167456433177
141 0.0036756270565092564
142 0.0039257025346159935
143 0.003609387669712305
144 0.003667275421321392
145 0.004082423634827137
146 0.0038068974390625954
147 0.003775977063924074
148 0.0037881205789744854
149 0.003807056462392211
150 0.0038810933474451303
151 0.004116313066333532
152 0.0037287066224962473
153 0.003838334698230028
154 0.0037489207461476326
155 0.0036339445505291224
156 0.0039144158363342285
157 0.0038312915712594986
158 0.004127176012843847
159 0.0036418400704860687
160 0.0037749072071164846
161 0.0038459741044789553
162 0.004495999310165644
163 0.003649259451776743
164 0.003762368578463793
165 0.0038819522596895695
166 0.003807410830631852
167 0.0036404202692210674
168 0.004166720435023308
169 0.003994319587945938
170 0.003791134338825941
171 0.00394296133890748
172 0.003595957299694419
173 0.003759224433451891
174 0.004177949391305447
175 0.003772611962631345
176 0.004300482105463743
177 0.0039190021343529224
178 0.0037522793281823397
179 0.003676216583698988
180 0.003743551205843687
181 0.004203198943287134
182 0.004046757239848375
183 0.0037503752391785383
184 0.00403766892850399
185 0.00411213468760252
186 0.0036059136036783457
187 0.003949715290218592
188 0.003921655006706715
189 0.003853868693113327
190 0.003939369693398476
191 0.003899612696841359
192 0.0037350088823586702
193 0.00404017698019743
194 0.004159195814281702
195 0.004075359553098679
196 0.00436202110722661
197 0.0038179766852408648
198 0.0038686932530254126
199 0.0037673895712941885
200 0.003793460549786687
201 0.0037384654860943556
202 0.00393960066139698
203 0.003865990787744522
204 0.0037477100268006325
205 0.0037205913104116917
206 0.003658879082649946
207 0.004042913671582937
208 0.004039005376398563
209 0.004071719478815794
210 0.003550350433215499
211 0.004258536268025637
212 0.003584538586437702
213 0.003979125060141087
214 0.0038701186422258615
215 0.004245185758918524
216 0.004038156010210514
217 0.00413442961871624
218 0.003846425563097
219 0.0038022114895284176
220 0.003660527290776372
221 0.004139829892665148
222 0.003557099960744381
223 0.0043197753839194775
224 0.0037652936298400164
225 0.003980597015470266
226 0.004112482536584139
227 0.0035893742460757494
228 0.003997540567070246
229 0.004134777933359146
230 0.0037844376638531685
231 0.0041189175099134445
232 0.003680999856442213
233 0.0036616655997931957
234 0.003634402761235833
235 0.003596235765144229
236 0.004177663940936327
237 0.003671037033200264
238 0.003727910341694951
239 0.004034021403640509
240 0.003933583851903677
241 0.003817847929894924
242 0.004024031106382608
243 0.0037767989560961723
244 0.003893838729709387
245 0.0037560511846095324
246 0.0041572642512619495
247 0.004238625522702932
248 0.003878416959196329
249 0.003751626703888178
250 0.003551691770553589
251 0.0035949712619185448
252 0.0039755478501319885
253 0.003641794202849269
254 0.0039991345256567
255 0.0035618620458990335
