0 0.003844252787530422
1 0.003473792690783739
2 0.0038500120863318443
3 0.003878683550283313
4 0.0040225740522146225
5 0.003928289283066988
6 0.00392835633829236
7 0.004178914707154036
8 0.004412089008837938
9 0.003683308605104685
10 0.004073154181241989
11 0.0037281301338225603
12 0.00351171987131238
13 0.0038685768377035856
14 0.0038611835334450006
15 0.00416263472288847
16 0.003915890119969845
17 0.0039382558315992355
18 0.003640990238636732
19 0.003907444421201944
20 0.003955153748393059
21 0.004274374805390835
22 0.004072312731295824
23 0.0036735611502081156
24 0.003924769349396229
25 0.004028994590044022
26 0.0038779692258685827
27 0.004004437010735273
28 0.004098108969628811
29 0.0038540170062333345
30 0.004007915500551462
31 0.004082546569406986
32 0.003720644162967801
33 0.0038781119510531425
34 0.0036883321590721607
35 0.003932165913283825
36 0.004052771255373955
37 0.0037860970478504896
38 0.00402546813711524
39 0.003928310703486204
40 0.0040700072422623634
41 0.0035415352322161198
42 0.0040115173906087875
43 0.003883280325680971
44 0.0037412613164633512
45 0.0038316454738378525
46 0.004086838103830814
47 0.004412508103996515
48 0.004108121618628502
49 0.003759007900953293
50 0.0041469088755548
51 0.003536885604262352
52 0.004051463678479195
53 0.0039281658828258514
54 0.0037833056412637234
55 0.004042475484311581
56 0.004178368020802736
57 0.0038279995787888765
58 0.003954462707042694
59 0.0038229255005717278
60 0.0038832267746329308
61 0.00392006803303957
62 0.004108943045139313
63 0.004053140990436077
64 0.003941748291254044
65 0.0037730385083705187
66 0.003955520689487457
67 0.0038668778724968433
68 0.0038748157676309347
69 0.0042025544680655
70 0.004267888609319925
71 0.004000077955424786
72 0.00381622021086514
73 0.00371877895668149
74 0.004000216722488403
75 0.004441967699676752
76 0.004108879715204239
77 0.004069204907864332
78 0.003744505811482668
79 0.003769359551370144
80 0.0037997944746166468
81 0.004231126978993416
82 0.004007783718407154
83 0.0037304218858480453
84 0.003894234076142311
85 0.0037140946369618177
86 0.0037622638046741486
87 0.003975943196564913
88 0.0034958168398588896
89 0.0038395703304558992
90 0.004108194727450609
91 0.0040106503292918205
92 0.003830297850072384
93 0.004283031914383173
94 0.003890595631673932
95 0.0039036308880895376
96 0.004084702115505934
97 0.004087130073457956
98 0.00364654790610075
99 0.004042524844408035
100 0.003756545949727297
101 0.004209032282233238
102 0.0037029713857918978
103 0.00409688288345933
104 0.0037178064230829477
105 0.0041219801642000675
106 0.0037756809033453465
107 0.004308112896978855
108 0.004331025294959545
109 0.0038754132110625505
110 0.0041258386336266994
111 0.003982118330895901
112 0.0037063639611005783
113 0.004213913809508085
114 0.004018601030111313
115 0.0036594790872186422
116 0.003881980897858739
117 0.003824445651844144
118 0.00399203272536397
119 0.003992646466940641
120 0.0038811136037111282
121 0.0041160136461257935
122 0.004335090517997742
123 0.0037808376364409924
124 0.0041759805753827095
125 0.0036903838627040386
126 0.004216332919895649
127 0.00375050469301641
128 0.0036463080905377865
129 0.0037806793116033077
130 0.0038159959949553013
131 0.0036048064939677715
132 0.003944500349462032
133 0.004252201411873102
134 0.0038347889203578234
135 0.00356882531195879
136 0.004337727092206478
137 0.003914597909897566
138 0.0039077200926840305
139 0.004039499908685684
140 0.003643964184448123
141 0.003550571156665683
142 0.003870096756145358
143 0.0036066914908587933
144 0.0034600987564772367
145 0.003997670952230692
146 0.00401488970965147
147 0.004003260284662247
148 0.003881045151501894
149 0.0037483747582882643
150 0.0037926817312836647
151 0.004051389638334513
152 0.0036250129342079163
153 0.003932653926312923
154 0.0036737476475536823
155 0.003698234213516116
156 0.0038763592019677162
157 0.0038324121851474047
158 0.004220930393785238
159 0.0037205656990408897
160 0.0036895982921123505
161 0.0038379374891519547
162 0.004069938790053129
163 0.00364938797429204
164 0.0038952291943132877
165 0.0038758611772209406
166 0.003863121382892132
167 0.0037529603578150272
168 0.004219429101794958
169 0.00396761205047369
170 0.004080808721482754
171 0.003636549925431609
172 0.003666770178824663
173 0.0037879494484514
174 0.003964429721236229
175 0.0038300997111946344
176 0.004217545036226511
177 0.003784273751080036
178 0.0036133560352027416
179 0.003675462445244193
180 0.003573173191398382
181 0.004202451091259718
182 0.003966744989156723
183 0.004056436941027641
184 0.003928089514374733
185 0.004150269087404013
186 0.0036063811276108027
187 0.0036872331984341145
188 0.004148284438997507
189 0.003873716574162245
190 0.0038385335355997086
191 0.0036279563792049885
192 0.0038040843792259693
193 0.003922188188880682
194 0.0043577710166573524
195 0.003953594248741865
196 0.004161573946475983
197 0.0036889519542455673
198 0.0038170625921338797
199 0.004043918568640947
200 0.0038008601404726505
201 0.0037898134905844927
202 0.0038161103148013353
203 0.0037927667144685984
204 0.0038562645204365253
205 0.0037386883050203323
206 0.0037060007452964783
207 0.004068753682076931
208 0.00407765619456768
209 0.003951466176658869
210 0.003655985463410616
211 0.004003408830612898
212 0.003621097654104233
213 0.003766116453334689
214 0.004053416661918163
215 0.004159666132181883
216 0.003997485153377056
217 0.004121782258152962
218 0.0037778487894684076
219 0.0037260940298438072
220 0.0037187819834798574
221 0.004092842806130648
222 0.0037416000850498676
223 0.004125436767935753
224 0.0038422930520027876
225 0.0040885373018682
226 0.0038083342369645834
227 0.0037707225419580936
228 0.0037869999650865793
229 0.004071047995239496
230 0.0037268130108714104
231 0.004114446695894003
232 0.003822943428531289
233 0.003868995700031519
234 0.0036681306082755327
235 0.0038097104988992214
236 0.004175455309450626
237 0.0037674247287213802
238 0.003637785091996193
239 0.004160468932241201
240 0.0038701000157743692
241 0.0039132824167609215
242 0.003927881363779306
243 0.0036328004207462072
244 0.003886800492182374
245 0.003919233568012714
246 0.004117561504244804
247 0.004126898478716612
248 0.004193103406578302
249 0.003679604735225439
250 0.0037296414375305176
251 0.003499744925647974
252 0.003921457566320896
253 0.0037992135621607304
254 0.004023282788693905
255 0.003656793385744095
