0 0.0038849886041134596
1 0.003544558770954609
2 0.003592147259041667
3 0.0037983914371579885
4 0.004071175120770931
5 0.003784378059208393
6 0.004085305146872997
7 0.0039349705912172794
8 0.004416275769472122
9 0.0034483573399484158
10 0.00389930815435946
11 0.003807562403380871
12 0.0036487604957073927
13 0.0038901963271200657
14 0.003855196526274085
15 0.00387931102886796
16 0.004284077789634466
17 0.003915177192538977
18 0.003792156931012869
19 0.004046236164867878
20 0.003989378921687603
21 0.004275364801287651
22 0.0040565310046076775
23 0.0038367619272321463
24 0.003938764333724976
25 0.0040013534016907215
26 0.004151266999542713
27 0.003965300973504782
28 0.004110387060791254
29 0.003929896280169487
30 0.004251096863299608
31 0.0037183722015470266
32 0.003752680029720068
33 0.0034661060199141502
34 0.003632222069427371
35 0.004022861830890179
36 0.004148612264543772
37 0.003767358837649226
38 0.004034300334751606
39 0.004367395769804716
40 0.004288282711058855
41 0.003324176650494337
42 0.0037684366106987
43 0.003674610983580351
44 0.0037140208296477795
45 0.003918901551514864
46 0.0044425674714148045
47 0.0042365435510873795
48 0.003604797413572669
49 0.003654463915154338
50 0.004144421778619289
51 0.0035000101197510958
52 0.0038432921282947063
53 0.004034627228975296
54 0.003923854790627956
55 0.00405437545850873
56 0.0038932946044951677
57 0.0038122001569718122
58 0.003836947726085782
59 0.003947105724364519
60 0.0036797188222408295
61 0.003928700461983681
62 0.004285867791622877
63 0.003824461717158556
64 0.0036399029195308685
65 0.003810818772763014
66 0.003841509809717536
67 0.0038925493136048317
68 0.003862587036564946
69 0.004187393467873335
70 0.0040948884561657906
71 0.0037111113779246807
72 0.003965549170970917
73 0.0038817115128040314
74 0.003741714870557189
75 0.004321058746427298
76 0.0041160196997225285
77 0.003682868555188179
78 0.0037243759725242853
79 0.0037616847548633814
80 0.003790623042732477
81 0.003909742925316095
82 0.004015639889985323
83 0.003698120592162013
84 0.004284750670194626
85 0.003774066921323538
86 0.0038468127604573965
87 0.003926719073206186
88 0.003610920859500766
89 0.0038708504289388657
90 0.0044579640962183475
91 0.0037638505455106497
92 0.004185068421065807
93 0.004231794737279415
94 0.0038904587272554636
95 0.0038549292366951704
96 0.003952119033783674
97 0.004296260420233011
98 0.003665013238787651
99 0.004046860616654158
100 0.0036619731690734625
101 0.0041860658675432205
102 0.0037406187038868666
103 0.004025159403681755
104 0.0038095207419246435
105 0.004090822767466307
106 0.0038563914131373167
107 0.004420659504830837
108 0.004047304391860962
109 0.003724798560142517
110 0.003932698164135218
111 0.003829705063253641
112 0.0036341731902211905
113 0.004440364893525839
114 0.0039240093901753426
115 0.0037866311613470316
116 0.0037728447932749987
117 0.004253891762346029
118 0.0037016922142356634
119 0.004172692075371742
120 0.0038690317887812853
121 0.004354788921773434
122 0.00421406514942646
123 0.003578152973204851
124 0.0038673088420182467
125 0.004121922887861729
126 0.004111960530281067
127 0.0038759943563491106
128 0.0035586832091212273
129 0.0038662166334688663
130 0.003631504252552986
131 0.0038979232776910067
132 0.00397018576040864
133 0.004181701224297285
134 0.0038736446294933558
135 0.0035607449244707823
136 0.004576967563480139
137 0.0038303311448544264
138 0.004144580103456974
139 0.003981105983257294
140 0.0036103776656091213
141 0.0037078019231557846
142 0.003669115249067545
143 0.003451057244092226
144 0.0035272478125989437
145 0.0042608510702848434
146 0.003966775722801685
147 0.004165726713836193
148 0.003990797325968742
149 0.0037967998068779707
150 0.0039943670853972435
151 0.004301445558667183
152 0.0037270814646035433
153 0.003938397858291864
154 0.003819518955424428
155 0.003527208464220166
156 0.0039395433850586414
157 0.003756529651582241
158 0.004191923420876265
159 0.0038167648017406464
160 0.0036000655964016914
161 0.003864375641569495
162 0.004151752684265375
163 0.0036398922093212605
164 0.003792491275817156
165 0.0041131433099508286
166 0.004029970150440931
167 0.0037834160029888153
168 0.00425106193870306
169 0.0038558547385036945
170 0.0035452626179903746
171 0.00367795885540545
172 0.003758127335458994
173 0.003960162866860628
174 0.004256721585988998
175 0.0037448613438755274
176 0.004259250592440367
177 0.0038952892646193504
178 0.003542025573551655
179 0.00383682525716722
180 0.003870476968586445
181 0.0044832993298769
182 0.003783184103667736
183 0.0038320941384881735
184 0.00396372564136982
185 0.004036525264382362
186 0.0036194559652358294
187 0.0037434648256748915
188 0.003966466523706913
189 0.003640680341050029
190 0.003952891565859318
191 0.003805532120168209
192 0.0037749954499304295
193 0.003917114809155464
194 0.004157104063779116
195 0.004442328121513128
196 0.004087591078132391
197 0.0036879428662359715
198 0.004048030357807875
199 0.0037498853635042906
200 0.003593830857425928
201 0.004060374107211828
202 0.004085572436451912
203 0.003749778028577566
204 0.0035791657865047455
205 0.003718098159879446
206 0.003661290043964982
207 0.004106620326638222
208 0.004053804557770491
209 0.004047848749905825
210 0.003646987257525325
211 0.004414523020386696
212 0.0033984780311584473
213 0.0037647706922143698
214 0.0038447305560112
215 0.004071279428899288
216 0.003743258537724614
217 0.004234932828694582
218 0.003635791130363941
219 0.0037984121590852737
220 0.003694285871461034
221 0.003951646853238344
222 0.003705907380208373
223 0.004576676059514284
224 0.0037470865063369274
225 0.003746611764654517
226 0.0039153615944087505
227 0.003876503324136138
228 0.004242179915308952
229 0.0039059959817677736
230 0.003716439474374056
231 0.00410365080460906
232 0.0036708987317979336
233 0.003932630643248558
234 0.0036591091193258762
235 0.003811000846326351
236 0.004054078366607428
237 0.003849404165521264
238 0.00388339813798666
239 0.00415981886908412
240 0.004029385279864073
241 0.0039622969925403595
242 0.003966106567531824
243 0.0038613728247582912
244 0.0039039268158376217
245 0.0037392370868474245
246 0.004133920650929213
247 0.004152325913310051
248 0.0038273294921964407
249 0.003830784000456333
250 0.0037027131766080856
251 0.0035574715584516525
252 0.003937901463359594
253 0.0035198635887354612
254 0.004027950577437878
255 0.003437225939705968
