0 0.0037962410133332014
1 0.0035234286915510893
2 0.0037323920987546444
3 0.003848148277029395
4 0.0043679168447852135
5 0.003709522308781743
6 0.004099518992006779
7 0.003966236487030983
8 0.0041299485601484776
9 0.0035643407609313726
10 0.0038379195611923933
11 0.0038600971456617117
12 0.003654861357063055
13 0.004026982933282852
14 0.003707552794367075
15 0.00386217818595469
16 0.003909682855010033
17 0.003828067798167467
18 0.003755863755941391
19 0.0038475487381219864
20 0.004166539758443832
21 0.004080985672771931
22 0.003813093760982156
23 0.003749005263671279
24 0.003933783154934645
25 0.004054402932524681
26 0.003880975302308798
27 0.0039480505511164665
28 0.00402159383520484
29 0.0038192092906683683
30 0.003965856973081827
31 0.003919404465705156
32 0.0035301377065479755
33 0.003683315822854638
34 0.003593668108806014
35 0.003996697720140219
36 0.004060167353600264
37 0.0036025859881192446
38 0.003984512761235237
39 0.004396727308630943
40 0.003935880959033966
41 0.003428288269788027
42 0.003979526925832033
43 0.0038021502550691366
44 0.003917422145605087
45 0.003855369286611676
46 0.004355208482593298
47 0.004203000571578741
48 0.004140076227486134
49 0.003805616870522499
50 0.00419760262593627
51 0.0036264099180698395
52 0.003891452681273222
53 0.0036579794250428677
54 0.004042007029056549
55 0.004359779879450798
56 0.004107795190066099
57 0.003745823632925749
58 0.003839971264824271
59 0.0037328344769775867
60 0.0038708792999386787
61 0.0037769826594740152
62 0.004136650823056698
63 0.0037504255305975676
64 0.003844168968498707
65 0.0038777191657572985
66 0.004113118164241314
67 0.003691218327730894
68 0.0038106986321508884
69 0.0039655230939388275
70 0.004071682691574097
71 0.004093981347978115
72 0.003965975251048803
73 0.003779415739700198
74 0.003713434562087059
75 0.004120653960853815
76 0.003845167113468051
77 0.004079028498381376
78 0.0039053403306752443
79 0.0037467889487743378
80 0.003931723069399595
81 0.0040561058558523655
82 0.003756273305043578
83 0.0035858447663486004
84 0.00431815255433321
85 0.0036252050194889307
86 0.003680168418213725
87 0.0037876497954130173
88 0.003408872289583087
89 0.003771774237975478
90 0.004224350210279226
91 0.0038786171935498714
92 0.0037419265136122704
93 0.004283393267542124
94 0.0038048624992370605
95 0.003982098773121834
96 0.003923835698515177
97 0.0042115068063139915
98 0.004020936321467161
99 0.004147001076489687
100 0.004003498703241348
101 0.004111801739782095
102 0.003813839750364423
103 0.004146979656070471
104 0.0037787698674947023
105 0.004133796785026789
106 0.0037518644239753485
107 0.004288600757718086
108 0.004384370520710945
109 0.003882975783199072
110 0.003961383830755949
111 0.0037663138937205076
112 0.0037320777773857117
113 0.004079125355929136
114 0.004076503682881594
115 0.0041341823525726795
116 0.0036920923739671707
117 0.004078109748661518
118 0.0037377772387117147
119 0.003951553720980883
120 0.0040374682284891605
121 0.004044144414365292
122 0.004419846460223198
123 0.003782973624765873
124 0.004088506568223238
125 0.003910485189408064
126 0.004265638533979654
127 0.003946215379983187
128 0.003725077025592327
129 0.0036159977316856384
130 0.003714409191161394
131 0.003853954840451479
132 0.0038896442856639624
133 0.004060069099068642
134 0.0038011332508176565
135 0.003495142562314868
136 0.004437698516994715
137 0.004090400412678719
138 0.003986996598541737
139 0.003935192711651325
140 0.003783001098781824
141 0.0035306306090205908
142 0.003806340740993619
143 0.003906633704900742
144 0.00360048096626997
145 0.004199976567178965
146 0.003971305210143328
147 0.0038022734224796295
148 0.004127188120037317
149 0.0040354616940021515
150 0.0038588307797908783
151 0.004085345193743706
152 0.003455493366345763
153 0.0037759544793516397
154 0.00382581097073853
155 0.0037471712566912174
156 0.003893281100317836
157 0.003600784344598651
158 0.004118604119867086
159 0.0038817848544567823
160 0.003669160883873701
161 0.003613641019910574
162 0.004295971244573593
163 0.003566155442968011
164 0.003855319693684578
165 0.003960541449487209
166 0.004084812477231026
167 0.003983819857239723
168 0.0038965707644820213
169 0.0040998077020049095
170 0.00371827045455575
171 0.0037520434707403183
172 0.0037044708151370287
173 0.003768310882151127
174 0.004210181068629026
175 0.0040324367582798
176 0.004202150274068117
177 0.0037873536348342896
178 0.0036506010219454765
179 0.003750701667740941
180 0.003924498334527016
181 0.004350543022155762
182 0.003930221311748028
183 0.003890285501256585
184 0.0038079272489994764
185 0.00412284629419446
186 0.003862288547679782
187 0.00401026988402009
188 0.003977308049798012
189 0.003901650896295905
190 0.003851256100460887
191 0.003741551423445344
192 0.003774111857637763
193 0.004061390180140734
194 0.003939568996429443
195 0.004291038494557142
196 0.004316813312470913
197 0.0036464575678110123
198 0.003951407968997955
199 0.003704820992425084
200 0.0038895297329872847
201 0.003668582998216152
202 0.0041204169392585754
203 0.003824714571237564
204 0.0038147096056491137
205 0.0038944329135119915
206 0.0037731556221842766
207 0.004063998349010944
208 0.003910438157618046
209 0.004226217046380043
210 0.0035910988226532936
211 0.004209364298731089
212 0.003586516249924898
213 0.0038510921876877546
214 0.004084686748683453
215 0.003916717134416103
216 0.004057440906763077
217 0.004066837020218372
218 0.003731906646862626
219 0.003634442575275898
220 0.0037952710408717394
221 0.003948610741645098
222 0.0038874223828315735
223 0.004217173904180527
224 0.003791653783991933
225 0.003998204134404659
226 0.0042055267840623856
227 0.0038640163838863373
228 0.00401360634714365
229 0.00407628808170557
230 0.003874143585562706
231 0.004225654527544975
232 0.0037517305463552475
233 0.003703170921653509
234 0.0038254065439105034
235 0.0037207745481282473
236 0.0039878650568425655
237 0.0037375197280198336
238 0.0037503414787352085
239 0.0042037651874125
240 0.004035396967083216
241 0.004041883163154125
242 0.004038572311401367
243 0.0037052619736641645
244 0.0035453184973448515
245 0.003670039353892207
246 0.0041788253001868725
247 0.004046449437737465
248 0.003918110858649015
249 0.0038745987694710493
250 0.003776236902922392
251 0.003537010634317994
252 0.0037697567604482174
253 0.0036036677192896605
254 0.0037157670594751835
255 0.0036245952360332012
