0 0.0038674052339047194
1 0.0034270656760782003
2 0.0036382924299687147
3 0.003894871799275279
4 0.0042629907839000225
5 0.00388843915425241
6 0.004199322313070297
7 0.004166214261204004
8 0.004263932816684246
9 0.003689031582325697
10 0.003877777373418212
11 0.004035149700939655
12 0.0037028559017926455
13 0.0038519082590937614
14 0.0039062523283064365
15 0.004104988649487495
16 0.00415385514497757
17 0.004044120665639639
18 0.0038259963039308786
19 0.003808448789641261
20 0.004130593501031399
21 0.004194562789052725
22 0.0038418236654251814
23 0.003859134390950203
24 0.004042305517941713
25 0.004082278348505497
26 0.003853393718600273
27 0.0036440822295844555
28 0.004177401773631573
29 0.003870108164846897
30 0.004155217204242945
31 0.003706687828525901
32 0.0036429420579224825
33 0.0035574864596128464
34 0.003375750733539462
35 0.003846879582852125
36 0.004136874806135893
37 0.003925084602087736
38 0.004217296838760376
39 0.004272604826837778
40 0.004147872794419527
41 0.003242794657126069
42 0.003898286959156394
43 0.0038724662736058235
44 0.003670679870992899
45 0.003936486318707466
46 0.004399620462208986
47 0.004240655340254307
48 0.00411146180704236
49 0.003701308509334922
50 0.00420753238722682
51 0.0035719145089387894
52 0.004093227442353964
53 0.004160283599048853
54 0.003819892182946205
55 0.004124728962779045
56 0.003825474763289094
57 0.004004989750683308
58 0.0037766555324196815
59 0.0036748095881193876
60 0.003864671802148223
61 0.0039190202951431274
62 0.0040305801667273045
63 0.0036770121660083532
64 0.004039879888296127
65 0.003791158553212881
66 0.003924279473721981
67 0.003984556999057531
68 0.004003278911113739
69 0.0041101425886154175
70 0.004054849501699209
71 0.003932567313313484
72 0.0038957681972533464
73 0.0036560127045959234
74 0.0039024665020406246
75 0.004404163919389248
76 0.004197168163955212
77 0.003832869930192828
78 0.003973699640482664
79 0.0039322953671216965
80 0.0037336191162467003
81 0.003841227386146784
82 0.004021679982542992
83 0.0034308971371501684
84 0.0037526716478168964
85 0.003526486922055483
86 0.003596762428060174
87 0.003794546704739332
88 0.0035691510420292616
89 0.003845229046419263
90 0.004219820257276297
91 0.0039339009672403336
92 0.004073785152286291
93 0.004096644464880228
94 0.0038098283112049103
95 0.003901694668456912
96 0.003951744642108679
97 0.0041430615819990635
98 0.003881556447595358
99 0.004092562012374401
100 0.0037538304459303617
101 0.004167620558291674
102 0.003837008960545063
103 0.004040042404085398
104 0.0037848693318665028
105 0.004172647837549448
106 0.003967923112213612
107 0.004223357420414686
108 0.004173292778432369
109 0.0037630738224834204
110 0.004344053566455841
111 0.004008281510323286
112 0.0037568307016044855
113 0.004306871443986893
114 0.003994823899120092
115 0.003764869412407279
116 0.003784862346947193
117 0.0038647190667688847
118 0.003527731169015169
119 0.003852111753076315
120 0.004071651492267847
121 0.00423641549423337
122 0.004355603829026222
123 0.0037063241470605135
124 0.003918265458196402
125 0.003943860065191984
126 0.004087391309440136
127 0.0038190167397260666
128 0.0035175674129277468
129 0.003778900019824505
130 0.0038192879874259233
131 0.003799210302531719
132 0.0038755692075937986
133 0.004201575648039579
134 0.0036133478861302137
135 0.003905377583578229
136 0.00410717586055398
137 0.003859314601868391
138 0.003767492948099971
139 0.003930903971195221
140 0.0036204964853823185
141 0.00365924509242177
142 0.003680370282381773
143 0.003699349705129862
144 0.0032930229790508747
145 0.004199920687824488
146 0.003792302682995796
147 0.003905537538230419
148 0.0039986008778214455
149 0.003850829554721713
150 0.004113221075385809
151 0.0041623665019869804
152 0.003715957049280405
153 0.003653288120403886
154 0.0038461291696876287
155 0.00361206685192883
156 0.003963350784033537
157 0.003809958230704069
158 0.003980004228651524
159 0.0036642365157604218
160 0.0035455108154565096
161 0.003707408206537366
162 0.004399368539452553
163 0.0035044567193835974
164 0.003999948035925627
165 0.004039803519845009
166 0.0039033980574458838
167 0.004364946857094765
168 0.004142665304243565
169 0.003999684471637011
170 0.0037810273934155703
171 0.003851558081805706
172 0.003780196188017726
173 0.003647626843303442
174 0.004355728160589933
175 0.004022569395601749
176 0.004232510458678007
177 0.0038118117954581976
178 0.0035995475482195616
179 0.003644424257799983
180 0.0037872011307626963
181 0.004219593480229378
182 0.003730752505362034
183 0.0036841880064457655
184 0.004013609606772661
185 0.004184361081570387
186 0.003530645277351141
187 0.0037789561320096254
188 0.004233913961797953
189 0.0038281516171991825
190 0.0038703135214746
191 0.003801986575126648
192 0.003949535079300404
193 0.0037672030739486217
194 0.004035373218357563
195 0.004307643044739962
196 0.00433659553527832
197 0.00388902029953897
198 0.003714966820552945
199 0.003679160960018635
200 0.003988161683082581
201 0.0037264409475028515
202 0.004049233160912991
203 0.0037923133932054043
204 0.003915911540389061
205 0.0037241829559206963
206 0.0038694548420608044
207 0.0041504199616611
208 0.003992559388279915
209 0.004153235349804163
210 0.0037035495042800903
211 0.004116777330636978
212 0.0035343123599886894
213 0.003651226870715618
214 0.004174797795712948
215 0.004236915148794651
216 0.003949863836169243
217 0.004066860768944025
218 0.003686468116939068
219 0.0038101854734122753
220 0.003814219729974866
221 0.004033688921481371
222 0.003666372038424015
223 0.004276788793504238
224 0.003707669675350189
225 0.003849190892651677
226 0.004079518374055624
227 0.003896150505170226
228 0.0039032367058098316
229 0.004093576222658157
230 0.003707680618390441
231 0.004068499431014061
232 0.0039033873472362757
233 0.003837035968899727
234 0.003908209968358278
235 0.003911382984369993
236 0.004085777793079615
237 0.003619119990617037
238 0.0037750552874058485
239 0.004252946935594082
240 0.004002456087619066
241 0.003807590575888753
242 0.0037910498213022947
243 0.003833442460745573
244 0.0037764785811305046
245 0.003800854319706559
246 0.00415150448679924
247 0.004044227302074432
248 0.004128574393689632
249 0.0035970790777355433
250 0.0036281005013734102
251 0.003598972922191024
252 0.003863964229822159
253 0.003691877704113722
254 0.0038815049920231104
255 0.0034533855505287647
