0 0.004054169170558453
1 0.0033090391661971807
2 0.0038633455988019705
3 0.003965533338487148
4 0.004337922669947147
5 0.003808826906606555
6 0.0042613232508301735
7 0.003909358289092779
8 0.004188693128526211
9 0.003446068847551942
10 0.003957303706556559
11 0.003999238833785057
12 0.00380344339646399
13 0.0036359215155243874
14 0.003988699521869421
15 0.0038837073370814323
16 0.004027342423796654
17 0.003720650216564536
18 0.00379946269094944
19 0.0038204484153538942
20 0.003892989829182625
21 0.004090962465852499
22 0.004224995616823435
23 0.0037941851187497377
24 0.0038363896310329437
25 0.0041455551981925964
26 0.0040947021916508675
27 0.003691228572279215
28 0.003966204822063446
29 0.0037382713053375483
30 0.0040159146301448345
31 0.003946791868656874
32 0.0035736863501369953
33 0.00363290891982615
34 0.003728869603946805
35 0.0038976187352091074
36 0.004141726531088352
37 0.003804948180913925
38 0.003923723474144936
39 0.004400493577122688
40 0.003866050159558654
41 0.0033521256409585476
42 0.004010830074548721
43 0.0036726936232298613
44 0.00387810287065804
45 0.0038052876479923725
46 0.0044718110002577305
47 0.00399948563426733
48 0.004068281035870314
49 0.0036078430712223053
50 0.004051413387060165
51 0.0037126527167856693
52 0.004004801157861948
53 0.0038510493468493223
54 0.004022527486085892
55 0.004157067276537418
56 0.004080608487129211
57 0.0037648938596248627
58 0.0040311324410140514
59 0.0036896844394505024
60 0.0039079682901501656
61 0.004094820935279131
62 0.0043291677720844746
63 0.0035194517113268375
64 0.0036378521472215652
65 0.0037320107221603394
66 0.0039061722345650196
67 0.0038935043849051
68 0.003837895579636097
69 0.0038793303538113832
70 0.004178848583251238
71 0.004346863366663456
72 0.0039058539550751448
73 0.0036017154343426228
74 0.003704972332343459
75 0.00443127891048789
76 0.003980056848376989
77 0.004107523709535599
78 0.004003753885626793
79 0.00377067644149065
80 0.003782161045819521
81 0.00401757238432765
82 0.0037658412475138903
83 0.0036851803306490183
84 0.003973688930273056
85 0.003819538513198495
86 0.003459812141954899
87 0.003954039420932531
88 0.0036504927556961775
89 0.0038745743222534657
90 0.0038808754179626703
91 0.003946871031075716
92 0.004010834731161594
93 0.004359470680356026
94 0.0038683144375681877
95 0.0038020035717636347
96 0.003908256534487009
97 0.004547238349914551
98 0.003931555896997452
99 0.003967990633100271
100 0.004000682383775711
101 0.0037196276243776083
102 0.0037133751902729273
103 0.0044877007603645325
104 0.0036443963181227446
105 0.0041892193257808685
106 0.0039966958574950695
107 0.0044219838455319405
108 0.004260901361703873
109 0.003743991255760193
110 0.0037835827097296715
111 0.003889290848746896
112 0.003518603276461363
113 0.004373645409941673
114 0.003906573168933392
115 0.0037144755478948355
116 0.0037202564999461174
117 0.003890623338520527
118 0.003665683791041374
119 0.0038328722584992647
120 0.003999600652605295
121 0.0038767128717154264
122 0.004749514162540436
123 0.004069982562214136
124 0.003885112004354596
125 0.0037130548153072596
126 0.0043811192736029625
127 0.003811504924669862
128 0.0035148703027516603
129 0.003796362318098545
130 0.0039823586121201515
131 0.003586850129067898
132 0.0039041147101670504
133 0.004199739079922438
134 0.0036662451457232237
135 0.003524066647514701
136 0.004391431342810392
137 0.003814356867223978
138 0.0037880761083215475
139 0.004287157207727432
140 0.003655580338090658
141 0.003433481091633439
142 0.003672167658805847
143 0.003876444650813937
144 0.0033848187886178493
145 0.0043412987142801285
146 0.004057084210216999
147 0.0038174286019057035
148 0.004070180933922529
149 0.0037337560206651688
150 0.0039907339960336685
151 0.004392838105559349
152 0.00363915809430182
153 0.0037719709798693657
154 0.003918865695595741
155 0.0036567561328411102
156 0.003938755951821804
157 0.0034972121939063072
158 0.00414122873917222
159 0.0037993863224983215
160 0.0037607091944664717
161 0.0035168039612472057
162 0.0043356227688491344
163 0.0036121713928878307
164 0.003991910722106695
165 0.003991314209997654
166 0.004221038427203894
167 0.004022907931357622
168 0.0041536930948495865
169 0.004266262985765934
170 0.003962635062634945
171 0.003618948394432664
172 0.0037035378627479076
173 0.0037735849618911743
174 0.0039400216192007065
175 0.003971266094595194
176 0.004044048488140106
177 0.003786498447880149
178 0.0034398180432617664
179 0.0037203538231551647
180 0.0038320710882544518
181 0.004469495266675949
182 0.003971136640757322
183 0.0038276363629847765
184 0.0040062484331429005
185 0.004531259648501873
186 0.003642504569143057
187 0.0038836332969367504
188 0.003712332807481289
189 0.003981149289757013
190 0.004045324865728617
191 0.00379042886197567
192 0.0037825782783329487
193 0.0040520187467336655
194 0.003940548747777939
195 0.004297347739338875
196 0.003969341050833464
197 0.0038162441924214363
198 0.004071336705237627
199 0.003976780921220779
200 0.004008701536804438
201 0.0036640965845435858
202 0.004152750596404076
203 0.003820553421974182
204 0.0037956563755869865
205 0.004037891514599323
206 0.0037901555188000202
207 0.003914112225174904
208 0.0037852078676223755
209 0.004124809987843037
210 0.003925447817891836
211 0.003882709192112088
212 0.0034469875972718
213 0.0038063086103647947
214 0.004115033894777298
215 0.004164632875472307
216 0.004189195577055216
217 0.004229248501360416
218 0.0036649703979492188
219 0.0037415469996631145
220 0.0037795002572238445
221 0.0040431455709040165
222 0.0036469697952270508
223 0.00423735287040472
224 0.0037492425180971622
225 0.004011397249996662
226 0.003963943105190992
227 0.0037633900064975023
228 0.00415229145437479
229 0.0044866600073874
230 0.0037628498394042253
231 0.004204093012958765
232 0.0038361402694135904
233 0.0036764980759471655
234 0.0036123415920883417
235 0.003872368950396776
236 0.00411837175488472
237 0.0037428345531225204
238 0.0036728184204548597
239 0.003979625646024942
240 0.00385847850702703
241 0.003823585342615843
242 0.004002362489700317
243 0.0035494272597134113
244 0.003674875944852829
245 0.003715652972459793
246 0.004185967147350311
247 0.0040438249707221985
248 0.003831490408629179
249 0.003475787350907922
250 0.003638749709352851
251 0.00352885527536273
252 0.0037897524889558554
253 0.003750493982806802
254 0.004021984059363604
255 0.003501736791804433
