0 0.0037359134294092655
1 0.0033858621027320623
2 0.003733691293746233
3 0.003945979289710522
4 0.004037722945213318
5 0.004045803565531969
6 0.0038867739494889975
7 0.004166083410382271
8 0.004056302364915609
9 0.0034683903213590384
10 0.00414668396115303
11 0.003877372248098254
12 0.0036062856670469046
13 0.0037153838202357292
14 0.003972433973103762
15 0.004033416509628296
16 0.004115440417081118
17 0.003958850167691708
18 0.0037081274203956127
19 0.004143512807786465
20 0.003917519934475422
21 0.0043839761056005955
22 0.004138213116675615
23 0.003818016964942217
24 0.004027504473924637
25 0.004162796773016453
26 0.004051488824188709
27 0.004164653830230236
28 0.004025613889098167
29 0.003748934483155608
30 0.00430081132799387
31 0.00423057097941637
32 0.0036126654595136642
33 0.003897409187629819
34 0.003650492988526821
35 0.004094037227332592
36 0.004177059046924114
37 0.0036418684758245945
38 0.004030223470181227
39 0.003965419251471758
40 0.003974104765802622
41 0.003402116009965539
42 0.0036816238425672054
43 0.0037858972791582346
44 0.003876948496326804
45 0.0038777911104261875
46 0.004203286021947861
47 0.004273750353604555
48 0.003994014114141464
49 0.003850144799798727
50 0.004122226964682341
51 0.003561080200597644
52 0.004194322973489761
53 0.0038384899962693453
54 0.004018889740109444
55 0.004083139821887016
56 0.004125248175114393
57 0.00367802195250988
58 0.003975288476794958
59 0.004009163938462734
60 0.003769843839108944
61 0.004236956126987934
62 0.004326514434069395
63 0.004000523127615452
64 0.0038780502509325743
65 0.0037936996668577194
66 0.003733072429895401
67 0.00385956559330225
68 0.0038727556820958853
69 0.003965739160776138
70 0.004418690223246813
71 0.004095943178981543
72 0.0038765245117247105
73 0.0036902474239468575
74 0.004005307797342539
75 0.0045417542569339275
76 0.004194245208054781
77 0.004024330992251635
78 0.0037109735421836376
79 0.003775222459807992
80 0.0037615809123963118
81 0.004187434911727905
82 0.0037631101440638304
83 0.0037937909364700317
84 0.003976169507950544
85 0.003837122116237879
86 0.0037508029490709305
87 0.003947838209569454
88 0.0036810829769819975
89 0.003785028588026762
90 0.004081448074430227
91 0.003991755191236734
92 0.0038591418415308
93 0.0041142916306853294
94 0.0038560377433896065
95 0.0037683642003685236
96 0.003953662700951099
97 0.0041853804141283035
98 0.003626035526394844
99 0.004018580075353384
100 0.004004366230219603
101 0.004035230726003647
102 0.0035435131285339594
103 0.00405236566439271
104 0.003963119816035032
105 0.004030848387628794
106 0.0038790935650467873
107 0.004264041315764189
108 0.004067429807037115
109 0.004040081053972244
110 0.0038745265919715166
111 0.003879087744280696
112 0.0037928703241050243
113 0.004326902329921722
114 0.0038399910554289818
115 0.0037247519940137863
116 0.004010616336017847
117 0.0039778840728104115
118 0.003986787050962448
119 0.0039564440958201885
120 0.004046143032610416
121 0.004081930965185165
122 0.004401194863021374
123 0.003893198911100626
124 0.004011545795947313
125 0.0037759123370051384
126 0.004225204233080149
127 0.0039426651783287525
128 0.0037199596408754587
129 0.0037553522270172834
130 0.0037509086541831493
131 0.0036160151939839125
132 0.003917919471859932
133 0.0043871100060641766
134 0.0039253453724086285
135 0.003537186188623309
136 0.004254083149135113
137 0.0038306929636746645
138 0.004030656069517136
139 0.003945594187825918
140 0.003807877656072378
141 0.0034920000471174717
142 0.003741372609511018
143 0.003665813012048602
144 0.003453610697761178
145 0.004269536584615707
146 0.003835802897810936
147 0.003969510551542044
148 0.004096276126801968
149 0.003871835535392165
150 0.0038035400211811066
151 0.004023123532533646
152 0.003619902301579714
153 0.003985232673585415
154 0.003681914648041129
155 0.003586528589949012
156 0.0036253950092941523
157 0.003697100095450878
158 0.004157793242484331
159 0.0036964004393666983
160 0.0035481813829392195
161 0.0038108634762465954
162 0.004244960378855467
163 0.003793615847826004
164 0.003667621174827218
165 0.003954676445573568
166 0.0038623230066150427
167 0.003922425210475922
168 0.004281796049326658
169 0.004044224042445421
170 0.00384863605722785
171 0.0035288664512336254
172 0.003781431121751666
173 0.003707865485921502
174 0.003825137857347727
175 0.003891858272254467
176 0.004043786320835352
177 0.00383538706228137
178 0.003562874859198928
179 0.003645507385954261
180 0.003732902929186821
181 0.004500254523009062
182 0.0039655109867453575
183 0.004015172366052866
184 0.00409045722335577
185 0.004195415880531073
186 0.0036714691668748856
187 0.0037771130446344614
188 0.0036734240129590034
189 0.0038628929760307074
190 0.004063491243869066
191 0.0038474088069051504
192 0.00378870009444654
193 0.004010896198451519
194 0.004267387557774782
195 0.004118407145142555
196 0.003953477367758751
197 0.0037400892470031977
198 0.0037568644620478153
199 0.00387030141428113
200 0.003659083740785718
201 0.0038235755637288094
202 0.003969613462686539
203 0.0036280988715589046
204 0.003683270188048482
205 0.0036267517134547234
206 0.0036627694498747587
207 0.003997537773102522
208 0.00387941743247211
209 0.003902531461790204
210 0.0037080012261867523
211 0.004202650859951973
212 0.0035990627948194742
213 0.0038902945816516876
214 0.0040029119700193405
215 0.004044064320623875
216 0.003936151508241892
217 0.003957016859203577
218 0.0039756386540830135
219 0.0037749784532934427
220 0.003804265521466732
221 0.004047737922519445
222 0.003711409866809845
223 0.004237805493175983
224 0.003935175947844982
225 0.0038116120267659426
226 0.003961911424994469
227 0.003750479780137539
228 0.00393977714702487
229 0.00397705240175128
230 0.0037488462403416634
231 0.004284614231437445
232 0.0038809364195913076
233 0.003756409976631403
234 0.003703656140714884
235 0.0036744088865816593
236 0.004095368552953005
237 0.0036382204852998257
238 0.0037573084700852633
239 0.003927559591829777
240 0.003924517892301083
241 0.0039108204655349255
242 0.0038507513236254454
243 0.0037048826925456524
244 0.00389805156737566
245 0.0038663106970489025
246 0.004223996307700872
247 0.0038596726953983307
248 0.0038311751559376717
249 0.0039086430333554745
250 0.0037253957707434893
251 0.0036385473795235157
252 0.0037815666291862726
253 0.0033863624557852745
254 0.004047521390020847
255 0.0037774930242449045
