0 0.004008643329143524
1 0.0034390788059681654
2 0.0037486115470528603
3 0.003860411699861288
4 0.004061782266944647
5 0.003854456590488553
6 0.003985051531344652
7 0.0038306547794491053
8 0.004056261852383614
9 0.00346708158031106
10 0.004007765091955662
11 0.0037005252670496702
12 0.0038626473397016525
13 0.0038720895536243916
14 0.003819737583398819
15 0.003952791448682547
16 0.004143597092479467
17 0.003958357032388449
18 0.0038332068361341953
19 0.003914525732398033
20 0.004060687031596899
21 0.004054560791701078
22 0.003990274854004383
23 0.003898517694324255
24 0.0038554046768695116
25 0.0038936114870011806
26 0.004029031377285719
27 0.0039825234562158585
28 0.003914988599717617
29 0.003908640705049038
30 0.004296405706554651
31 0.0037550560664385557
32 0.003668414894491434
33 0.0037056831642985344
34 0.0035479117650538683
35 0.003951709251850843
36 0.0041924105025827885
37 0.003762953681871295
38 0.0038823566865175962
39 0.004183898214250803
40 0.004204663448035717
41 0.0034352748189121485
42 0.0038631700444966555
43 0.003939133137464523
44 0.0040425946936011314
45 0.003978918306529522
46 0.004159925971180201
47 0.003994959872215986
48 0.004029648844152689
49 0.003841954981908202
50 0.004076406359672546
51 0.0034187918063253164
52 0.004134285729378462
53 0.0038904144894331694
54 0.004019938874989748
55 0.004072714131325483
56 0.0042059761472046375
57 0.003918407019227743
58 0.0038239345885813236
59 0.0038028701674193144
60 0.003760865656659007
61 0.004086304921656847
62 0.004074962809681892
63 0.0036432414781302214
64 0.003963851369917393
65 0.003807337488979101
66 0.004089145455509424
67 0.003874801564961672
68 0.003951653838157654
69 0.004006223287433386
70 0.0041730464436113834
71 0.003875465365126729
72 0.0038973363116383553
73 0.0036204883363097906
74 0.0036541568115353584
75 0.004271851386874914
76 0.004047180991619825
77 0.0038681579753756523
78 0.003952870611101389
79 0.003654263913631439
80 0.0036690186243504286
81 0.0038308724761009216
82 0.0038963390979915857
83 0.00354517693631351
84 0.004101422615349293
85 0.003796645440161228
86 0.003925431054085493
87 0.0036441695410758257
88 0.0036442105192691088
89 0.003880245378240943
90 0.003974373918026686
91 0.003989333752542734
92 0.004024347756057978
93 0.004246145486831665
94 0.003872976638376713
95 0.0037784366868436337
96 0.004081818275153637
97 0.004131024237722158
98 0.003587708342820406
99 0.003994944971054792
100 0.0038052876479923725
101 0.0041965218260884285
102 0.00372936949133873
103 0.004240782465785742
104 0.003680522320792079
105 0.0041118524968624115
106 0.003800742793828249
107 0.00436136731877923
108 0.004255891311913729
109 0.003942337818443775
110 0.004011635202914476
111 0.0038520677480846643
112 0.0036735390312969685
113 0.004199115093797445
114 0.003991805948317051
115 0.003946311771869659
116 0.0038848058320581913
117 0.004078297410160303
118 0.0036305764224380255
119 0.0036886660382151604
120 0.003924688324332237
121 0.004273678176105022
122 0.004294088575989008
123 0.003872969653457403
124 0.004190088715404272
125 0.003941743168979883
126 0.00433336803689599
127 0.0038378143217414618
128 0.0035317777656018734
129 0.0036671690177172422
130 0.0034754429943859577
131 0.0036188624799251556
132 0.004037738312035799
133 0.003993460442870855
134 0.0038938007783144712
135 0.0036558585707098246
136 0.00423553166911006
137 0.003942117560654879
138 0.00390232284553349
139 0.0037992235738784075
140 0.003599047427996993
141 0.0037099146284163
142 0.003989688586443663
143 0.0038359237369149923
144 0.003651005681604147
145 0.004145448561757803
146 0.003988005220890045
147 0.003650396130979061
148 0.004041431471705437
149 0.003993066027760506
150 0.004097652621567249
151 0.004028686322271824
152 0.0036377902142703533
153 0.0037253685295581818
154 0.003889678046107292
155 0.0035946944262832403
156 0.003769945353269577
157 0.0037060410249978304
158 0.00391539977863431
159 0.0036888779141008854
160 0.003963514231145382
161 0.003726295195519924
162 0.004383285529911518
163 0.00365121359936893
164 0.0036335750482976437
165 0.00393705815076828
166 0.004065804649144411
167 0.0038664352614432573
168 0.004136772360652685
169 0.004127871710807085
170 0.0038841816131025553
171 0.0037325096782296896
172 0.0037632472813129425
173 0.0038744171615689993
174 0.003941677510738373
175 0.003952985629439354
176 0.00419930275529623
177 0.00369709893129766
178 0.0034725044388324022
179 0.003726754104718566
180 0.004023062065243721
181 0.0041244151070714
182 0.004010969772934914
183 0.003966257441788912
184 0.004079695791006088
185 0.004308171104639769
186 0.003469042247161269
187 0.003907838836312294
188 0.0038528621662408113
189 0.0039067803882062435
190 0.00391561072319746
191 0.0037870146334171295
192 0.003908839076757431
193 0.004028436727821827
194 0.003983006346970797
195 0.00444005848839879
196 0.004262941889464855
197 0.003716316306963563
198 0.003975531551986933
199 0.0037976617459207773
200 0.003786736400797963
201 0.0038389754481613636
202 0.004035796970129013
203 0.00383017398416996
204 0.0038195187225937843
205 0.0037440794985741377
206 0.0037636111956089735
207 0.004066478461027145
208 0.0040624369867146015
209 0.004056799691170454
210 0.0036895647644996643
211 0.004104932304471731
212 0.0036438198294490576
213 0.0038452420849353075
214 0.004126718733459711
215 0.003939696121960878
216 0.003954354207962751
217 0.0041106450371444225
218 0.003840206889435649
219 0.0038046438712626696
220 0.0040525710210204124
221 0.003984885755926371
222 0.0037463451735675335
223 0.0042263506911695
224 0.003702010028064251
225 0.003592680674046278
226 0.004117077216506004
227 0.0037507605738937855
228 0.004152801353484392
229 0.0041268072091042995
230 0.003929905127733946
231 0.004405084531754255
232 0.0039514051750302315
233 0.0035550561733543873
234 0.003647120902314782
235 0.0037199000362306833
236 0.003916879650205374
237 0.0037386207841336727
238 0.003720884909853339
239 0.0040128882974386215
240 0.0041334801353514194
241 0.003971621859818697
242 0.003862876445055008
243 0.0038522754330188036
244 0.0038609798066318035
245 0.003655701642856002
246 0.004008844029158354
247 0.004015781916677952
248 0.004059963393956423
249 0.003866900224238634
250 0.003699934110045433
251 0.0036494291853159666
252 0.003918583504855633
253 0.0036428547464311123
254 0.0039597987197339535
255 0.0037100673653185368
