0 0.003985288552939892
1 0.0035352876875549555
2 0.003829463617876172
3 0.00401616794988513
4 0.004132495727390051
5 0.0040552252903580666
6 0.003924503922462463
7 0.004075720440596342
8 0.003910823259502649
9 0.00353637570515275
10 0.003936453256756067
11 0.0038710206281393766
12 0.003867492312565446
13 0.003945231903344393
14 0.0038096082862466574
15 0.003942311741411686
16 0.003810421098023653
17 0.0038941693492233753
18 0.0037570595741271973
19 0.003783090505748987
20 0.004065000917762518
21 0.0041161454282701015
22 0.0039705634117126465
23 0.003909777384251356
24 0.004064788576215506
25 0.004252555780112743
26 0.004066420719027519
27 0.003968831151723862
28 0.004154800903052092
29 0.0038792365230619907
30 0.004323662258684635
31 0.003965383395552635
32 0.0036287596449255943
33 0.003622298361733556
34 0.0035174305085092783
35 0.004009574186056852
36 0.0039211539551615715
37 0.0038708129432052374
38 0.004094160161912441
39 0.004297757521271706
40 0.0039772940799593925
41 0.0034207578282803297
42 0.004070311319082975
43 0.003996776416897774
44 0.0037940379697829485
45 0.0037436150014400482
46 0.004310298711061478
47 0.004449078813195229
48 0.004107667598873377
49 0.0038564265705645084
50 0.004044021479785442
51 0.0036418393719941378
52 0.003969523124396801
53 0.0037104329094290733
54 0.0037914279382675886
55 0.0042922357097268105
56 0.004080141894519329
57 0.003820695448666811
58 0.0037976601161062717
59 0.0037558008916676044
60 0.003895014524459839
61 0.00390188442543149
62 0.003994425293058157
63 0.003719921922311187
64 0.004180212505161762
65 0.003859065007418394
66 0.004013797268271446
67 0.00373721937648952
68 0.00382038252428174
69 0.003917381167411804
70 0.004114880692213774
71 0.0038227029144763947
72 0.003841056954115629
73 0.0037377614062279463
74 0.0038164725992828608
75 0.004119516350328922
76 0.004056910052895546
77 0.003949198871850967
78 0.0040389965288341045
79 0.003949517384171486
80 0.0037705632857978344
81 0.004115206189453602
82 0.0037366896867752075
83 0.003667571349069476
84 0.004062892869114876
85 0.003692751517519355
86 0.0037091330159455538
87 0.00396367022767663
88 0.003529798239469528
89 0.0037014074623584747
90 0.003939084243029356
91 0.004015397280454636
92 0.0038828521501272917
93 0.004080801736563444
94 0.0035315915010869503
95 0.003903827862814069
96 0.0038841767236590385
97 0.004033639095723629
98 0.003851546673104167
99 0.003998727537691593
100 0.004019781015813351
101 0.004028961528092623
102 0.0038403060752898455
103 0.003992130514234304
104 0.003889064071699977
105 0.004359765909612179
106 0.003793311072513461
107 0.004312292207032442
108 0.004196798428893089
109 0.0037607233971357346
110 0.004022384528070688
111 0.003935723565518856
112 0.004047455731779337
113 0.004149963613599539
114 0.004078421741724014
115 0.0038002682849764824
116 0.0040151881985366344
117 0.004002249334007502
118 0.0036413599736988544
119 0.0038664306048303843
120 0.004022978711873293
121 0.004113756585866213
122 0.004253203980624676
123 0.00404181145131588
124 0.00399761414155364
125 0.0038625795859843493
126 0.004108028020709753
127 0.003997869323939085
128 0.0035368697717785835
129 0.003605953883379698
130 0.003756061429157853
131 0.0038475862238556147
132 0.0037435339763760567
133 0.004042122978717089
134 0.003781672799959779
135 0.0038216833490878344
136 0.004220311529934406
137 0.0037806760519742966
138 0.004028142895549536
139 0.003851355519145727
140 0.0036478140391409397
141 0.003774983575567603
142 0.0038673365488648415
143 0.0038445712998509407
144 0.003563022008165717
145 0.00411310326308012
146 0.0037134697195142508
147 0.003865463426336646
148 0.0039682406932115555
149 0.003897148882970214
150 0.004121171310544014
151 0.003988368436694145
152 0.0037560653872787952
153 0.003899285336956382
154 0.0039962963201105595
155 0.003661361988633871
156 0.0036455851513892412
157 0.0038694972172379494
158 0.003920635674148798
159 0.00366569752804935
160 0.0036742391530424356
161 0.0037716063670814037
162 0.004325877409428358
163 0.00375155545771122
164 0.003916956949979067
165 0.003807618748396635
166 0.003969842568039894
167 0.004018539562821388
168 0.003990996163338423
169 0.004054001532495022
170 0.003768904833123088
171 0.003889020998030901
172 0.00360262393951416
173 0.0037480017635971308
174 0.004075256176292896
175 0.004240687470883131
176 0.0044211880303919315
177 0.00382645009085536
178 0.003662649542093277
179 0.003729144809767604
180 0.003862111596390605
181 0.004117751959711313
182 0.0038225483149290085
183 0.0038486130069941282
184 0.003902551019564271
185 0.0040922886691987514
186 0.0036697250325232744
187 0.003999576438218355
188 0.003997238352894783
189 0.0038237781263887882
190 0.0038943402469158173
191 0.0037732638884335756
192 0.0038268896751105785
193 0.004034908022731543
194 0.004204146564006805
195 0.004282805602997541
196 0.0042223804630339146
197 0.003652066458016634
198 0.0035886638797819614
199 0.0036582774482667446
200 0.003860766999423504
201 0.0038227762561291456
202 0.004013989586383104
203 0.0035825115628540516
204 0.0038212325889617205
205 0.003653174266219139
206 0.0036896304227411747
207 0.004047085531055927
208 0.003980399575084448
209 0.00405470933765173
210 0.0036855621729046106
211 0.004131965804845095
212 0.0037073781713843346
213 0.003791703376919031
214 0.004042436834424734
215 0.003906132886186242
216 0.003970699850469828
217 0.003978576976805925
218 0.00395857123658061
219 0.0036595179699361324
220 0.003869655542075634
221 0.003858582116663456
222 0.003640460781753063
223 0.004145708400756121
224 0.0038538496010005474
225 0.0038061896339058876
226 0.004100556951016188
227 0.0038718318101018667
228 0.003967012744396925
229 0.004067414905875921
230 0.003950388636440039
231 0.004087261855602264
232 0.0038946846034377813
233 0.003520656144246459
234 0.003902486991137266
235 0.003803729545325041
236 0.0041981833055615425
237 0.003806979861110449
238 0.0038100287783890963
239 0.004045418463647366
240 0.004070288501679897
241 0.003996003419160843
242 0.00376166682690382
243 0.00373947829939425
244 0.0036822210531681776
245 0.003735311795026064
246 0.004108731634914875
247 0.004075702745467424
248 0.003972862847149372
249 0.0039486936293542385
250 0.0037231447640806437
251 0.0036389657761901617
252 0.003791033523157239
253 0.003616668051108718
254 0.003832652699202299
255 0.0037770294584333897
