0 0.004174444358795881
1 0.0033242821227759123
2 0.003690674202516675
3 0.003913520369678736
4 0.0041839322075247765
5 0.0038807238452136517
6 0.0039055533707141876
7 0.004164681304246187
8 0.004319351632148027
9 0.0036171446554362774
10 0.0042602503672242165
11 0.003922048956155777
12 0.0035546859726309776
13 0.0038752518594264984
14 0.0037693739868700504
15 0.00409770617261529
16 0.004057498648762703
17 0.0036795088090002537
18 0.0037326659075915813
19 0.004142797086387873
20 0.004084652755409479
21 0.004099464975297451
22 0.003978304099291563
23 0.0038052282761782408
24 0.004085506312549114
25 0.0039512719959020615
26 0.003996118903160095
27 0.004002201370894909
28 0.004062596708536148
29 0.003941599745303392
30 0.004234909079968929
31 0.0038251543883234262
32 0.0036428875755518675
33 0.003729152260348201
34 0.003722325200214982
35 0.0039349389262497425
36 0.004456297028809786
37 0.003732710611075163
38 0.004118411801755428
39 0.004349963273853064
40 0.0043907565996050835
41 0.003430919023230672
42 0.003755623707547784
43 0.0040015773847699165
44 0.004108678083866835
45 0.003908353857696056
46 0.004004948306828737
47 0.004360209219157696
48 0.0042264400981366634
49 0.0038101738318800926
50 0.004017404746264219
51 0.0035671538207679987
52 0.004089268855750561
53 0.003834259230643511
54 0.0037636347115039825
55 0.004050159361213446
56 0.004077048972249031
57 0.003810942405834794
58 0.0036611496470868587
59 0.0035297616850584745
60 0.0037150264251977205
61 0.0040007163770496845
62 0.004277259111404419
63 0.0037225382402539253
64 0.00410242797806859
65 0.0037606360856443644
66 0.003910525236278772
67 0.0038252135273069143
68 0.003823736682534218
69 0.004052257630974054
70 0.004262453410774469
71 0.003940849099308252
72 0.0040388586930930614
73 0.003871931927278638
74 0.0037672752514481544
75 0.004254802595824003
76 0.0042517464607954025
77 0.00399843230843544
78 0.0037488089874386787
79 0.0038231629878282547
80 0.003760164836421609
81 0.004025997593998909
82 0.004003693349659443
83 0.003679408226162195
84 0.003839348442852497
85 0.0037860036827623844
86 0.003883359022438526
87 0.004071548115462065
88 0.003450121032074094
89 0.0038407286629080772
90 0.003891759319230914
91 0.0036035666707903147
92 0.003975928761065006
93 0.004288786556571722
94 0.0037891624961048365
95 0.003879855154082179
96 0.0040403855964541435
97 0.0042189029045403
98 0.003683326067402959
99 0.004316331818699837
100 0.004015093203634024
101 0.0040099588222801685
102 0.0038730951491743326
103 0.004074427764862776
104 0.0038953956682235003
105 0.004104884807020426
106 0.00392343383282423
107 0.004576933570206165
108 0.004373753909021616
109 0.0039147669449448586
110 0.0038912580348551273
111 0.003848730120807886
112 0.003812845330685377
113 0.004161729943007231
114 0.004154356662184
115 0.003705777460709214
116 0.004041573032736778
117 0.004049321636557579
118 0.003721825312823057
119 0.0038787382654845715
120 0.0037640465889126062
121 0.0042890221811831
122 0.004792000167071819
123 0.0038956135977059603
124 0.0038770854007452726
125 0.0038444052916020155
126 0.0043314313516020775
127 0.003830165136605501
128 0.0034443072509020567
129 0.0036868175957351923
130 0.0038238188717514277
131 0.0036033650394529104
132 0.0038818290922790766
133 0.004134449176490307
134 0.003979028668254614
135 0.0033369967713952065
136 0.004277040716260672
137 0.004196133930236101
138 0.004138373304158449
139 0.0038629111368209124
140 0.0036374139599502087
141 0.003471251344308257
142 0.003743149805814028
143 0.0036446587182581425
144 0.00360033824108541
145 0.004135781899094582
146 0.0037600616924464703
147 0.003958663437515497
148 0.003897002199664712
149 0.0036594790872186422
150 0.00375234242528677
151 0.004005415830761194
152 0.0035353999119251966
153 0.003680585650727153
154 0.0037306176964193583
155 0.0034398261923342943
156 0.003946701064705849
157 0.003982057329267263
158 0.004072440788149834
159 0.00370286894030869
160 0.0037502592895179987
161 0.004023045767098665
162 0.0043132733553647995
163 0.0037023338954895735
164 0.003859174670651555
165 0.0039305188693106174
166 0.003933500032871962
167 0.003731493139639497
168 0.004163552541285753
169 0.003753358032554388
170 0.003991950303316116
171 0.0038399456534534693
172 0.003474409691989422
173 0.0037419653963297606
174 0.003900473704561591
175 0.003749114228412509
176 0.0042951032519340515
177 0.0037904272321611643
178 0.003458049613982439
179 0.0036090975627303123
180 0.0038083812687546015
181 0.004078657831996679
182 0.003853784641250968
183 0.003929833881556988
184 0.004168068524450064
185 0.004288255702704191
186 0.003526939544826746
187 0.0037754583172500134
188 0.0040526241064071655
189 0.0036187220830470324
190 0.0037943364586681128
191 0.0036646977532655
192 0.0035226785112172365
193 0.004107677843421698
194 0.004159758798778057
195 0.0040471553802490234
196 0.004552869591861963
197 0.0038004841189831495
198 0.0038329213857650757
199 0.0035978781525045633
200 0.0035921840462833643
201 0.0037661646492779255
202 0.003947139251977205
203 0.003853547852486372
204 0.0036660751793533564
205 0.0035836517345160246
206 0.003745801979675889
207 0.00418362021446228
208 0.003844466060400009
209 0.00409258808940649
210 0.003567109350115061
211 0.004087465815246105
212 0.003665801603347063
213 0.0038905248511582613
214 0.003977165091782808
215 0.004063501488417387
216 0.004040520638227463
217 0.0038479329086840153
218 0.003860915545374155
219 0.0036904423031955957
220 0.003954155370593071
221 0.004051453899592161
222 0.0036712067667394876
223 0.0042221928015351295
224 0.003885098034515977
225 0.004011625424027443
226 0.00399400107562542
227 0.0037018603179603815
228 0.0038785585202276707
229 0.004166743252426386
230 0.0036778515204787254
231 0.004252590239048004
232 0.0037694417405873537
233 0.003735884791240096
234 0.00343320588581264
235 0.003737350692972541
236 0.00400339113548398
237 0.0037573573645204306
238 0.00358444731682539
239 0.004054471850395203
240 0.0039440663531422615
241 0.0038612757343798876
242 0.0037857696879655123
243 0.0037903280463069677
244 0.003813105635344982
245 0.003928318154066801
246 0.004295569844543934
247 0.004196871537715197
248 0.003967581316828728
249 0.004034107085317373
250 0.0036830902099609375
251 0.003713324898853898
252 0.004125515930354595
253 0.003478324506431818
254 0.0039997398853302
255 0.003713223384693265
