0 0.003857710398733616
1 0.0033492487855255604
2 0.003958754241466522
3 0.003951162565499544
4 0.004103194456547499
5 0.003882600227370858
6 0.0040409448556602
7 0.004047322552651167
8 0.00403480464592576
9 0.0035711119417101145
10 0.004032073076814413
11 0.0038865464739501476
12 0.003991773817688227
13 0.003705062437802553
14 0.0038207320030778646
15 0.003922044299542904
16 0.0038671796210110188
17 0.003976493142545223
18 0.0038302673492580652
19 0.003965473733842373
20 0.003970522899180651
21 0.00393915269523859
22 0.00397351523861289
23 0.0038679526187479496
24 0.0038978122174739838
25 0.003922357223927975
26 0.003960720729082823
27 0.004012762568891048
28 0.004006200470030308
29 0.00405352097004652
30 0.004337263759225607
31 0.003825150663033128
32 0.0035865490790456533
33 0.003831700189039111
34 0.0036142824683338404
35 0.003981397487223148
36 0.00402996176853776
37 0.0037818176206201315
38 0.0040624262765049934
39 0.004110081121325493
40 0.004114819690585136
41 0.0034856400452554226
42 0.003891139756888151
43 0.003773596603423357
44 0.00397209357470274
45 0.0037608693819493055
46 0.004194971639662981
47 0.004177061375230551
48 0.004159577190876007
49 0.0037462336476892233
50 0.004050046671181917
51 0.003579691518098116
52 0.004003861919045448
53 0.0037400114815682173
54 0.004055915400385857
55 0.004121364559978247
56 0.004230733495205641
57 0.003927568439394236
58 0.0037739439867436886
59 0.003858245676383376
60 0.003758219536393881
61 0.0041451407596468925
62 0.0041650733910501
63 0.0036499067209661007
64 0.004026858136057854
65 0.0038412411231547594
66 0.003912727348506451
67 0.0037655234336853027
68 0.0037961332127451897
69 0.004016677383333445
70 0.004113020375370979
71 0.0038432697765529156
72 0.004135355353355408
73 0.0037454392295330763
74 0.0039282976649701595
75 0.004035501275211573
76 0.0040236529894173145
77 0.0039889197796583176
78 0.0039047971367836
79 0.003882208140566945
80 0.0037633355241268873
81 0.00409646425396204
82 0.003719915635883808
83 0.003668052377179265
84 0.004096103832125664
85 0.003676733234897256
86 0.004033710341900587
87 0.0036820771638303995
88 0.0034979835618287325
89 0.0036858422681689262
90 0.0038740336894989014
91 0.003955122083425522
92 0.0039930762723088264
93 0.004243511240929365
94 0.003865523263812065
95 0.003979817498475313
96 0.004040861967951059
97 0.00417317496612668
98 0.0037375513929873705
99 0.003804538631811738
100 0.0038725389167666435
101 0.004141774959862232
102 0.0036086859181523323
103 0.00426908303052187
104 0.003823432605713606
105 0.0040758103132247925
106 0.004074857570230961
107 0.004344544373452663
108 0.0040631769225001335
109 0.003832040121778846
110 0.0040625035762786865
111 0.003971035126596689
112 0.0036761928349733353
113 0.004326547496020794
114 0.004091902170330286
115 0.003922103904187679
116 0.003938806708902121
117 0.004014035686850548
118 0.0036994870752096176
119 0.0038547380827367306
120 0.003837049473077059
121 0.003947531804442406
122 0.004386077634990215
123 0.0040006330236792564
124 0.0041006989777088165
125 0.003969146404415369
126 0.0040228222496807575
127 0.003835093230009079
128 0.003699052380397916
129 0.003665592987090349
130 0.0035247746855020523
131 0.003691932652145624
132 0.0039185392670333385
133 0.004077856428921223
134 0.003919281531125307
135 0.0036517849657684565
136 0.004288989584892988
137 0.0036880499683320522
138 0.003963329829275608
139 0.003924665506929159
140 0.003791769500821829
141 0.0035769008100032806
142 0.004014626145362854
143 0.0038564533460885286
144 0.0037625464610755444
145 0.004118303768336773
146 0.004006799776107073
147 0.003871266497299075
148 0.003912685438990593
149 0.004009339492768049
150 0.004105513449758291
151 0.004089765716344118
152 0.003454795340076089
153 0.003884052624925971
154 0.003693005070090294
155 0.00361975678242743
156 0.0037839829456061125
157 0.003486868692561984
158 0.003928586840629578
159 0.003681349800899625
160 0.0039009167812764645
161 0.0035900480579584837
162 0.004011819139122963
163 0.0037320940755307674
164 0.0035724129993468523
165 0.00396381039172411
166 0.004103895276784897
167 0.003779435297474265
168 0.004144921433180571
169 0.00445436080917716
170 0.003848524298518896
171 0.0038285006303340197
172 0.0037891175597906113
173 0.003789516631513834
174 0.003937267232686281
175 0.00392877496778965
176 0.004341438878327608
177 0.003789427923038602
178 0.003497165394946933
179 0.003941318020224571
180 0.0037475675344467163
181 0.004233064595609903
182 0.003967739176005125
183 0.003914644010365009
184 0.003866668324917555
185 0.0041150846518576145
186 0.00349247083067894
187 0.003930813632905483
188 0.003789501963183284
189 0.003808896988630295
190 0.003966598771512508
191 0.0037296439986675978
192 0.003910368774086237
193 0.0040344251319766045
194 0.003916464745998383
195 0.0042425114661455154
196 0.0040436554700136185
197 0.003728111507371068
198 0.003835860639810562
199 0.003992732148617506
200 0.0038771142717450857
201 0.0037193887401372194
202 0.003920969553291798
203 0.003805136540904641
204 0.004057958722114563
205 0.0037199934013187885
206 0.003764787456020713
207 0.00417008763179183
208 0.0039705741219222546
209 0.003928410355001688
210 0.0037470103707164526
211 0.00389918708242476
212 0.003588870633393526
213 0.0038405125960707664
214 0.004014909267425537
215 0.003928307443857193
216 0.0038075963966548443
217 0.003959114663302898
218 0.0038832235150039196
219 0.0040007783100008965
220 0.004050061106681824
221 0.0038729324005544186
222 0.003777085803449154
223 0.004143866710364819
224 0.0037969634868204594
225 0.0037141740322113037
226 0.004070840775966644
227 0.003849969943985343
228 0.004030323587357998
229 0.004106887616217136
230 0.0039417012594640255
231 0.004368930123746395
232 0.0038536526262760162
233 0.003592320717871189
234 0.0037137973122298717
235 0.003701948095113039
236 0.004021928180009127
237 0.0037499137688428164
238 0.0038323441985994577
239 0.004102032631635666
240 0.004047789610922337
241 0.004100062884390354
242 0.0038344422355294228
243 0.0038377968594431877
244 0.00372868194244802
245 0.003755309386178851
246 0.00401104474440217
247 0.0039848992601037025
248 0.004128515720367432
249 0.003933991305530071
250 0.0038405421655625105
251 0.0035749359522014856
252 0.0037450743839144707
253 0.003682872513309121
254 0.0039035212248563766
255 0.003916327375918627
