0 0.0038830144330859184
1 0.0033672070130705833
2 0.0037149512208998203
3 0.0038837511092424393
4 0.004303512629121542
5 0.0037415893748402596
6 0.004152767360210419
7 0.00392226641997695
8 0.004297289997339249
9 0.0034961088094860315
10 0.004076041281223297
11 0.004036549478769302
12 0.0035319419112056494
13 0.00376825756393373
14 0.003873225999996066
15 0.0038995856884866953
16 0.0037489307578653097
17 0.0038977062795311213
18 0.0036712647415697575
19 0.003800168400630355
20 0.004204852506518364
21 0.004056188743561506
22 0.0041381618939340115
23 0.0036708565894514322
24 0.003803702536970377
25 0.004005362279713154
26 0.003960143309086561
27 0.0037982112262398005
28 0.003952208440750837
29 0.003967705648392439
30 0.004055087920278311
31 0.003764029825106263
32 0.003641885705292225
33 0.003636844689026475
34 0.003584703430533409
35 0.003901287680491805
36 0.004270126577466726
37 0.0036465111188590527
38 0.004017341416329145
39 0.003998346161097288
40 0.003961654845625162
41 0.003231479087844491
42 0.003977043554186821
43 0.003993816673755646
44 0.003816477255895734
45 0.004090170841664076
46 0.004224635660648346
47 0.003988238051533699
48 0.004097120836377144
49 0.003651132108643651
50 0.0041304281912744045
51 0.0035530412569642067
52 0.004132725764065981
53 0.003809501649811864
54 0.00391631992533803
55 0.0040260665118694305
56 0.004160151816904545
57 0.00401092367246747
58 0.003918464761227369
59 0.0038504344411194324
60 0.003796542529016733
61 0.004063198808580637
62 0.004176747053861618
63 0.0036515183746814728
64 0.003626089310273528
65 0.003676257561892271
66 0.003940520342439413
67 0.00398217374458909
68 0.00379300769418478
69 0.004180699121206999
70 0.003948153927922249
71 0.0039892131462693214
72 0.003993971273303032
73 0.003777971025556326
74 0.0038380518089979887
75 0.004301334731280804
76 0.003954214043915272
77 0.004111074842512608
78 0.0038446818944066763
79 0.003705146024003625
80 0.0037753998767584562
81 0.0040620011277496815
82 0.004020558204501867
83 0.0036194564308971167
84 0.004019514191895723
85 0.003702178131788969
86 0.0037292002234607935
87 0.0038866247050464153
88 0.003424617927521467
89 0.0038004640955477953
90 0.004003381356596947
91 0.003915080334991217
92 0.004169307183474302
93 0.0042465366423130035
94 0.0038309325464069843
95 0.003807070665061474
96 0.0038777661975473166
97 0.004215583670884371
98 0.0036817085929214954
99 0.003982439637184143
100 0.004118471406400204
101 0.004269624128937721
102 0.0038620512932538986
103 0.004351722542196512
104 0.004039749037474394
105 0.004261327907443047
106 0.003825210966169834
107 0.004263959359377623
108 0.004396981094032526
109 0.003959448542445898
110 0.003980783745646477
111 0.0037858847063034773
112 0.003661026945337653
113 0.00415070541203022
114 0.00412902794778347
115 0.003863318357616663
116 0.003887500613927841
117 0.004014811012893915
118 0.0038609930779784918
119 0.0037731309421360493
120 0.003954325336962938
121 0.004079210571944714
122 0.00464170565828681
123 0.00372753175906837
124 0.003946885000914335
125 0.0038660094141960144
126 0.004432101268321276
127 0.0038828528486192226
128 0.0036258052568882704
129 0.003742279252037406
130 0.0037962498608976603
131 0.0035658851265907288
132 0.00384928984567523
133 0.004071421921253204
134 0.003570107975974679
135 0.0035797618329524994
136 0.004318578168749809
137 0.0041298274882137775
138 0.003878440475091338
139 0.003923503682017326
140 0.003640127368271351
141 0.0035747112706303596
142 0.00379036832600832
143 0.003815369913354516
144 0.003597310744225979
145 0.004027118440717459
146 0.003929078113287687
147 0.003994034603238106
148 0.003983074799180031
149 0.003925839904695749
150 0.003797834739089012
151 0.004180699586868286
152 0.0035748430527746677
153 0.0037148992996662855
154 0.00386996753513813
155 0.0035919216461479664
156 0.0038156970404088497
157 0.0037375218234956264
158 0.003886375343427062
159 0.0037884702906012535
160 0.003618377260863781
161 0.0037343595176935196
162 0.004422835074365139
163 0.0037361248396337032
164 0.004138930235058069
165 0.0038803911302238703
166 0.003887081053107977
167 0.003980710171163082
168 0.004185631405562162
169 0.0038479254581034184
170 0.0038004647940397263
171 0.003894760273396969
172 0.0036906583700329065
173 0.0036296744365245104
174 0.004084940999746323
175 0.0038794558495283127
176 0.004279391374439001
177 0.003724761540070176
178 0.0035291623789817095
179 0.003626057179644704
180 0.003876056522130966
181 0.0042869700118899345
182 0.0038539720699191093
183 0.0038288976065814495
184 0.003958495333790779
185 0.004413011949509382
186 0.003761637257412076
187 0.004037428181618452
188 0.004039876163005829
189 0.0037745649460703135
190 0.003992813173681498
191 0.003825422842055559
192 0.0039047659374773502
193 0.003937314264476299
194 0.00405811658129096
195 0.004063619300723076
196 0.004287421703338623
197 0.0035677349660545588
198 0.00395999476313591
199 0.0037830588407814503
200 0.003750933101400733
201 0.0037977201864123344
202 0.0038567858282476664
203 0.003957884851843119
204 0.0036636656150221825
205 0.0038028941489756107
206 0.0036551328375935555
207 0.003841794328764081
208 0.0036362092941999435
209 0.004130770917981863
210 0.00374351954087615
211 0.003958401270210743
212 0.003493799827992916
213 0.003648236161097884
214 0.003974486608058214
215 0.004268304910510778
216 0.004156538285315037
217 0.0041549718007445335
218 0.0038766576908528805
219 0.0037477805744856596
220 0.0039054120425134897
221 0.003934427630156279
222 0.003783722873777151
223 0.004375115502625704
224 0.0036513523664325476
225 0.003969375975430012
226 0.003816676326096058
227 0.003702020039781928
228 0.004144017584621906
229 0.004400128498673439
230 0.003761264495551586
231 0.0043164403177797794
232 0.0038051593583077192
233 0.003721971297636628
234 0.0038055377081036568
235 0.003898661583662033
236 0.004019239451736212
237 0.003623496973887086
238 0.0035672460217028856
239 0.004015058744698763
240 0.00410199211910367
241 0.004079323261976242
242 0.003929428290575743
243 0.0038356208242475986
244 0.0037565852981060743
245 0.0038978613447397947
246 0.00410520238801837
247 0.004313766025006771
248 0.0040795630775392056
249 0.003909580409526825
250 0.0038844633381813765
251 0.0038247443735599518
252 0.004007819574326277
253 0.003519423771649599
254 0.003820726415142417
255 0.003745606169104576
