0 0.0038880647625774145
1 0.0035614061634987593
2 0.003955806139856577
3 0.003959274850785732
4 0.004240583628416061
5 0.003909011371433735
6 0.004173825494945049
7 0.003919449634850025
8 0.004186084493994713
9 0.003478006459772587
10 0.004285882227122784
11 0.0038912694435566664
12 0.0036445222795009613
13 0.003787488676607609
14 0.0037824346218258142
15 0.003943777177482843
16 0.003998828586190939
17 0.0039856624789536
18 0.0037809107452630997
19 0.003936835564672947
20 0.004005602560937405
21 0.004287269432097673
22 0.00399785628542304
23 0.003645985620096326
24 0.0038248798809945583
25 0.004031450022011995
26 0.0041053565219044685
27 0.004061741754412651
28 0.004174711648374796
29 0.003905730787664652
30 0.0041908686980605125
31 0.0039537204429507256
32 0.003695264458656311
33 0.0037724077701568604
34 0.0034829562064260244
35 0.004132108297199011
36 0.004078714642673731
37 0.0036676893942058086
38 0.0038512744940817356
39 0.004084320738911629
40 0.004006219562143087
41 0.003281742800027132
42 0.003919896669685841
43 0.00381088606081903
44 0.003911260981112719
45 0.003803664818406105
46 0.0041122413240373135
47 0.004195513669401407
48 0.0038620969280600548
49 0.0037719779647886753
50 0.004081251565366983
51 0.0035917579662054777
52 0.004223720636218786
53 0.003781822742894292
54 0.0037684845738112926
55 0.0040357718244194984
56 0.004019573796540499
57 0.003736926941201091
58 0.0038602929562330246
59 0.003911853767931461
60 0.003872326808050275
61 0.0039977384731173515
62 0.00410836935043335
63 0.003706523450091481
64 0.0039610303938388824
65 0.0038734471891075373
66 0.003912675194442272
67 0.004139119293540716
68 0.0037586644757539034
69 0.0038996951188892126
70 0.004265346564352512
71 0.004086947999894619
72 0.003999769687652588
73 0.0037801703438162804
74 0.003884298726916313
75 0.004442116711288691
76 0.004099853802472353
77 0.004152710549533367
78 0.003923247568309307
79 0.003773374017328024
80 0.0036754405591636896
81 0.0041175540536642075
82 0.003920517861843109
83 0.0038180442061275244
84 0.004018889740109444
85 0.003778532613068819
86 0.00385991926304996
87 0.003942463081330061
88 0.0036186310462653637
89 0.0036788680590689182
90 0.004013598896563053
91 0.003834856441244483
92 0.004124305211007595
93 0.004168523475527763
94 0.0037110126577317715
95 0.003790909191593528
96 0.003828981425613165
97 0.004214187618345022
98 0.0038396844174712896
99 0.004000460263341665
100 0.003974419552832842
101 0.004141397308558226
102 0.0037820476572960615
103 0.004123753868043423
104 0.0038375211879611015
105 0.004170251544564962
106 0.003876172471791506
107 0.004272881429642439
108 0.004259184002876282
109 0.003826149506494403
110 0.004071158356964588
111 0.003829492023214698
112 0.0037486946675926447
113 0.004231780767440796
114 0.003863466437906027
115 0.0038134832866489887
116 0.003972802776843309
117 0.0038871238939464092
118 0.0037346177268773317
119 0.003953983541578054
120 0.003923983313143253
121 0.0040511395782232285
122 0.004260500892996788
123 0.0036936902906745672
124 0.004033432807773352
125 0.0038431757129728794
126 0.004094654694199562
127 0.003825416089966893
128 0.003671929007396102
129 0.003654023865237832
130 0.0036831283941864967
131 0.003647461300715804
132 0.003910665865987539
133 0.003987533506006002
134 0.0038856761530041695
135 0.003549291519448161
136 0.0045016794465482235
137 0.004003540612757206
138 0.003903328673914075
139 0.003946234006434679
140 0.0038041730877012014
141 0.0034458902664482594
142 0.003812832524999976
143 0.003881711745634675
144 0.0036211053375154734
145 0.004109772387892008
146 0.004013338591903448
147 0.00390671705827117
148 0.00374052207916975
149 0.003816390410065651
150 0.003978324588388205
151 0.0038795426953583956
152 0.003648477839305997
153 0.0038809049874544144
154 0.0039497860707342625
155 0.003518322017043829
156 0.003627604339271784
157 0.003692602040246129
158 0.003943128045648336
159 0.003700956702232361
160 0.0035928820725530386
161 0.0036856497172266245
162 0.004227333702147007
163 0.003632865846157074
164 0.003851592540740967
165 0.00402862299233675
166 0.003851178800687194
167 0.003802109742537141
168 0.004189839120954275
169 0.0040122224017977715
170 0.003832442918792367
171 0.003805560292676091
172 0.003818618133664131
173 0.003811362897977233
174 0.003930079285055399
175 0.0039915656670928
176 0.0042203012853860855
177 0.0038763151969760656
178 0.003530106507241726
179 0.003584850812330842
180 0.003929258789867163
181 0.00421247910708189
182 0.0038874198216944933
183 0.0037821654696017504
184 0.0038352818228304386
185 0.004112706985324621
186 0.0037498732563108206
187 0.0037194308824837208
188 0.0038936128839850426
189 0.0037829894572496414
190 0.004058496095240116
191 0.0037425255868583918
192 0.0037050789687782526
193 0.003873409004881978
194 0.004141255281865597
195 0.004148068837821484
196 0.0041878181509673595
197 0.0037525997031480074
198 0.0039937798865139484
199 0.0038700196892023087
200 0.0037355574313551188
201 0.0036851547192782164
202 0.0038694902323186398
203 0.0038029788993299007
204 0.0036531384103000164
205 0.00387966213747859
206 0.00391604145988822
207 0.0039036287926137447
208 0.004069996532052755
209 0.004071156959980726
210 0.0036462158896028996
211 0.004141948651522398
212 0.003732516895979643
213 0.0038651940412819386
214 0.004050719551742077
215 0.004035920836031437
216 0.004092850256711245
217 0.004206136800348759
218 0.0038290012162178755
219 0.0038603225257247686
220 0.0040844399482011795
221 0.003895945381373167
222 0.0035931982565671206
223 0.004139692988246679
224 0.0038011842407286167
225 0.003823879174888134
226 0.00394041184335947
227 0.003827861975878477
228 0.00405200757086277
229 0.004067484755069017
230 0.003962893038988113
231 0.00428689643740654
232 0.0038539161905646324
233 0.0037122468929737806
234 0.0038255436811596155
235 0.003880065865814686
236 0.0041215126402676105
237 0.0036587745416909456
238 0.0038098653312772512
239 0.0040529039688408375
240 0.003997862339019775
241 0.004049713257700205
242 0.0038445235695689917
243 0.0038642575964331627
244 0.0039420356042683125
245 0.003695402992889285
246 0.004158289637416601
247 0.0041031427681446075
248 0.003970224875956774
249 0.003763757413253188
250 0.0037519866600632668
251 0.0037017115391790867
252 0.0038324010092765093
253 0.003595116315409541
254 0.003951710183173418
255 0.003734005382284522
