0 0.0038953227922320366
1 0.003574889851734042
2 0.0036872720811516047
3 0.003880825825035572
4 0.004311739932745695
5 0.003912725020200014
6 0.004190674517303705
7 0.0042178877629339695
8 0.004134402144700289
9 0.003462097141891718
10 0.004258031491190195
11 0.0040687513537704945
12 0.0036109155043959618
13 0.003928833641111851
14 0.003973716404289007
15 0.0041441526263952255
16 0.0037172548472881317
17 0.003737512743100524
18 0.003618963761255145
19 0.003908297512680292
20 0.003972917795181274
21 0.003950787242501974
22 0.003956470638513565
23 0.003820656333118677
24 0.003922814968973398
25 0.004020393826067448
26 0.0037328279577195644
27 0.0037292444612830877
28 0.00386116374284029
29 0.00419702148064971
30 0.0042230309918522835
31 0.0036902574356645346
32 0.0037509496323764324
33 0.0034782958682626486
34 0.003575004870072007
35 0.004302384797483683
36 0.004162095487117767
37 0.0037878684233874083
38 0.003999924287199974
39 0.004141752142459154
40 0.003978462424129248
41 0.0034094068687409163
42 0.003998194821178913
43 0.004022129345685244
44 0.004081713035702705
45 0.00404432974755764
46 0.00418343860656023
47 0.004266676027327776
48 0.003991760779172182
49 0.003996203653514385
50 0.004265653435140848
51 0.0036866844166070223
52 0.003927580080926418
53 0.0037064063362777233
54 0.0037492550909519196
55 0.004037573002278805
56 0.004124820698052645
57 0.0039030881598591805
58 0.003868677420541644
59 0.00384418573230505
60 0.0035744195338338614
61 0.003822112688794732
62 0.004068236332386732
63 0.0038349966052919626
64 0.004235867876559496
65 0.003856379073113203
66 0.0037918726447969675
67 0.003918628208339214
68 0.003960247151553631
69 0.0038631753996014595
70 0.004264782182872295
71 0.0037104198709130287
72 0.0037430692464113235
73 0.003967320080846548
74 0.003937470726668835
75 0.004416871350258589
76 0.004046070855110884
77 0.004138176795095205
78 0.0036487746983766556
79 0.0037864085752516985
80 0.0036463544238358736
81 0.004284862894564867
82 0.003969742450863123
83 0.003739927662536502
84 0.0038651328068226576
85 0.0036206506192684174
86 0.0039903149008750916
87 0.003922038711607456
88 0.003369816578924656
89 0.00422261469066143
90 0.003874243702739477
91 0.0038736569695174694
92 0.003869222244247794
93 0.0042373668402433395
94 0.0037196308840066195
95 0.0037882262840867043
96 0.0038903045933693647
97 0.003975138533860445
98 0.0035347393713891506
99 0.004038425162434578
100 0.004063406027853489
101 0.003987675998359919
102 0.0039242589846253395
103 0.004323028493672609
104 0.003668912686407566
105 0.0045509967021644115
106 0.0037197163328528404
107 0.004589790944010019
108 0.00419488875195384
109 0.0039701336063444614
110 0.0040876492857933044
111 0.003634069347754121
112 0.0037669732701033354
113 0.004437114577740431
114 0.004133290611207485
115 0.003640313632786274
116 0.0041312165558338165
117 0.0041295490227639675
118 0.003498450620099902
119 0.0036999776493757963
120 0.004007304087281227
121 0.004146439954638481
122 0.0045428103767335415
123 0.0038806216325610876
124 0.004191768355667591
125 0.003917180001735687
126 0.00425075413659215
127 0.003907579462975264
128 0.003811335889622569
129 0.0035774807911366224
130 0.0039026301819831133
131 0.0035545052960515022
132 0.004178924020379782
133 0.004242738243192434
134 0.0038575688377022743
135 0.003446203423663974
136 0.004261464346200228
137 0.003877718234434724
138 0.00395162170752883
139 0.003912364132702351
140 0.0037981290370225906
141 0.003624857636168599
142 0.004033930599689484
143 0.0036856678780168295
144 0.0038968517910689116
145 0.0038074820768088102
146 0.0038025877438485622
147 0.0038157394155859947
148 0.003817026037722826
149 0.00382441864348948
150 0.004019179381430149
151 0.003800109727308154
152 0.003588171675801277
153 0.003798989113420248
154 0.0036875978112220764
155 0.003461865009739995
156 0.003918858710676432
157 0.0035733359400182962
158 0.003956640139222145
159 0.0036304155364632607
160 0.004075885750353336
161 0.0038620384875684977
162 0.004127579275518656
163 0.0038058129139244556
164 0.0037306793965399265
165 0.0039175949059426785
166 0.004200916271656752
167 0.003854723647236824
168 0.004141211975365877
169 0.004190865438431501
170 0.0036863605491816998
171 0.004303093068301678
172 0.003565046004951
173 0.003969843965023756
174 0.00411725090816617
175 0.0038405139930546284
176 0.004115576855838299
177 0.004131025169044733
178 0.0033865044824779034
179 0.003538233693689108
180 0.0035338911693543196
181 0.004108569119125605
182 0.004086954519152641
183 0.003982238471508026
184 0.004173566587269306
185 0.003986130002886057
186 0.0037635734770447016
187 0.0038701388984918594
188 0.0039022881537675858
189 0.003626822493970394
190 0.00403357669711113
191 0.003780628787353635
192 0.004026822280138731
193 0.0039311982691287994
194 0.004160290118306875
195 0.0038952985778450966
196 0.004083846230059862
197 0.003610659157857299
198 0.0037739817053079605
199 0.0038696746341884136
200 0.003810250898823142
201 0.0035716386046260595
202 0.003851313376799226
203 0.003849026747047901
204 0.004018115811049938
205 0.003483479144051671
206 0.0033750298898667097
207 0.003962433431297541
208 0.004001306369900703
209 0.004097735043615103
210 0.0038966755382716656
211 0.0041564637795090675
212 0.0033703725785017014
213 0.0036663017235696316
214 0.0040979767218232155
215 0.004307323135435581
216 0.004028727300465107
217 0.004209497477859259
218 0.003812155919149518
219 0.0037102524656802416
220 0.0037671499885618687
221 0.004187128972262144
222 0.0036447804886847734
223 0.004241226706653833
224 0.003801788669079542
225 0.0040731364861130714
226 0.0038990878965705633
227 0.003716433420777321
228 0.004066076595336199
229 0.0041485195979475975
230 0.003949178848415613
231 0.004064064007252455
232 0.0039278119802474976
233 0.0036366889253258705
234 0.0036720300558954477
235 0.0034220763482153416
236 0.003930089995265007
237 0.0039185951463878155
238 0.0036672528367489576
239 0.004081534221768379
240 0.00405080895870924
241 0.0037425346672534943
242 0.0037431069649755955
243 0.003591362154111266
244 0.003893235931172967
245 0.0038651248905807734
246 0.003941725939512253
247 0.004258907400071621
248 0.004064441192895174
249 0.004025419242680073
250 0.0036018535029143095
251 0.0035993638448417187
252 0.0037621662486344576
253 0.003691089106723666
254 0.003949311561882496
255 0.0036415799986571074
