0 0.004004915710538626
1 0.0033283252269029617
2 0.003593681612983346
3 0.003992024809122086
4 0.004310260526835918
5 0.00396321713924408
6 0.004225790034979582
7 0.004246833268553019
8 0.004121189936995506
9 0.003754175966605544
10 0.004184387158602476
11 0.0040734135545790195
12 0.003696219529956579
13 0.004093276336789131
14 0.0038818051107227802
15 0.003930308390408754
16 0.00401901314035058
17 0.003786434419453144
18 0.0038252579979598522
19 0.0038016329053789377
20 0.004271389916539192
21 0.0040827360935509205
22 0.004080878105014563
23 0.003943340387195349
24 0.004097797442227602
25 0.004020484630018473
26 0.0036927517503499985
27 0.0038893655873835087
28 0.003966335207223892
29 0.0038731263484805822
30 0.0042330059222877026
31 0.0038898629136383533
32 0.0035575295332819223
33 0.0035641805734485388
34 0.003488959977403283
35 0.00407135346904397
36 0.004118999931961298
37 0.003866942133754492
38 0.0038469331339001656
39 0.004038615617901087
40 0.003997816704213619
41 0.003445315407589078
42 0.0038560270331799984
43 0.004131214693188667
44 0.0040399725548923016
45 0.003906721714884043
46 0.0040658824145793915
47 0.004508319776505232
48 0.0040676649659872055
49 0.0036850329488515854
50 0.003971703816205263
51 0.003401664551347494
52 0.004010764881968498
53 0.0036922162398695946
54 0.0037750781048089266
55 0.004306726157665253
56 0.004058432765305042
57 0.0037303681019693613
58 0.0036674372386187315
59 0.003639081260189414
60 0.003698775777593255
61 0.0038575755897909403
62 0.0044775065034627914
63 0.0036892136558890343
64 0.004257241263985634
65 0.003849854925647378
66 0.0037599606439471245
67 0.003903510281816125
68 0.003846792271360755
69 0.003894299268722534
70 0.004317544400691986
71 0.00393384974449873
72 0.0038634533993899822
73 0.003694497048854828
74 0.00371131906285882
75 0.004374082200229168
76 0.003981095273047686
77 0.0038585783913731575
78 0.004094628617167473
79 0.0037812574300915003
80 0.0035467720590531826
81 0.004237432032823563
82 0.003917778842151165
83 0.003743128851056099
84 0.004007305018603802
85 0.0038184518925845623
86 0.0037709528114646673
87 0.0038811718113720417
88 0.003414380829781294
89 0.00359304528683424
90 0.004043995402753353
91 0.0036551111843436956
92 0.003708941861987114
93 0.004130173474550247
94 0.0037095369771122932
95 0.003900258569046855
96 0.00387478806078434
97 0.004290755372494459
98 0.0035609519109129906
99 0.0041709281504154205
100 0.00410928251221776
101 0.003930017352104187
102 0.004040048457682133
103 0.003879525465890765
104 0.0036819076631218195
105 0.004291265271604061
106 0.003977540880441666
107 0.004549468867480755
108 0.004323054105043411
109 0.004036955535411835
110 0.004160252865403891
111 0.0037908563390374184
112 0.0037817745469510555
113 0.0041052005253732204
114 0.003975854720920324
115 0.0037955138832330704
116 0.004006018862128258
117 0.004008821211755276
118 0.003510126145556569
119 0.0037111397832632065
120 0.003804104635491967
121 0.004042844753712416
122 0.004479158669710159
123 0.0038989766035228968
124 0.00410566758364439
125 0.0038929893635213375
126 0.004252210725098848
127 0.0037998799234628677
128 0.003769438713788986
129 0.0034959688782691956
130 0.003809694666415453
131 0.003776483703404665
132 0.00370424659922719
133 0.004307279363274574
134 0.003837253898382187
135 0.0033629434183239937
136 0.004428274463862181
137 0.003958967048674822
138 0.004023789893835783
139 0.003996958490461111
140 0.003561887890100479
141 0.0035660837311297655
142 0.004105140455067158
143 0.0037352661602199078
144 0.003601331263780594
145 0.004119102377444506
146 0.003772493451833725
147 0.0039425804279744625
148 0.004060036968439817
149 0.003929941449314356
150 0.004060712642967701
151 0.004182242788374424
152 0.003601620439440012
153 0.0038879872299730778
154 0.0037891047541052103
155 0.0034624263644218445
156 0.003860477590933442
157 0.00366470986045897
158 0.0038910419680178165
159 0.0038444031961262226
160 0.003918923437595367
161 0.003747335635125637
162 0.004513865802437067
163 0.003584320889785886
164 0.003734634490683675
165 0.0038824020884931087
166 0.004060263745486736
167 0.0041300226002931595
168 0.0038203648291528225
169 0.004041510634124279
170 0.003747203154489398
171 0.0040626730769872665
172 0.0036478156689554453
173 0.003632694249972701
174 0.004067746922373772
175 0.003820984624326229
176 0.00438924552872777
177 0.003812070470303297
178 0.0037316083908081055
179 0.003662201575934887
180 0.0036889645271003246
181 0.0042447783052921295
182 0.004128573462367058
183 0.004106087610125542
184 0.004045624285936356
185 0.004125703126192093
186 0.0036072463262826204
187 0.0038831960409879684
188 0.004134980030357838
189 0.003988746087998152
190 0.004027650225907564
191 0.0037766755558550358
192 0.0037846798077225685
193 0.004127286374568939
194 0.003937236964702606
195 0.003903167089447379
196 0.0044195386581122875
197 0.003748023184016347
198 0.0037059320602566004
199 0.0038584056310355663
200 0.003780252765864134
201 0.003670870326459408
202 0.004044200759381056
203 0.0037434434052556753
204 0.0038714096881449223
205 0.003729115007445216
206 0.003746761940419674
207 0.004022246226668358
208 0.003896718379110098
209 0.004056911449879408
210 0.0036702698562294245
211 0.003936838824301958
212 0.00364134949631989
213 0.0037866842467337847
214 0.004004032351076603
215 0.004204431548714638
216 0.00401369808241725
217 0.0038895662873983383
218 0.0038142893463373184
219 0.0037049974780529737
220 0.0037308374885469675
221 0.004086695611476898
222 0.003817986696958542
223 0.0042512486688792706
224 0.004011813085526228
225 0.0038696813862770796
226 0.004082981497049332
227 0.0036897556856274605
228 0.003909745719283819
229 0.004256752319633961
230 0.0038338983431458473
231 0.0042662546038627625
232 0.0039002352859824896
233 0.003660563612356782
234 0.0037322044372558594
235 0.0037914777640253305
236 0.003918011672794819
237 0.0037333799991756678
238 0.0036818075459450483
239 0.003953318111598492
240 0.003889807965606451
241 0.003806084394454956
242 0.003888128325343132
243 0.003825943684205413
244 0.003549551125615835
245 0.0038771932013332844
246 0.004123019985854626
247 0.00406653992831707
248 0.0038326557260006666
249 0.0038455615285784006
250 0.003629975253716111
251 0.003545124549418688
252 0.003920961171388626
253 0.00360802817158401
254 0.004082588013261557
255 0.003596289549022913
