0 0.003787808120250702
1 0.003577955299988389
2 0.003833574475720525
3 0.0037557133473455906
4 0.004331945441663265
5 0.003807235276326537
6 0.004149701911956072
7 0.003903367090970278
8 0.004004964604973793
9 0.003581630764529109
10 0.003910753410309553
11 0.003920624498277903
12 0.003863397054374218
13 0.0037523512728512287
14 0.0039296760223805904
15 0.003869753098115325
16 0.0040364633314311504
17 0.0038529352750629187
18 0.0038748772349208593
19 0.003968349192291498
20 0.004225379321724176
21 0.003923485986888409
22 0.004029190167784691
23 0.003760515945032239
24 0.0037600058130919933
25 0.004102285020053387
26 0.004118433687835932
27 0.003990536089986563
28 0.004062606953084469
29 0.003766692243516445
30 0.004003727342933416
31 0.0037507633678615093
32 0.003642846131697297
33 0.0034191408194601536
34 0.003912282641977072
35 0.003921096678823233
36 0.004182563163340092
37 0.0038634876254945993
38 0.003976893611252308
39 0.004403503146022558
40 0.0040723769925534725
41 0.0034612319432199
42 0.0039009538013488054
43 0.0038516137283295393
44 0.003846860257908702
45 0.003974021878093481
46 0.004337085410952568
47 0.0040894318372011185
48 0.0038159433752298355
49 0.0035824053920805454
50 0.0039871991612017155
51 0.003687772434204817
52 0.003983149770647287
53 0.0041221994906663895
54 0.003882181365042925
55 0.004146789666265249
56 0.004021544475108385
57 0.00362964509986341
58 0.003833779599517584
59 0.003801681799814105
60 0.0038387575186789036
61 0.0037771365605294704
62 0.004227146506309509
63 0.0036455055233091116
64 0.0036605950444936752
65 0.0038377309683710337
66 0.003814293071627617
67 0.0037705267313867807
68 0.003769627306610346
69 0.004258324857801199
70 0.004191668704152107
71 0.00400951411575079
72 0.003940260503441095
73 0.0036920413840562105
74 0.0037814744282513857
75 0.004130539484322071
76 0.003956162836402655
77 0.003836893243715167
78 0.003917949739843607
79 0.0038189373444765806
80 0.003655141917988658
81 0.003945356700569391
82 0.00400652876123786
83 0.003697937587276101
84 0.003986027557402849
85 0.00390539295040071
86 0.0037177300546318293
87 0.0037807913031429052
88 0.0037830681540071964
89 0.00373797002248466
90 0.0040089343674480915
91 0.00390687445178628
92 0.004143444821238518
93 0.004395490512251854
94 0.003984013572335243
95 0.0039172121323645115
96 0.0039617461152374744
97 0.004291858058422804
98 0.003937678877264261
99 0.004281814210116863
100 0.003912591375410557
101 0.00412600627169013
102 0.0035742823965847492
103 0.0042443242855370045
104 0.003839022247120738
105 0.00408416660502553
106 0.003814892377704382
107 0.0042862314730882645
108 0.004241373389959335
109 0.0037440715823322535
110 0.003729672869667411
111 0.0038434863090515137
112 0.0035345780197530985
113 0.004088571760803461
114 0.004075624514371157
115 0.0038192591164261103
116 0.004106742795556784
117 0.003999572712928057
118 0.003650592640042305
119 0.00406334362924099
120 0.00414051441475749
121 0.003958313260227442
122 0.004403348080813885
123 0.003902653232216835
124 0.003830388654023409
125 0.004040203057229519
126 0.004210018552839756
127 0.003985414281487465
128 0.003635300789028406
129 0.0038683474995195866
130 0.003689525416120887
131 0.003750237636268139
132 0.003795947879552841
133 0.004038763232529163
134 0.003939433954656124
135 0.003416807856410742
136 0.004449442028999329
137 0.0038196127861738205
138 0.0038903644308447838
139 0.00405879644677043
140 0.0035986199509352446
141 0.0036499991547316313
142 0.003670897101983428
143 0.003627932397648692
144 0.003596219466999173
145 0.004122357815504074
146 0.004079166799783707
147 0.0038634929805994034
148 0.0039170836098492146
149 0.0039470000192523
150 0.0040905289351940155
151 0.0042766728438436985
152 0.0037072934210300446
153 0.00379671948030591
154 0.0038695421535521746
155 0.0036069077905267477
156 0.0038690317887812853
157 0.003409766126424074
158 0.003930508159101009
159 0.004021615721285343
160 0.0036128622014075518
161 0.003768695518374443
162 0.004380613565444946
163 0.0035532310139387846
164 0.00394076481461525
165 0.0038240808062255383
166 0.004025933798402548
167 0.003926714416593313
168 0.0041154613718390465
169 0.003824165789410472
170 0.0037086184602230787
171 0.0036857440136373043
172 0.0035103096161037683
173 0.003962568007409573
174 0.0038321122992783785
175 0.004029484931379557
176 0.0040581114590168
177 0.0036777453497052193
178 0.0036473486106842756
179 0.003877725452184677
180 0.0038799864705652
181 0.004331029951572418
182 0.0038137929514050484
183 0.003957435954362154
184 0.003852025605738163
185 0.004170897416770458
186 0.0035469604190438986
187 0.00392827857285738
188 0.0036937014665454626
189 0.003864928847178817
190 0.004032989032566547
191 0.0037226302083581686
192 0.003805530723184347
193 0.0041038356721401215
194 0.003968452103435993
195 0.004462985321879387
196 0.004175717011094093
197 0.0036079534329473972
198 0.00399978319182992
199 0.0039054928347468376
200 0.0037128706462681293
201 0.003831356531009078
202 0.004032059572637081
203 0.003673746483400464
204 0.003882228396832943
205 0.00374489463865757
206 0.0036648183595389128
207 0.003725913818925619
208 0.003980782814323902
209 0.003960120026022196
210 0.003916130401194096
211 0.00408939877524972
212 0.003658479079604149
213 0.003976483829319477
214 0.004061063751578331
215 0.003950140904635191
216 0.004093920812010765
217 0.004268661607056856
218 0.0037828630302101374
219 0.00359342060983181
220 0.003980208188295364
221 0.003982435446232557
222 0.003832201473414898
223 0.004285504575818777
224 0.0038527476135641336
225 0.003904295153915882
226 0.003908741753548384
227 0.0036508957855403423
228 0.004304744768887758
229 0.004420669749379158
230 0.0038142509292811155
231 0.004209605045616627
232 0.003852204652503133
233 0.003948970232158899
234 0.0037403772585093975
235 0.003719849046319723
236 0.003907128237187862
237 0.0037960135377943516
238 0.0035863351076841354
239 0.004132683854550123
240 0.004249021876603365
241 0.003968033939599991
242 0.0040265824645757675
243 0.0035811332054436207
244 0.0037476366851478815
245 0.003654689760878682
246 0.004323105793446302
247 0.0043785604648292065
248 0.0037652107421308756
249 0.004015455488115549
250 0.003797898069024086
251 0.00347159500233829
252 0.0038815189618617296
253 0.003660651156678796
254 0.0037973595317453146
255 0.00373594812117517
