0 0.003854084061458707
1 0.0035337714944034815
2 0.003608215367421508
3 0.003755353158339858
4 0.0043298243544995785
5 0.003935941960662603
6 0.004311340395361185
7 0.00401043426245451
8 0.004126295447349548
9 0.003368823090568185
10 0.0039423550479114056
11 0.0037991004064679146
12 0.003877385053783655
13 0.003917986527085304
14 0.0039671133272349834
15 0.003853187430649996
16 0.004013241268694401
17 0.0039628962986171246
18 0.0038321237079799175
19 0.003805064130574465
20 0.004220216069370508
21 0.004191271960735321
22 0.004142871592193842
23 0.0036034262739121914
24 0.0039169746451079845
25 0.003987023141235113
26 0.004164650570601225
27 0.004039127845317125
28 0.004031719174236059
29 0.004060397390276194
30 0.004178841132670641
31 0.003804787527769804
32 0.003633613931015134
33 0.0036312744487076998
34 0.003519735997542739
35 0.004076989833265543
36 0.0042986623011529446
37 0.0037765095476061106
38 0.0038904999382793903
39 0.004163005854934454
40 0.0040849680081009865
41 0.0032343275379389524
42 0.003877764567732811
43 0.003925560042262077
44 0.003963769413530827
45 0.00379591784439981
46 0.004342598374933004
47 0.004089554771780968
48 0.003853865433484316
49 0.0038252673111855984
50 0.004062123131006956
51 0.0035705731716006994
52 0.003962866961956024
53 0.0038491711020469666
54 0.0038563914131373167
55 0.004247897304594517
56 0.004102047998458147
57 0.0038469163700938225
58 0.004070446360856295
59 0.0036517009139060974
60 0.0036363578401505947
61 0.004098779987543821
62 0.0041593830101192
63 0.003748551942408085
64 0.003762057749554515
65 0.003977042622864246
66 0.00393780879676342
67 0.003890227060765028
68 0.003930468577891588
69 0.00404557678848505
70 0.004079301375895739
71 0.004036706406623125
72 0.0038207329344004393
73 0.003837038530036807
74 0.003870417596772313
75 0.004358129110187292
76 0.004084566608071327
77 0.0038931018207222223
78 0.004111094865947962
79 0.003875847440212965
80 0.0036129618529230356
81 0.003825950203463435
82 0.003995232749730349
83 0.003643576055765152
84 0.00408833147957921
85 0.0036891780328005552
86 0.0037386829499155283
87 0.0038189857732504606
88 0.0035670471843332052
89 0.003665616735816002
90 0.003938343841582537
91 0.004123780410736799
92 0.004033330362290144
93 0.0042221033945679665
94 0.003769119968637824
95 0.0038311860989779234
96 0.003923233598470688
97 0.004121236503124237
98 0.003711122088134289
99 0.004040784202516079
100 0.003988355863839388
101 0.003950858488678932
102 0.0037657693028450012
103 0.004235769622027874
104 0.003647296689450741
105 0.004157144110649824
106 0.0037754783406853676
107 0.004581105895340443
108 0.004171614535152912
109 0.003712862730026245
110 0.004079693462699652
111 0.003885412123054266
112 0.003783824620768428
113 0.004008354153484106
114 0.003887971630319953
115 0.0039047864265739918
116 0.003794921562075615
117 0.0039689079858362675
118 0.0036949252244085073
119 0.003960492555052042
120 0.003938328009098768
121 0.00425123143941164
122 0.004363196901977062
123 0.003934450447559357
124 0.004002002999186516
125 0.004023263696581125
126 0.0042604003101587296
127 0.003743949346244335
128 0.0036681555211544037
129 0.0036205521319061518
130 0.003677788656204939
131 0.003666233504191041
132 0.003938284702599049
133 0.004255491774529219
134 0.003822800237685442
135 0.003502495354041457
136 0.004495929926633835
137 0.00403481675311923
138 0.0038969269953668118
139 0.0038703347090631723
140 0.0036779502406716347
141 0.003751289565116167
142 0.0040123919025063515
143 0.003780077677220106
144 0.0035365931689739227
145 0.00409255875274539
146 0.003943658899515867
147 0.0038280386943370104
148 0.0039749969728291035
149 0.0038289513904601336
150 0.003971620928496122
151 0.004038590472191572
152 0.0036347967106848955
153 0.003816121956333518
154 0.0037876262795180082
155 0.0037465898785740137
156 0.003860033582895994
157 0.0035443208180367947
158 0.00391051359474659
159 0.003814763156697154
160 0.003923296462744474
161 0.0038971228059381247
162 0.004227126482874155
163 0.0036450873594731092
164 0.0036949680652469397
165 0.003773507196456194
166 0.0041458564810454845
167 0.0037965893279761076
168 0.004120569676160812
169 0.004048329312354326
170 0.0037322810385376215
171 0.003677768399938941
172 0.003754580859094858
173 0.0037673376500606537
174 0.003919800277799368
175 0.004057090263813734
176 0.0042239525355398655
177 0.003811513539403677
178 0.003622356103733182
179 0.0036804366391152143
180 0.00400930130854249
181 0.004331932403147221
182 0.003929054830223322
183 0.0039034506771713495
184 0.003953153733164072
185 0.004218095913529396
186 0.0034988434053957462
187 0.004064588807523251
188 0.0038541655521839857
189 0.003855111775919795
190 0.003980967216193676
191 0.003886866383254528
192 0.003768330905586481
193 0.003910025581717491
194 0.003979496192187071
195 0.004132615868002176
196 0.004205375909805298
197 0.0036745425313711166
198 0.0038850174751132727
199 0.003871968947350979
200 0.0037970500998198986
201 0.00384403089992702
202 0.0040328060276806355
203 0.0037510681431740522
204 0.00377296912483871
205 0.003858015174046159
206 0.0037916507571935654
207 0.0039292904548347
208 0.004000112414360046
209 0.004057108424603939
210 0.003537195734679699
211 0.004002139903604984
212 0.0035838866606354713
213 0.003949862904846668
214 0.003993129823356867
215 0.003984960727393627
216 0.004020150285214186
217 0.004058868624269962
218 0.0038748751394450665
219 0.0036240655463188887
220 0.0038059893995523453
221 0.00406121788546443
222 0.003891594475135207
223 0.004189789295196533
224 0.0038940610829740763
225 0.0037719085812568665
226 0.003934408538043499
227 0.0037872339598834515
228 0.004056665115058422
229 0.004110454116016626
230 0.0036921610590070486
231 0.004127186723053455
232 0.0036923850420862436
233 0.0036191504914313555
234 0.0036400428507477045
235 0.0037950482219457626
236 0.004015037789940834
237 0.0038658047560602427
238 0.0036336600314825773
239 0.003954711370170116
240 0.004113215021789074
241 0.0039045759476721287
242 0.004020716529339552
243 0.003760719671845436
244 0.004052201751619577
245 0.0036923426669090986
246 0.004042530432343483
247 0.004157396499067545
248 0.00392555957660079
249 0.0038772979751229286
250 0.0038021274376660585
251 0.003751869313418865
252 0.003904164070263505
253 0.003605030244216323
254 0.003944290801882744
255 0.003675199346616864
