0 0.00387110048905015
1 0.0034582738298922777
2 0.003766697831451893
3 0.003896006615832448
4 0.004098501522094011
5 0.003994893282651901
6 0.003932480234652758
7 0.003919553942978382
8 0.003937026485800743
9 0.0035851888824254274
10 0.00408364599570632
11 0.003910874482244253
12 0.003699609776958823
13 0.0038171173073351383
14 0.003587914165109396
15 0.0038842391222715378
16 0.004042027518153191
17 0.0037256183568388224
18 0.003927467856556177
19 0.003942658193409443
20 0.004154958296567202
21 0.00407519843429327
22 0.004104784224182367
23 0.0038928650319576263
24 0.003985879942774773
25 0.004068354610353708
26 0.003947529476135969
27 0.004006799776107073
28 0.0042337821796536446
29 0.0040694125927984715
30 0.004186474718153477
31 0.0038999575190246105
32 0.0035726544447243214
33 0.0037666806019842625
34 0.0038000522181391716
35 0.004131901543587446
36 0.003933112137019634
37 0.003726316150277853
38 0.003970454912632704
39 0.004207339603453875
40 0.003950775600969791
41 0.0035869476851075888
42 0.0038712320383638144
43 0.003871556371450424
44 0.003962713293731213
45 0.003644476877525449
46 0.004203431308269501
47 0.004219214431941509
48 0.004252731800079346
49 0.0033841615077108145
50 0.004204672761261463
51 0.0035993109922856092
52 0.004041256848722696
53 0.0036861724220216274
54 0.003858731361106038
55 0.004233087878674269
56 0.004022196400910616
57 0.0037386955227702856
58 0.0037237091455608606
59 0.0037802085280418396
60 0.003863739315420389
61 0.003926284145563841
62 0.004224466159939766
63 0.0036326178815215826
64 0.003942815121263266
65 0.003656530985608697
66 0.003918359987437725
67 0.0037055532447993755
68 0.0035735375713557005
69 0.0040480997413396835
70 0.00425786292180419
71 0.00393252819776535
72 0.0038955118507146835
73 0.003653343068435788
74 0.0037876442074775696
75 0.00429145060479641
76 0.0041411034762859344
77 0.003992362879216671
78 0.003972464241087437
79 0.003886011429131031
80 0.003704401897266507
81 0.004373813048005104
82 0.003883256111294031
83 0.004056519828736782
84 0.004327581264078617
85 0.003907628357410431
86 0.003824325278401375
87 0.003909723367542028
88 0.003554524853825569
89 0.003662074450403452
90 0.004026726819574833
91 0.0038279287982732058
92 0.0040529766120016575
93 0.0042752535082399845
94 0.003648727433755994
95 0.003712385892868042
96 0.0038252905942499638
97 0.00424239132553339
98 0.0037173388991504908
99 0.0038646117318421602
100 0.0037997656036168337
101 0.003922831732779741
102 0.003814167808741331
103 0.004041220061480999
104 0.0038340603932738304
105 0.00440284563228488
106 0.003994614351540804
107 0.004072071984410286
108 0.00432825181633234
109 0.003823291976004839
110 0.0037210455629974604
111 0.00394099485129118
112 0.004048115573823452
113 0.004397277720272541
114 0.003979991655796766
115 0.00396357849240303
116 0.0039143031463027
117 0.0038952683098614216
118 0.0037218525540083647
119 0.0038026906549930573
120 0.0037572321016341448
121 0.003908495418727398
122 0.004541836213320494
123 0.003915386274456978
124 0.004131891764700413
125 0.003967533819377422
126 0.003943544812500477
127 0.003925707656890154
128 0.003765472210943699
129 0.003751179901883006
130 0.00376616301946342
131 0.0036733944434672594
132 0.004006700124591589
133 0.004413505084812641
134 0.0038439733907580376
135 0.0033861289266496897
136 0.004524975083768368
137 0.0038951432798057795
138 0.004053274169564247
139 0.004024435766041279
140 0.003634184831753373
141 0.0035806437954306602
142 0.004005355294793844
143 0.0039498452097177505
144 0.0035397678148001432
145 0.004110677167773247
146 0.0040322463028132915
147 0.004151048604398966
148 0.00401594303548336
149 0.0038542274851351976
150 0.003997097257524729
151 0.003985508345067501
152 0.003685639938339591
153 0.003943218849599361
154 0.0037889527156949043
155 0.0036099888384342194
156 0.0036967911291867495
157 0.0036723287776112556
158 0.00393884489312768
159 0.003801875514909625
160 0.0036779139190912247
161 0.0033628244418650866
162 0.0040501803159713745
163 0.003864031285047531
164 0.0038118946831673384
165 0.0038982087280601263
166 0.004393764305859804
167 0.003966767340898514
168 0.003993476741015911
169 0.00405891751870513
170 0.003821243764832616
171 0.003733210964128375
172 0.003989634569734335
173 0.0036319170612841845
174 0.003920167218893766
175 0.0039705936796963215
176 0.0042605334892869
177 0.003738511586561799
178 0.0036177311558276415
179 0.0037393481470644474
180 0.0036563705652952194
181 0.00453999824821949
182 0.003965765703469515
183 0.003948387689888477
184 0.0037696652580052614
185 0.0041794744320213795
186 0.0037222907412797213
187 0.003927312325686216
188 0.004066371358931065
189 0.0037872674874961376
190 0.004114159382879734
191 0.0036454605869948864
192 0.0040066419169306755
193 0.003971989266574383
194 0.004017185885459185
195 0.004016040824353695
196 0.004058981779962778
197 0.0037260209210217
198 0.0037468133959919214
199 0.0038707677740603685
200 0.0037554956506937742
201 0.003938573412597179
202 0.004029226489365101
203 0.0037243980914354324
204 0.0038953209295868874
205 0.003737898776307702
206 0.003725481452420354
207 0.00394764170050621
208 0.003939878195524216
209 0.004014200065284967
210 0.003762876847758889
211 0.003954716958105564
212 0.003669578582048416
213 0.003875472117215395
214 0.004040079191327095
215 0.003980853594839573
216 0.004003091715276241
217 0.0037998759653419256
218 0.0038741352036595345
219 0.003786624874919653
220 0.0039739543572068214
221 0.004025151953101158
222 0.003730876836925745
223 0.00407886877655983
224 0.004190141800791025
225 0.0037331744097173214
226 0.004117159638553858
227 0.003913774620741606
228 0.004137489944696426
229 0.003883368568494916
230 0.003817743854597211
231 0.0041959695518016815
232 0.0035609144251793623
233 0.003610753221437335
234 0.0036782962270081043
235 0.003923643846064806
236 0.004245273303240538
237 0.0035719184670597315
238 0.0037376752588897943
239 0.004245827440172434
240 0.003990234341472387
241 0.004323156550526619
242 0.003730861470103264
243 0.003689848119392991
244 0.0036787912249565125
245 0.0038747726939618587
246 0.004030427895486355
247 0.0039572278037667274
248 0.003793279407545924
249 0.003643728094175458
250 0.0038287858478724957
251 0.003539239289239049
252 0.0037382266018539667
253 0.0035317314323037863
254 0.003881907556205988
255 0.0037437095306813717
