0 0.004062467720359564
1 0.0034868395887315273
2 0.003754042088985443
3 0.004029938951134682
4 0.004159121308475733
5 0.0039526550099253654
6 0.003937901929020882
7 0.004152203910052776
8 0.004123543854802847
9 0.003629369428381324
10 0.004209587816148996
11 0.0036747946869581938
12 0.0035754619166254997
13 0.003928903955966234
14 0.0038494581822305918
15 0.003923551179468632
16 0.0040808976627886295
17 0.004002765752375126
18 0.003579496406018734
19 0.003748381743207574
20 0.004080581478774548
21 0.00423704506829381
22 0.004060707055032253
23 0.004081148188561201
24 0.0038554694037884474
25 0.003981257323175669
26 0.003996799234300852
27 0.0040895212441682816
28 0.0040936339646577835
29 0.0037319152615964413
30 0.004475617315620184
31 0.003862042212858796
32 0.0036895868834108114
33 0.0036635457072407007
34 0.0035157534293830395
35 0.0037308079190552235
36 0.003960487898439169
37 0.0036769977305084467
38 0.0039877938106656075
39 0.004064088687300682
40 0.004234255291521549
41 0.003399105276912451
42 0.0038218714762479067
43 0.0039270129054784775
44 0.003793699899688363
45 0.004048126749694347
46 0.004231979139149189
47 0.004277152940630913
48 0.00404578959569335
49 0.0038455030880868435
50 0.0041051506996154785
51 0.003521894570440054
52 0.004052575211971998
53 0.003925936296582222
54 0.003975886385887861
55 0.004004133399575949
56 0.0039742011576890945
57 0.0038096799980849028
58 0.003990112338215113
59 0.004048607777804136
60 0.0038381542544811964
61 0.003997461404651403
62 0.004114792216569185
63 0.003919975832104683
64 0.0040352726355195045
65 0.0036860916297882795
66 0.0037996626924723387
67 0.003824446350336075
68 0.003780587110668421
69 0.0040872227400541306
70 0.004090676084160805
71 0.0038057269994169474
72 0.0038102620746940374
73 0.003793071024119854
74 0.004021972417831421
75 0.004554125480353832
76 0.004033078905194998
77 0.0037599243223667145
78 0.003924382850527763
79 0.0037008877843618393
80 0.003947450779378414
81 0.004002300091087818
82 0.003907491452991962
83 0.0036174433771520853
84 0.0041856965981423855
85 0.00373541796579957
86 0.0037469782400876284
87 0.0039267269894480705
88 0.00337364268489182
89 0.003824937855824828
90 0.004177879076451063
91 0.0038754462730139494
92 0.003919221460819244
93 0.003983544185757637
94 0.0038288664072752
95 0.003882000921294093
96 0.003998005762696266
97 0.0042188833467662334
98 0.003904457902535796
99 0.003966744523495436
100 0.00374541524797678
101 0.004241291433572769
102 0.003669049823656678
103 0.004137943033128977
104 0.003681290429085493
105 0.004030731040984392
106 0.0038856659084558487
107 0.004256232641637325
108 0.0041306582279503345
109 0.003854539943858981
110 0.004094217903912067
111 0.003976266365498304
112 0.003894209861755371
113 0.004342089872807264
114 0.003812274429947138
115 0.0037786057218909264
116 0.00374090438708663
117 0.004082540050148964
118 0.003841811092570424
119 0.003949220757931471
120 0.004246554337441921
121 0.004165344405919313
122 0.004222814925014973
123 0.0037019136361777782
124 0.0040354919619858265
125 0.0038818162865936756
126 0.004156029783189297
127 0.003935766872018576
128 0.0036129900254309177
129 0.0037311979103833437
130 0.0035312059335410595
131 0.003652743063867092
132 0.00375136686488986
133 0.004178483039140701
134 0.003745927242562175
135 0.0037376389373093843
136 0.00434839865192771
137 0.0038619458209723234
138 0.0040257214568555355
139 0.003901096759364009
140 0.0036734610330313444
141 0.0036336935590952635
142 0.003786621382459998
143 0.0037328230682760477
144 0.0034005497582256794
145 0.004219366703182459
146 0.00392751581966877
147 0.0038958480581641197
148 0.003924369812011719
149 0.003578860778361559
150 0.0038620231207460165
151 0.004082070663571358
152 0.0036447420716285706
153 0.0038025800604373217
154 0.0038228484336286783
155 0.0036745050456374884
156 0.003781914012506604
157 0.003846603212878108
158 0.004154018592089415
159 0.0038166027516126633
160 0.0037163409870117903
161 0.00370081071741879
162 0.004449620842933655
163 0.003459844272583723
164 0.003996209241449833
165 0.00396531680598855
166 0.0038585318252444267
167 0.003866397775709629
168 0.004077637102454901
169 0.004135836847126484
170 0.003986673429608345
171 0.003767619375139475
172 0.0037895359564572573
173 0.0036387660074979067
174 0.004247486591339111
175 0.004085782449692488
176 0.004240535665303469
177 0.003604224417358637
178 0.0036102300509810448
179 0.0037583750672638416
180 0.003687563817948103
181 0.004413856193423271
182 0.003908437676727772
183 0.004040656145662069
184 0.0037613827735185623
185 0.004050452262163162
186 0.003602580400183797
187 0.003808588022366166
188 0.004074298311024904
189 0.003974626772105694
190 0.003711731405928731
191 0.003838663687929511
192 0.00389073695987463
193 0.003959765657782555
194 0.004165047779679298
195 0.004362667910754681
196 0.004341949243098497
197 0.0037445256020873785
198 0.003921471536159515
199 0.0037213596515357494
200 0.0037008184008300304
201 0.0039789411239326
202 0.0038683603052049875
203 0.003578601637855172
204 0.0037732496857643127
205 0.0037948465906083584
206 0.0037213372997939587
207 0.004087332170456648
208 0.004003406502306461
209 0.004066138993948698
210 0.0036829751916229725
211 0.004191323649138212
212 0.0035501967649906874
213 0.0037871452514082193
214 0.003935131710022688
215 0.004052441567182541
216 0.003963783849030733
217 0.003897421294823289
218 0.003775049699470401
219 0.0037339148111641407
220 0.003760311985388398
221 0.004136818926781416
222 0.003629542887210846
223 0.004341905005276203
224 0.003836275776848197
225 0.0037789191119372845
226 0.003935276065021753
227 0.0036981513258069754
228 0.003965916112065315
229 0.004254991188645363
230 0.0037851498927921057
231 0.004133694339543581
232 0.0038850854616612196
233 0.0036404295824468136
234 0.003845176426693797
235 0.0036689299158751965
236 0.004125611856579781
237 0.003705863142386079
238 0.003791038878262043
239 0.004181049298495054
240 0.004008249379694462
241 0.004132822155952454
242 0.003748989896848798
243 0.003559948643669486
244 0.003766513429582119
245 0.003737963968887925
246 0.004323648754507303
247 0.004158481955528259
248 0.003978236112743616
249 0.003742106258869171
250 0.003709870856255293
251 0.003604395780712366
252 0.003894590074196458
253 0.0036491216160357
254 0.003922991920262575
255 0.003723148489370942
