0 0.003982999827712774
1 0.0035581784322857857
2 0.0038358138408511877
3 0.004012978635728359
4 0.004129115492105484
5 0.0038446844555437565
6 0.004005736205726862
7 0.004094475880265236
8 0.004289437551051378
9 0.0034931644331663847
10 0.004031613934785128
11 0.00394920539110899
12 0.003582370700314641
13 0.003967805299907923
14 0.0038872205186635256
15 0.003999755252152681
16 0.003782698418945074
17 0.00395065825432539
18 0.003628249978646636
19 0.003977919463068247
20 0.003881671465933323
21 0.004030189942568541
22 0.003978041931986809
23 0.0037653290200978518
24 0.004116123076528311
25 0.0038369670510292053
26 0.003969522193074226
27 0.003822480561211705
28 0.00382614997215569
29 0.003859730903059244
30 0.004164544865489006
31 0.0040414524264633656
32 0.0037051865365356207
33 0.0035328820813447237
34 0.0036286632530391216
35 0.0040841843001544476
36 0.004114637151360512
37 0.003699642838910222
38 0.00422851974144578
39 0.004257880616933107
40 0.004008948337286711
41 0.0035502174869179726
42 0.003918236121535301
43 0.003940152004361153
44 0.00378116755746305
45 0.003893971210345626
46 0.004220832604914904
47 0.004243131261318922
48 0.003998828120529652
49 0.003829325782135129
50 0.003944053780287504
51 0.0035712907556444407
52 0.004046884831041098
53 0.003883941099047661
54 0.003794317599385977
55 0.004081130493432283
56 0.0039413925260305405
57 0.003933176398277283
58 0.0037381877191364765
59 0.003805240150541067
60 0.0035428148694336414
61 0.003903723554685712
62 0.004142083693295717
63 0.0038725552149116993
64 0.003922607284039259
65 0.0037037082947790623
66 0.003948615398257971
67 0.0036804003175348043
68 0.0037286262959241867
69 0.0041195484809577465
70 0.004163026809692383
71 0.003918469417840242
72 0.003988127689808607
73 0.003956701140850782
74 0.003713758662343025
75 0.004293476697057486
76 0.004109947942197323
77 0.003891546046361327
78 0.0038344664499163628
79 0.003957216627895832
80 0.0036558255087584257
81 0.004145361948758364
82 0.0037480469327419996
83 0.003682451555505395
84 0.0040510897524654865
85 0.0037302167620509863
86 0.0036993452813476324
87 0.00394030287861824
88 0.003639338770881295
89 0.003768081543967128
90 0.0038598766550421715
91 0.00401020422577858
92 0.0038541534449905157
93 0.004219135269522667
94 0.0037379590794444084
95 0.004004666581749916
96 0.003914136439561844
97 0.004140076227486134
98 0.003751987824216485
99 0.004141672048717737
100 0.004030868411064148
101 0.004280506633222103
102 0.0037657783832401037
103 0.0040228101424872875
104 0.0037126773968338966
105 0.004263150971382856
106 0.0038592072669416666
107 0.004178466275334358
108 0.004196391440927982
109 0.0037170404102653265
110 0.004060907755047083
111 0.0038410788401961327
112 0.0037628943100571632
113 0.004385548178106546
114 0.004023065324872732
115 0.003694104263558984
116 0.003974386025220156
117 0.004111692309379578
118 0.0038429039996117353
119 0.003974426072090864
120 0.003912911284714937
121 0.004072127398103476
122 0.004519747104495764
123 0.003912058658897877
124 0.003962874412536621
125 0.0040182569064199924
126 0.004197415430098772
127 0.0039084856398403645
128 0.0036451665218919516
129 0.0036380155943334103
130 0.004005450289696455
131 0.003793965792283416
132 0.003914098255336285
133 0.00429408298805356
134 0.0038217215333133936
135 0.003527072723954916
136 0.0044271512888371944
137 0.003974113613367081
138 0.00399071304127574
139 0.003799349069595337
140 0.0036388058215379715
141 0.0038240409921854734
142 0.003773465985432267
143 0.0036721539217978716
144 0.0036284150555729866
145 0.0039046655874699354
146 0.003830838482826948
147 0.004093169700354338
148 0.0038437831681221724
149 0.003970407415181398
150 0.004199200309813023
151 0.003982754424214363
152 0.003829479916021228
153 0.0038950792513787746
154 0.003774845041334629
155 0.003683003131300211
156 0.003997998312115669
157 0.003673673840239644
158 0.00400648545473814
159 0.0036880960687994957
160 0.0038416446186602116
161 0.0038376469165086746
162 0.004088818561285734
163 0.003782612271606922
164 0.0037258861120790243
165 0.003941718023270369
166 0.003924139309674501
167 0.0039194924756884575
168 0.0040425886400043964
169 0.004119656048715115
170 0.004060422535985708
171 0.0038841383066028357
172 0.003750209929421544
173 0.0038329120725393295
174 0.004127318970859051
175 0.003914006520062685
176 0.004145154729485512
177 0.003922354429960251
178 0.003534928662702441
179 0.0037612016312777996
180 0.0037502485793083906
181 0.004041035193949938
182 0.004076496232300997
183 0.003986552357673645
184 0.003956232685595751
185 0.003937437664717436
186 0.0035083950497210026
187 0.0038627677131444216
188 0.0037800476420670748
189 0.0036933193914592266
190 0.003939907066524029
191 0.0035919006913900375
192 0.003575583454221487
193 0.0038453892339020967
194 0.0041049993596971035
195 0.00424184137955308
196 0.004151460248976946
197 0.003627706551924348
198 0.003840882098302245
199 0.0036509630735963583
200 0.003632362000644207
201 0.003938824404031038
202 0.004022635519504547
203 0.003859969787299633
204 0.0039050441700965166
205 0.003920638468116522
206 0.003703539026901126
207 0.004026845563203096
208 0.004040757194161415
209 0.004031853750348091
210 0.0038808933459222317
211 0.004187413491308689
212 0.0037437209393829107
213 0.0037232886534184217
214 0.004013842903077602
215 0.004163489677011967
216 0.003771974006667733
217 0.003692492377012968
218 0.0036955359391868114
219 0.0038509878795593977
220 0.003852151334285736
221 0.003851257963106036
222 0.003695184364914894
223 0.003997791558504105
224 0.004075984470546246
225 0.0037410615477710962
226 0.004015910439193249
227 0.003938884474337101
228 0.0040425704792141914
229 0.004169341642409563
230 0.003927038516849279
231 0.004022040870040655
232 0.004123309627175331
233 0.0037341054994612932
234 0.0037435030099004507
235 0.003576770192012191
236 0.004246745258569717
237 0.0037214525509625673
238 0.003685556584969163
239 0.004251697566360235
240 0.0038816696032881737
241 0.0038982618134468794
242 0.0038764893542975187
243 0.003717957530170679
244 0.003981141373515129
245 0.0039653838612139225
246 0.003891404252499342
247 0.004128886386752129
248 0.003911856096237898
249 0.0038712366949766874
250 0.003696605795994401
251 0.003696438390761614
252 0.003971870057284832
253 0.0036472254432737827
254 0.003938782960176468
255 0.0036856424994766712
