0 0.003960069734603167
1 0.0033849782776087523
2 0.0037632237654179335
3 0.0038483086973428726
4 0.004133258014917374
5 0.003983619622886181
6 0.003961409907788038
7 0.00417418172582984
8 0.003941388335078955
9 0.0036601927131414413
10 0.004049062728881836
11 0.0038795212749391794
12 0.003638708731159568
13 0.0036852501798421144
14 0.003946441225707531
15 0.003848925232887268
16 0.0039697932079434395
17 0.0038459470961242914
18 0.003945926669985056
19 0.004107604268938303
20 0.004007379058748484
21 0.004071428440511227
22 0.003999507986009121
23 0.003656433429569006
24 0.003978315275162458
25 0.004082819912582636
26 0.00403162557631731
27 0.004050282761454582
28 0.004073173739016056
29 0.003979887347668409
30 0.004266056697815657
31 0.0037802355363965034
32 0.00361053179949522
33 0.0039057903923094273
34 0.003718137973919511
35 0.004038472659885883
36 0.004217224661260843
37 0.003910737577825785
38 0.004070942290127277
39 0.0042563010938465595
40 0.004101067781448364
41 0.0035726677160710096
42 0.003766949288547039
43 0.0036001144908368587
44 0.004081082995980978
45 0.0037664310075342655
46 0.004198204725980759
47 0.004079228732734919
48 0.004005436319857836
49 0.00376299861818552
50 0.004270482342690229
51 0.003747363807633519
52 0.003937636036425829
53 0.0036556704435497522
54 0.004058524034917355
55 0.004197249189019203
56 0.004179768264293671
57 0.0036064411979168653
58 0.0038634147495031357
59 0.0036952306982129812
60 0.003689272329211235
61 0.004193163011223078
62 0.004311688710004091
63 0.003678105305880308
64 0.003922198433429003
65 0.003718981519341469
66 0.003911973908543587
67 0.0037319676484912634
68 0.004035004414618015
69 0.0040532853454351425
70 0.004302189219743013
71 0.004017826169729233
72 0.0038379263132810593
73 0.0038215764798223972
74 0.003938347566872835
75 0.0041960785165429115
76 0.0040740929543972015
77 0.0039018376264721155
78 0.0037844032049179077
79 0.0037392056547105312
80 0.00372771336697042
81 0.004124087281525135
82 0.00372375943697989
83 0.0037636561319231987
84 0.003982150461524725
85 0.003775217803195119
86 0.0038062655366957188
87 0.003834012197330594
88 0.003758538281545043
89 0.0038171159103512764
90 0.003931180573999882
91 0.004171340726315975
92 0.0038315735291689634
93 0.004164472687989473
94 0.0037964750081300735
95 0.00395165616646409
96 0.003819729434326291
97 0.004116009455174208
98 0.003625580109655857
99 0.0040609766729176044
100 0.003995051141828299
101 0.003911311272531748
102 0.00358819542452693
103 0.004240191541612148
104 0.0038060119841247797
105 0.00411551957949996
106 0.003985033370554447
107 0.004397073294967413
108 0.003985220566391945
109 0.0038658538833260536
110 0.0039414335042238235
111 0.003859939519315958
112 0.003798964899033308
113 0.004217668902128935
114 0.003920611925423145
115 0.0039301468059420586
116 0.00413220701739192
117 0.003866673680022359
118 0.0037179801147431135
119 0.0038681805599480867
120 0.003931248560547829
121 0.004092205315828323
122 0.004535970278084278
123 0.00401257025077939
124 0.004127310588955879
125 0.003863817546516657
126 0.0042062546126544476
127 0.0038936114870011806
128 0.0036915726959705353
129 0.003802509745582938
130 0.0037832711823284626
131 0.003502856707200408
132 0.0042217499576509
133 0.004188926424831152
134 0.003951366525143385
135 0.003422542242333293
136 0.0040824394673109055
137 0.0038736010901629925
138 0.003995080478489399
139 0.003766195848584175
140 0.0036878122482448816
141 0.0036292439326643944
142 0.0038392844144254923
143 0.0039560385048389435
144 0.003640964161604643
145 0.0041622258722782135
146 0.003965119365602732
147 0.003947521094232798
148 0.003852496389299631
149 0.0039012583438307047
150 0.004090078640729189
151 0.004014613106846809
152 0.003475882112979889
153 0.004158406518399715
154 0.003778937039896846
155 0.0036484389565885067
156 0.003610697342082858
157 0.0034166707191616297
158 0.004133693873882294
159 0.003617300186306238
160 0.003841398051008582
161 0.0038135882932692766
162 0.004082637373358011
163 0.003763028187677264
164 0.003732297569513321
165 0.0038049216382205486
166 0.0040451581589877605
167 0.003897199872881174
168 0.004023757763206959
169 0.004056810867041349
170 0.003832685761153698
171 0.003574927104637027
172 0.003683509072288871
173 0.0037105304654687643
174 0.003831263864412904
175 0.0038766299840062857
176 0.004187357146292925
177 0.003750899340957403
178 0.0035851127468049526
179 0.003651904407888651
180 0.0037124676164239645
181 0.004275964573025703
182 0.004130142275243998
183 0.003979771863669157
184 0.003960935398936272
185 0.00432202871888876
186 0.003523470601066947
187 0.004016083665192127
188 0.003571501700207591
189 0.003734181635081768
190 0.00395062705501914
191 0.0036621263716369867
192 0.0038593984209001064
193 0.003986729308962822
194 0.003976411651819944
195 0.004182532895356417
196 0.004243807401508093
197 0.003779391059651971
198 0.0036960276775062084
199 0.0038597704842686653
200 0.0038019022904336452
201 0.0037776625249534845
202 0.003918379545211792
203 0.003821354126557708
204 0.0037253114860504866
205 0.0037189761642366648
206 0.00381511845625937
207 0.00396491214632988
208 0.004010668024420738
209 0.004057724494487047
210 0.003694140585139394
211 0.003960362635552883
212 0.003764453111216426
213 0.003875879803672433
214 0.004299488849937916
215 0.0038904028479009867
216 0.003995518200099468
217 0.0037844618782401085
218 0.004041715059429407
219 0.0036318593192845583
220 0.003931294661015272
221 0.004062287975102663
222 0.003679882502183318
223 0.004154562950134277
224 0.003919383976608515
225 0.0038864477537572384
226 0.004024611786007881
227 0.0037414368707686663
228 0.0038882882799953222
229 0.004000850487500429
230 0.003692922880873084
231 0.004100814927369356
232 0.00418239738792181
233 0.0037040633615106344
234 0.003707937663421035
235 0.003992632497102022
236 0.004080560058355331
237 0.003870865795761347
238 0.0038174684159457684
239 0.003968927543610334
240 0.003980796784162521
241 0.003889910178259015
242 0.003963060211390257
243 0.003629501676186919
244 0.003992563113570213
245 0.003754377830773592
246 0.004343937151134014
247 0.003822809550911188
248 0.0039758337661623955
249 0.0038311805110424757
250 0.003871289314702153
251 0.0037321436684578657
252 0.003740893444046378
253 0.00374356540851295
254 0.004026234615594149
255 0.003740280633792281
