0 0.003999090753495693
1 0.003392682410776615
2 0.003737126477062702
3 0.0039012893103063107
4 0.00411423621699214
5 0.0037891757674515247
6 0.003983350936323404
7 0.004016191698610783
8 0.0041933306492865086
9 0.003432196332141757
10 0.003965689335018396
11 0.0036615587305277586
12 0.0036259591579437256
13 0.0038382767233997583
14 0.0037655639462172985
15 0.003967765718698502
16 0.003939485177397728
17 0.0036258776672184467
18 0.0037741989362984896
19 0.0043245903216302395
20 0.00421353941783309
21 0.003933371044695377
22 0.003970735240727663
23 0.0035719615407288074
24 0.003926263656467199
25 0.004062853753566742
26 0.0041567482985556126
27 0.003859852673485875
28 0.004242283292114735
29 0.003993084654211998
30 0.004201146308332682
31 0.003738716244697571
32 0.0035150658804923296
33 0.003711389610543847
34 0.003644275711849332
35 0.0040909298695623875
36 0.004112717229872942
37 0.0036511484067887068
38 0.0039892722852528095
39 0.004206913523375988
40 0.004122140817344189
41 0.0036139029543846846
42 0.0037910649552941322
43 0.0037715716753154993
44 0.003956967033445835
45 0.0037623413372784853
46 0.004271879326552153
47 0.004170987755060196
48 0.004108926746994257
49 0.0035394371952861547
50 0.004079287406057119
51 0.003359350375831127
52 0.0039051719941198826
53 0.0038869348354637623
54 0.003988349810242653
55 0.004469155799597502
56 0.004078539088368416
57 0.003549128072336316
58 0.0036296681500971317
59 0.0039286501705646515
60 0.0036678079050034285
61 0.0039024129509925842
62 0.004405682440847158
63 0.0036497428081929684
64 0.003734489670023322
65 0.003651371691375971
66 0.003985552582889795
67 0.0038721407763659954
68 0.0038337777368724346
69 0.004245234653353691
70 0.004235962871462107
71 0.003699472639709711
72 0.004049462731927633
73 0.0036268173716962337
74 0.0038078802172094584
75 0.004298686981201172
76 0.0039963796734809875
77 0.003768309485167265
78 0.0039000033866614103
79 0.0038825913798063993
80 0.003798179794102907
81 0.004081378225237131
82 0.004199992399662733
83 0.0036728517152369022
84 0.004050796385854483
85 0.003651781938970089
86 0.003908779006451368
87 0.0035877381451427937
88 0.003559526288881898
89 0.0037360943388193846
90 0.0043623498640954494
91 0.0038317658472806215
92 0.003921255469322205
93 0.0042470297776162624
94 0.003901021322235465
95 0.003882198128849268
96 0.003987022675573826
97 0.00449881237000227
98 0.0038297539576888084
99 0.004243647679686546
100 0.0039183711633086205
101 0.0040466925129294395
102 0.0035889982245862484
103 0.004231617320328951
104 0.003791215131059289
105 0.004183363635092974
106 0.0037016840651631355
107 0.004270314238965511
108 0.004467325285077095
109 0.003947751130908728
110 0.003776398254558444
111 0.003918909467756748
112 0.0036843223497271538
113 0.004142037592828274
114 0.003955248277634382
115 0.0039151012897491455
116 0.0037827715277671814
117 0.003972334321588278
118 0.0036470515187829733
119 0.004052900243550539
120 0.003988486714661121
121 0.004118857439607382
122 0.0045144930481910706
123 0.003749747294932604
124 0.0040751113556325436
125 0.004212507512420416
126 0.00409298250451684
127 0.003884861944243312
128 0.0034388061612844467
129 0.003829078981652856
130 0.003598781768232584
131 0.003630697960034013
132 0.004091254435479641
133 0.004266619682312012
134 0.003873441368341446
135 0.003527082270011306
136 0.004265914671123028
137 0.004028625786304474
138 0.0042800940573215485
139 0.003984569106251001
140 0.0035547413863241673
141 0.003552529262378812
142 0.003844039747491479
143 0.0036060838028788567
144 0.0036326751578599215
145 0.004050496034324169
146 0.004094195552170277
147 0.003826270578429103
148 0.003971519414335489
149 0.0037819871213287115
150 0.003802853636443615
151 0.004017135594040155
152 0.0037561841309070587
153 0.0037075160071253777
154 0.003827447537332773
155 0.0033444706350564957
156 0.003828710410743952
157 0.003644699463620782
158 0.003822863567620516
159 0.003667928511276841
160 0.0037757165264338255
161 0.003697286592796445
162 0.004555781837552786
163 0.0035362376365810633
164 0.004094637464731932
165 0.0038738413713872433
166 0.004145274870097637
167 0.0035823481157422066
168 0.004141177982091904
169 0.003801176557317376
170 0.0035967552103102207
171 0.0036952286027371883
172 0.0036189628299325705
173 0.003809869522228837
174 0.004096838645637035
175 0.0037671232130378485
176 0.004296392202377319
177 0.003556533483788371
178 0.003595904912799597
179 0.0038128371816128492
180 0.0037834378890693188
181 0.004245841410011053
182 0.0042372955940663815
183 0.0035882536321878433
184 0.0038604496512562037
185 0.004332298878580332
186 0.003506760112941265
187 0.00392954470589757
188 0.00421567540615797
189 0.0038849939592182636
190 0.004041643347591162
191 0.003693521022796631
192 0.0038231743965297937
193 0.004128402564674616
194 0.003947869874536991
195 0.00438607856631279
196 0.0043301573023200035
197 0.0036377275828272104
198 0.004121984820812941
199 0.003790585556998849
200 0.003728186944499612
201 0.0038851825520396233
202 0.004038865212351084
203 0.0037049970123916864
204 0.0036394475027918816
205 0.003708929754793644
206 0.003540744073688984
207 0.003734656609594822
208 0.0039441450498998165
209 0.004264678806066513
210 0.0037673194892704487
211 0.004031172022223473
212 0.003758430015295744
213 0.00384336756542325
214 0.003980635665357113
215 0.00401386758312583
216 0.003929937724024057
217 0.004038757644593716
218 0.0037227303255349398
219 0.0037845855113118887
220 0.003822787432000041
221 0.004069825168699026
222 0.004014336504042149
223 0.0041426015086472034
224 0.00397278880700469
225 0.003781513776630163
226 0.003952594008296728
227 0.0037099781911820173
228 0.0040269955061376095
229 0.004362491425126791
230 0.003610523184761405
231 0.004502765368670225
232 0.003865793813019991
233 0.003788232570514083
234 0.0035346527583897114
235 0.004027802962809801
236 0.003961584065109491
237 0.003896953072398901
238 0.0038378152530640364
239 0.00425459910184145
240 0.0040543158538639545
241 0.004035898018628359
242 0.003983405884355307
243 0.003757114987820387
244 0.0040686787106096745
245 0.0037776853423565626
246 0.0045157731510698795
247 0.00399018032476306
248 0.003714185208082199
249 0.003914557863026857
250 0.0036077413242310286
251 0.0034733200445771217
252 0.004037485457956791
253 0.003816039301455021
254 0.003988682758063078
255 0.003762157168239355
