0 0.003797430545091629
1 0.0034604151733219624
2 0.0038985467981547117
3 0.0039312164299190044
4 0.004197168163955212
5 0.0040242960676550865
6 0.004204768221825361
7 0.004105044528841972
8 0.004382200073450804
9 0.003638708731159568
10 0.004137676674872637
11 0.004171279724687338
12 0.0035598098766058683
13 0.004044975154101849
14 0.004032100550830364
15 0.0038247809279710054
16 0.003925207071006298
17 0.004172548186033964
18 0.00367514556273818
19 0.003831183072179556
20 0.00383004336617887
21 0.004153259098529816
22 0.0038845017552375793
23 0.0036784617695957422
24 0.00385564798489213
25 0.0040536182932555676
26 0.004007681738585234
27 0.003722007852047682
28 0.004070688039064407
29 0.004117985721677542
30 0.003976905252784491
31 0.004118479788303375
32 0.0036683224607259035
33 0.0034607332199811935
34 0.003685347968712449
35 0.003835133509710431
36 0.004224729724228382
37 0.0038905481342226267
38 0.004057503771036863
39 0.004238480236381292
40 0.004042122978717089
41 0.0034977791365236044
42 0.003906724043190479
43 0.00376171269454062
44 0.0038427861873060465
45 0.003879125230014324
46 0.004395271651446819
47 0.004195088520646095
48 0.004119467921555042
49 0.004024557303637266
50 0.004186028614640236
51 0.003547524567693472
52 0.004079682752490044
53 0.0037897720467299223
54 0.0036884720902889967
55 0.003963337279856205
56 0.00418876064941287
57 0.0038558749947696924
58 0.003862608689814806
59 0.0038818451575934887
60 0.0037953415885567665
61 0.003951827995479107
62 0.004158704075962305
63 0.0041506169363856316
64 0.00396130932494998
65 0.0037738375831395388
66 0.003848528489470482
67 0.003969048615545034
68 0.0038535885978490114
69 0.004063330590724945
70 0.004402389749884605
71 0.004278729669749737
72 0.00394405284896493
73 0.004030048381537199
74 0.0038862263318151236
75 0.004181106574833393
76 0.004037247039377689
77 0.0038881644140928984
78 0.003918928559869528
79 0.0038442134391516447
80 0.003659730777144432
81 0.003926616627722979
82 0.0038166199810802937
83 0.0035432109143584967
84 0.003917678724974394
85 0.003507395042106509
86 0.003958923742175102
87 0.0042501818388700485
88 0.003695153631269932
89 0.0037558123003691435
90 0.004174628760665655
91 0.0039052797947078943
92 0.004052503500133753
93 0.00437988480553031
94 0.0035511411260813475
95 0.0038389700930565596
96 0.0036989834625273943
97 0.0038102702237665653
98 0.00375939323566854
99 0.003976101521402597
100 0.003922134172171354
101 0.0039473227225244045
102 0.003489904571324587
103 0.004155333153903484
104 0.003644208889454603
105 0.0041876924224197865
106 0.003979109693318605
107 0.004164984915405512
108 0.003928324207663536
109 0.0035217865370213985
110 0.004234251566231251
111 0.0038553758058696985
112 0.0035311165265738964
113 0.004348444286733866
114 0.003975539933890104
115 0.0035877057816833258
116 0.0038386662490665913
117 0.003919445909559727
118 0.003599185263738036
119 0.0039423685520887375
120 0.004022200126200914
121 0.004314608406275511
122 0.0043173194862902164
123 0.004084094427525997
124 0.004027167800813913
125 0.003826217958703637
126 0.0039785802364349365
127 0.003743237117305398
128 0.0035559183452278376
129 0.0035793520510196686
130 0.0038291742093861103
131 0.003626772202551365
132 0.0038911388255655766
133 0.004259687848389149
134 0.0038728900253772736
135 0.0038663444574922323
136 0.004341268911957741
137 0.0037303792778402567
138 0.00411659711971879
139 0.003978847526013851
140 0.0038037148769944906
141 0.0034620154183357954
142 0.0037824714090675116
143 0.0038679030258208513
144 0.0034620650112628937
145 0.00404403218999505
146 0.0038447075057774782
147 0.003731599310413003
148 0.003753074910491705
149 0.003915678709745407
150 0.004151396919041872
151 0.004192241933196783
152 0.0037871231324970722
153 0.0038773342967033386
154 0.003853179980069399
155 0.0036740608047693968
156 0.0039000126998871565
157 0.003588297637179494
158 0.004141699988394976
159 0.00391528382897377
160 0.003656337969005108
161 0.0038713128305971622
162 0.0040688603185117245
163 0.0037720133550465107
164 0.004003627225756645
165 0.0037146727554500103
166 0.0040967403911054134
167 0.003766347886994481
168 0.004264392890036106
169 0.004170536063611507
170 0.003867782885208726
171 0.003997624386101961
172 0.0036927652545273304
173 0.003695939900353551
174 0.003856854047626257
175 0.0037812301889061928
176 0.0043166098184883595
177 0.0038999314419925213
178 0.003604898927733302
179 0.003636979963630438
180 0.0035873386077582836
181 0.004129675216972828
182 0.003946568351238966
183 0.0036993788089603186
184 0.004235416185110807
185 0.003961521200835705
186 0.003594678360968828
187 0.003930542152374983
188 0.003955380525439978
189 0.0037643115501850843
190 0.003790627233684063
191 0.0037328004837036133
192 0.004055446945130825
193 0.004263643175363541
194 0.004203479271382093
195 0.003953768406063318
196 0.004048462025821209
197 0.004122394602745771
198 0.003817628836259246
199 0.004046295303851366
200 0.003726427210494876
201 0.0037094373255968094
202 0.003611154155805707
203 0.003649969818070531
204 0.0038937616627663374
205 0.0037061700131744146
206 0.003724421840161085
207 0.003964459057897329
208 0.004061234183609486
209 0.004145446699112654
210 0.0037440466694533825
211 0.003930852748453617
212 0.0036576262209564447
213 0.003994004335254431
214 0.0041681514121592045
215 0.003892948618158698
216 0.003910948988050222
217 0.004161222372204065
218 0.0037829328794032335
219 0.0038609246257692575
220 0.004025531932711601
221 0.003986390307545662
222 0.0035588883329182863
223 0.004124682396650314
224 0.003481028601527214
225 0.0040410240180790424
226 0.004112126771360636
227 0.0036344376858323812
228 0.003988650627434254
229 0.0042168619111180305
230 0.0038967307191342115
231 0.0038859678898006678
232 0.003778190119192004
233 0.004195088986307383
234 0.003815943840891123
235 0.0036948579363524914
236 0.003923466429114342
237 0.003899969160556793
238 0.0035431617870926857
239 0.0041460092179477215
240 0.003920893184840679
241 0.0040472084656357765
242 0.0038157475646585226
243 0.003685389179736376
244 0.00389695237390697
245 0.0036846757866442204
246 0.004144334699958563
247 0.004176381044089794
248 0.00426603015512228
249 0.003555189585313201
250 0.0035045184195041656
251 0.0034593665041029453
252 0.0036855624057352543
253 0.0038042140658944845
254 0.003950119949877262
255 0.0037320416886359453
