0 0.003974684048444033
1 0.003075893735513091
2 0.003871382214128971
3 0.004086341243237257
4 0.004005845636129379
5 0.0038824505172669888
6 0.004156920593231916
7 0.004265814088284969
8 0.004418238066136837
9 0.0038300633896142244
10 0.00433761440217495
11 0.0039015247020870447
12 0.0037539645563811064
13 0.0036907086614519358
14 0.003807256929576397
15 0.00399697944521904
16 0.004121669568121433
17 0.004089871421456337
18 0.003918822854757309
19 0.003629448125138879
20 0.004190479870885611
21 0.004158673342317343
22 0.003910351078957319
23 0.0037016388960182667
24 0.004086029715836048
25 0.004192480351775885
26 0.00370690505951643
27 0.004089726600795984
28 0.003828051034361124
29 0.003790739458054304
30 0.0045077004469931126
31 0.003827109932899475
32 0.0038316522259265184
33 0.00359896756708622
34 0.0034508886747062206
35 0.00408584251999855
36 0.004125575069338083
37 0.00375631102360785
38 0.0042125266045331955
39 0.004015234764665365
40 0.003908084239810705
41 0.0032401939388364553
42 0.0038479359354823828
43 0.00385233829729259
44 0.0037628791760653257
45 0.003810468129813671
46 0.00403596879914403
47 0.0041684843599796295
48 0.003965850919485092
49 0.003915530163794756
50 0.004257048945873976
51 0.0036108093336224556
52 0.0038855914026498795
53 0.003697857027873397
54 0.0038560128305107355
55 0.003996376413851976
56 0.004141724668443203
57 0.004313003737479448
58 0.003971382975578308
59 0.00359165808185935
60 0.00384319294244051
61 0.004160341806709766
62 0.004181082360446453
63 0.0036203886847943068
64 0.004156038165092468
65 0.0037437828723341227
66 0.0036519672721624374
67 0.0036784368567168713
68 0.003947359509766102
69 0.003917542286217213
70 0.004098806064575911
71 0.003807287896052003
72 0.003738869447261095
73 0.003717662999406457
74 0.0038674012757837772
75 0.00445340434089303
76 0.004106089938431978
77 0.003858862677589059
78 0.0038848272524774075
79 0.0036434046924114227
80 0.0035833038855344057
81 0.004071380943059921
82 0.0038076748605817556
83 0.0036992833483964205
84 0.003937185741961002
85 0.0037144075613468885
86 0.003579322714358568
87 0.003994644153863192
88 0.0033509868662804365
89 0.0036749315913766623
90 0.003806492080911994
91 0.00395233416929841
92 0.0040913852863013744
93 0.004375525284558535
94 0.003774357261136174
95 0.0038377551827579737
96 0.004080695100128651
97 0.003957219421863556
98 0.0036562078166753054
99 0.00421698996797204
100 0.003928679507225752
101 0.004059834871441126
102 0.0039653838612139225
103 0.004165473394095898
104 0.0038577273953706026
105 0.004112714435905218
106 0.003966704476624727
107 0.004698280710726976
108 0.004126660525798798
109 0.0038627982139587402
110 0.00400623818859458
111 0.0038972648326307535
112 0.0038134416099637747
113 0.004223318304866552
114 0.00395634351298213
115 0.00358205521479249
116 0.004393799230456352
117 0.003945508506149054
118 0.0035000364296138287
119 0.003978985361754894
120 0.0038181806448847055
121 0.00412681233137846
122 0.00445437291637063
123 0.003930351231247187
124 0.004221382085233927
125 0.003817768767476082
126 0.00415543420240283
127 0.0038586840964853764
128 0.003963483963161707
129 0.0037964798975735903
130 0.00381091027520597
131 0.0037020344752818346
132 0.003948167897760868
133 0.004155921284109354
134 0.003998270723968744
135 0.0035163345746695995
136 0.00408024899661541
137 0.003994988743215799
138 0.004048946779221296
139 0.003767705289646983
140 0.0035256787668913603
141 0.0038180958945304155
142 0.003956180065870285
143 0.0037355825770646334
144 0.003348356345668435
145 0.004169565625488758
146 0.003703768365085125
147 0.003908216487616301
148 0.0039022238925099373
149 0.003872276982292533
150 0.004011646844446659
151 0.004182504024356604
152 0.0037700620014220476
153 0.00395246222615242
154 0.003611115738749504
155 0.003649662248790264
156 0.0038339500315487385
157 0.003707427065819502
158 0.004100787919014692
159 0.0037486236542463303
160 0.003707044292241335
161 0.003946635406464338
162 0.004216084722429514
163 0.0035769175738096237
164 0.0034411586821079254
165 0.00382064376026392
166 0.0038730131927877665
167 0.0038634457159787416
168 0.003990629687905312
169 0.004203608259558678
170 0.003985691349953413
171 0.003983849193900824
172 0.0037505817599594593
173 0.0037408217322081327
174 0.004007804673165083
175 0.0041355895809829235
176 0.004566776566207409
177 0.004182635340839624
178 0.0034843902103602886
179 0.003539822530001402
180 0.0035710688680410385
181 0.004165880847722292
182 0.0037084815558046103
183 0.0037630158476531506
184 0.003936307039111853
185 0.004277129657566547
186 0.003473494201898575
187 0.003794240765273571
188 0.003799744648858905
189 0.0038497846107929945
190 0.003824087791144848
191 0.004117647185921669
192 0.004062531050294638
193 0.004077701363712549
194 0.003971984144300222
195 0.0042973174713552
196 0.004360827151685953
197 0.0037388724740594625
198 0.003685588715597987
199 0.0037113025318831205
200 0.003815112402662635
201 0.0036190117243677378
202 0.0038858477491885424
203 0.0039031668566167355
204 0.0037849056534469128
205 0.0036893992219120264
206 0.0038202584255486727
207 0.004136800765991211
208 0.0042078192345798016
209 0.0038165480364114046
210 0.0035767261870205402
211 0.004055934492498636
212 0.003231176408007741
213 0.0037389928475022316
214 0.00413932790979743
215 0.003973209299147129
216 0.003986122086644173
217 0.004029311239719391
218 0.0038518630899488926
219 0.00394328311085701
220 0.0038932349998503923
221 0.004203988239169121
222 0.003511571791023016
223 0.004209468606859446
224 0.003633796004578471
225 0.004190349020063877
226 0.0041164131835103035
227 0.0037731651682406664
228 0.004009105730801821
229 0.004123209044337273
230 0.00391303189098835
231 0.004065665416419506
232 0.004237915854901075
233 0.0035724688787013292
234 0.003909433260560036
235 0.0037671606987714767
236 0.00396594125777483
237 0.003716897452250123
238 0.0037431768141686916
239 0.0037635911721736193
240 0.004064945038408041
241 0.0037358575500547886
242 0.003713400801643729
243 0.0036296029575169086
244 0.00385090964846313
245 0.003950064070522785
246 0.004391200374811888
247 0.0039414637722074986
248 0.004054679535329342
249 0.0038530181627720594
250 0.0035809273831546307
251 0.003649304388090968
252 0.0037684468552470207
253 0.003621427807956934
254 0.00408722972497344
255 0.003712562145665288
