0 0.004057258367538452
1 0.0032490433659404516
2 0.003716145409271121
3 0.003919228445738554
4 0.004374244250357151
5 0.003677134634926915
6 0.00416099326685071
7 0.0037739588879048824
8 0.004067664034664631
9 0.0036271228455007076
10 0.004056793637573719
11 0.00369181577116251
12 0.003801646875217557
13 0.0037361704744398594
14 0.003627159632742405
15 0.003971803467720747
16 0.003798894817009568
17 0.003936202265322208
18 0.003770646406337619
19 0.003933602478355169
20 0.004144743550568819
21 0.0041152252815663815
22 0.003996369894593954
23 0.0036845176946371794
24 0.0037059402093291283
25 0.003938475623726845
26 0.003972344566136599
27 0.003992501180619001
28 0.003997141495347023
29 0.003687145421281457
30 0.004134463611990213
31 0.003861202159896493
32 0.003320030402392149
33 0.0036639305762946606
34 0.0037135533057153225
35 0.004149303305894136
36 0.004189963918179274
37 0.003715544007718563
38 0.003906271420419216
39 0.004077676683664322
40 0.004065573215484619
41 0.003433775622397661
42 0.00377115560695529
43 0.0038007101975381374
44 0.00420593935996294
45 0.00395252276211977
46 0.004157751798629761
47 0.004105245694518089
48 0.004049871116876602
49 0.0038235567044466734
50 0.004276805091649294
51 0.0033868311438709497
52 0.00412645423784852
53 0.003773343749344349
54 0.0037463156040757895
55 0.003984016366302967
56 0.004292870871722698
57 0.003899996168911457
58 0.0038947495631873608
59 0.003775276243686676
60 0.003859839867800474
61 0.0039029880426824093
62 0.004142710939049721
63 0.003630062798038125
64 0.0038170339539647102
65 0.0035803583450615406
66 0.003949430771172047
67 0.00398975471034646
68 0.003987889736890793
69 0.004144708625972271
70 0.004329129587858915
71 0.004110333509743214
72 0.004198894836008549
73 0.003409887431189418
74 0.00382245727814734
75 0.0042606196366250515
76 0.0037726100999861956
77 0.00413671787828207
78 0.00390931311994791
79 0.0035529800225049257
80 0.0037333739455789328
81 0.003922468051314354
82 0.0038087903521955013
83 0.003722329391166568
84 0.003945495001971722
85 0.0038773282431066036
86 0.003608896629884839
87 0.003792878007516265
88 0.0034557809121906757
89 0.0037513000424951315
90 0.00382318370975554
91 0.0038956161588430405
92 0.003968923352658749
93 0.0041725835762917995
94 0.004057141486555338
95 0.003715870436280966
96 0.004101074766367674
97 0.00421847403049469
98 0.0037770881317555904
99 0.004091209266334772
100 0.003872153116390109
101 0.004213470965623856
102 0.0037138930056244135
103 0.004018330946564674
104 0.00380410416983068
105 0.004147494677454233
106 0.003940500784665346
107 0.004489834886044264
108 0.004296685103327036
109 0.0042921700514853
110 0.0039251758717000484
111 0.0037039327435195446
112 0.0038481811061501503
113 0.004254292231053114
114 0.004165975376963615
115 0.003983073867857456
116 0.004077168647199869
117 0.003690756391733885
118 0.0036046782042831182
119 0.003760972758755088
120 0.0037453139666467905
121 0.003959526773542166
122 0.004838424269109964
123 0.003795667551457882
124 0.00424495805054903
125 0.003903144970536232
126 0.004515669774264097
127 0.003817411605268717
128 0.0035843218211084604
129 0.0037594900932163
130 0.003650964703410864
131 0.003583572804927826
132 0.0036975936964154243
133 0.00398249039426446
134 0.003946056589484215
135 0.0035068572033196688
136 0.004277057014405727
137 0.0036400381941348314
138 0.004117002245038748
139 0.0038056958001106977
140 0.003734000725671649
141 0.0034389605280011892
142 0.003791529219597578
143 0.004085767548531294
144 0.0035178863909095526
145 0.004265454597771168
146 0.004022642504423857
147 0.003884684294462204
148 0.004152910318225622
149 0.003935452550649643
150 0.003728612093254924
151 0.004280132707208395
152 0.0035226596519351006
153 0.0038813124410808086
154 0.0039862762205302715
155 0.0037482220213860273
156 0.003899021539837122
157 0.003734460100531578
158 0.004108459688723087
159 0.003813102375715971
160 0.003620221046730876
161 0.0036112379748374224
162 0.0043290965259075165
163 0.003763886634260416
164 0.0036554306279867887
165 0.0038934664335101843
166 0.0037923019845038652
167 0.003953584935516119
168 0.004334676079452038
169 0.0041541485115885735
170 0.003976889885962009
171 0.003939825110137463
172 0.003715079976245761
173 0.003745386144146323
174 0.0037913667038083076
175 0.0038355428259819746
176 0.004241048824042082
177 0.003781536128371954
178 0.0034097647294402122
179 0.003659491892904043
180 0.0037306633312255144
181 0.0044113402254879475
182 0.004122436977922916
183 0.003911755047738552
184 0.003988042939454317
185 0.00481695169582963
186 0.003517839824780822
187 0.003990039695054293
188 0.0037684079725295305
189 0.003977394662797451
190 0.0037650642916560173
191 0.0037582339718937874
192 0.0039117783308029175
193 0.004258312284946442
194 0.004055104684084654
195 0.004332908429205418
196 0.0044312914833426476
197 0.0036332544405013323
198 0.00394313083961606
199 0.003760599298402667
200 0.003798841033130884
201 0.003894199151545763
202 0.004065454006195068
203 0.003908892627805471
204 0.0036765062250196934
205 0.0035496687050908804
206 0.0036597750149667263
207 0.003921355586498976
208 0.003744089975953102
209 0.003995916806161404
210 0.003631370374932885
211 0.003971668425947428
212 0.003704762551933527
213 0.003953964915126562
214 0.004193981643766165
215 0.004143317695707083
216 0.00426865927875042
217 0.003866935381665826
218 0.004014631733298302
219 0.0037984042428433895
220 0.00395232392475009
221 0.004149936605244875
222 0.003762371139600873
223 0.004079602658748627
224 0.0035504139959812164
225 0.0036325501278042793
226 0.004067722242325544
227 0.003849843516945839
228 0.004050987306982279
229 0.0042907800525426865
230 0.003631818573921919
231 0.004384960513561964
232 0.003938495647162199
233 0.0037474532146006823
234 0.0036980228032916784
235 0.0036392046604305506
236 0.003987581934779882
237 0.003823378589004278
238 0.003722893539816141
239 0.004128636792302132
240 0.004216838628053665
241 0.004103842191398144
242 0.003909283317625523
243 0.00378928380087018
244 0.0038019302301108837
245 0.0037915471475571394
246 0.004012043122202158
247 0.004064780194312334
248 0.004034627228975296
249 0.0037803843151777983
250 0.0037387574557214975
251 0.0036760633811354637
252 0.004016571678221226
253 0.0035973121412098408
254 0.0037253806367516518
255 0.0035116493236273527
