0 0.004118429031223059
1 0.003281933255493641
2 0.003890445688739419
3 0.003945294301956892
4 0.00437384145334363
5 0.00381675036624074
6 0.004381273873150349
7 0.003930175676941872
8 0.0039745825342834
9 0.0037151193246245384
10 0.004253210965543985
11 0.004175376147031784
12 0.003680221736431122
13 0.0038374424912035465
14 0.003925768192857504
15 0.0039842696860432625
16 0.003953689243644476
17 0.003844909369945526
18 0.003648300189524889
19 0.003944723401218653
20 0.004068384878337383
21 0.003961888141930103
22 0.003946878481656313
23 0.003727469826117158
24 0.004009681288152933
25 0.0039641535840928555
26 0.0040294635109603405
27 0.0037011695094406605
28 0.004042870830744505
29 0.004020740278065205
30 0.00437375670298934
31 0.003940050955861807
32 0.0037438797298818827
33 0.0037127439863979816
34 0.00353024760261178
35 0.003982646390795708
36 0.0040987818501889706
37 0.0038710120134055614
38 0.004171632695943117
39 0.00410948321223259
40 0.003932091873139143
41 0.0034230872988700867
42 0.0038895264733582735
43 0.003755918936803937
44 0.003873188979923725
45 0.003822378581389785
46 0.004197107162326574
47 0.004070075694471598
48 0.004056279081851244
49 0.0038650843780487776
50 0.004219614434987307
51 0.0035942683462053537
52 0.003998608328402042
53 0.0036622066982090473
54 0.003761879401281476
55 0.004031221382319927
56 0.0038808381650596857
57 0.0038554631173610687
58 0.0038461589720100164
59 0.003613994223996997
60 0.003922348376363516
61 0.004299815744161606
62 0.004346109461039305
63 0.0037445283960551023
64 0.003911299165338278
65 0.0038477128837257624
66 0.003964659757912159
67 0.003755193902179599
68 0.003874026471748948
69 0.003770823124796152
70 0.0043075717985630035
71 0.004090309143066406
72 0.004196135327219963
73 0.003573264228180051
74 0.0037756653036922216
75 0.004215198568999767
76 0.004008988384157419
77 0.004043502267450094
78 0.0041914768517017365
79 0.003912835381925106
80 0.0035234468523412943
81 0.003983443137258291
82 0.0038398252800107002
83 0.003551315050572157
84 0.003723295871168375
85 0.003839385462924838
86 0.0035978201776742935
87 0.003879821626469493
88 0.003426160430535674
89 0.003934224136173725
90 0.0041585746221244335
91 0.00385645660571754
92 0.004273620434105396
93 0.004164233338087797
94 0.0037977416068315506
95 0.0038526798598468304
96 0.003923418466001749
97 0.004178211558610201
98 0.004003479611128569
99 0.004029690753668547
100 0.004034412559121847
101 0.003780408762395382
102 0.003811116563156247
103 0.004367518704384565
104 0.003662927309051156
105 0.0042137629352509975
106 0.00404258631169796
107 0.004591519013047218
108 0.004288916476070881
109 0.0041407933458685875
110 0.004054326098412275
111 0.003784698899835348
112 0.0035208535846322775
113 0.004228164907544851
114 0.004047152120620012
115 0.003570504952222109
116 0.004086159635335207
117 0.0039354488253593445
118 0.003448978764936328
119 0.003694451879709959
120 0.0039511676877737045
121 0.00398013461381197
122 0.004850228317081928
123 0.003971253056079149
124 0.004012840799987316
125 0.0036546525079756975
126 0.0043770065531134605
127 0.003784624859690666
128 0.003756919177249074
129 0.0036303929518908262
130 0.00374586321413517
131 0.0035150779876857996
132 0.003780954284593463
133 0.004382790997624397
134 0.0036552546080201864
135 0.0033658635802567005
136 0.004266098141670227
137 0.003938096575438976
138 0.0036984989419579506
139 0.0041563608683645725
140 0.0036931762006133795
141 0.0035246587358415127
142 0.003787311026826501
143 0.003937315195798874
144 0.003327632788568735
145 0.0042435359209775925
146 0.0036721392534673214
147 0.0037153116427361965
148 0.00401395745575428
149 0.003784401575103402
150 0.004062423948198557
151 0.0042075528763234615
152 0.0035786647349596024
153 0.003861451055854559
154 0.00375074683688581
155 0.0035387042444199324
156 0.003908392041921616
157 0.0035279823932796717
158 0.0038848526310175657
159 0.0035622920840978622
160 0.0036871246993541718
161 0.003786948509514332
162 0.004275058396160603
163 0.003721698885783553
164 0.003947546239942312
165 0.003947813529521227
166 0.003939820919185877
167 0.004115734715014696
168 0.0039631156250834465
169 0.004165247082710266
170 0.0036207246594130993
171 0.0040033427067101
172 0.0036118803545832634
173 0.003661880036816001
174 0.003866812912747264
175 0.003948472905904055
176 0.004464820493012667
177 0.003825996071100235
178 0.0034684650599956512
179 0.0035603628493845463
180 0.0038059174548834562
181 0.0041670240461826324
182 0.003971430938690901
183 0.003836320713162422
184 0.003933288156986237
185 0.00434450525790453
186 0.003541765036061406
187 0.0037953436840325594
188 0.0039096614345908165
189 0.003878421848639846
190 0.003940193448215723
191 0.003995545208454132
192 0.00393479922786355
193 0.0040374090895056725
194 0.0040491679683327675
195 0.004184773191809654
196 0.0042851632460951805
197 0.003735454985871911
198 0.004144268576055765
199 0.003825184889137745
200 0.0038690129294991493
201 0.0035575455985963345
202 0.003958445508033037
203 0.003824314335361123
204 0.0038360226899385452
205 0.0036266902461647987
206 0.003893226617947221
207 0.004014052450656891
208 0.003926481120288372
209 0.004033355507999659
210 0.0035891379229724407
211 0.003915336914360523
212 0.003537670010700822
213 0.0038307930808514357
214 0.004464421421289444
215 0.004131827503442764
216 0.004095445852726698
217 0.004095408134162426
218 0.0038839217741042376
219 0.0037383679300546646
220 0.004063373897224665
221 0.003982048947364092
222 0.003661718685179949
223 0.00402050232514739
224 0.003697121050208807
225 0.0040683988481760025
226 0.00412569148465991
227 0.0035915765911340714
228 0.003917602356523275
229 0.004521751776337624
230 0.0036599792074412107
231 0.004320879466831684
232 0.003928115591406822
233 0.0038816125597804785
234 0.003926941193640232
235 0.003700914327055216
236 0.003850675420835614
237 0.0038080825470387936
238 0.003811945440247655
239 0.00406390056014061
240 0.004037849605083466
241 0.003829331137239933
242 0.003816045820713043
243 0.0036136966664344072
244 0.0038641865830868483
245 0.003786160610616207
246 0.004038698971271515
247 0.004151236731559038
248 0.003902495838701725
249 0.0037885236088186502
250 0.0034838567953556776
251 0.0035373137798160315
252 0.003738205647096038
253 0.003726454684510827
254 0.004047210793942213
255 0.0036346428096294403
