0 0.004258797504007816
1 0.003309956518933177
2 0.0038917141500860453
3 0.003902522148564458
4 0.004139910452067852
5 0.003974288702011108
6 0.0040273177437484264
7 0.004236422944813967
8 0.004322770517319441
9 0.0036118736024945974
10 0.004151552449911833
11 0.003962639253586531
12 0.0035273332614451647
13 0.0036581936292350292
14 0.003929636441171169
15 0.003923701588064432
16 0.003968595061451197
17 0.003827696666121483
18 0.003581039607524872
19 0.00393010675907135
20 0.00404702452942729
21 0.004063795320689678
22 0.004056684207171202
23 0.003712250618264079
24 0.004141143523156643
25 0.003871419932693243
26 0.004046531394124031
27 0.0038679074496030807
28 0.004204230383038521
29 0.003828345565125346
30 0.0042674052529037
31 0.0038932468742132187
32 0.0038084499537944794
33 0.0037271548062562943
34 0.003643362084403634
35 0.003957442473620176
36 0.004255091771483421
37 0.0037010477390140295
38 0.004259912762790918
39 0.004138784483075142
40 0.004092913120985031
41 0.003408106043934822
42 0.003725816961377859
43 0.00385344703681767
44 0.003504186635836959
45 0.003927024081349373
46 0.004341715015470982
47 0.004188093356788158
48 0.003993837162852287
49 0.0037541529163718224
50 0.00407237745821476
51 0.0035872417502105236
52 0.004271534737199545
53 0.003909748047590256
54 0.0039238519966602325
55 0.003953789826482534
56 0.003959457390010357
57 0.0037391053047031164
58 0.003951825201511383
59 0.0038664410822093487
60 0.003635168308392167
61 0.00396386906504631
62 0.004228498321026564
63 0.003976530395448208
64 0.0039007547311484814
65 0.003685793373733759
66 0.0038627248723059893
67 0.003908820915967226
68 0.00397443724796176
69 0.004216518718749285
70 0.004188393242657185
71 0.0036165781784802675
72 0.0037465724162757397
73 0.0035636252723634243
74 0.003818836994469166
75 0.0044022505171597
76 0.004059586673974991
77 0.003853294998407364
78 0.003805546322837472
79 0.0037981460336595774
80 0.0036925000604242086
81 0.003984767012298107
82 0.003889255691319704
83 0.003721475601196289
84 0.0039316099137067795
85 0.003626020858064294
86 0.0035342357587069273
87 0.003909560386091471
88 0.003699764609336853
89 0.0038045677356421947
90 0.004016823600977659
91 0.0040138643234968185
92 0.004024207126349211
93 0.004105083178728819
94 0.003726191120222211
95 0.004079855512827635
96 0.0038179843686521053
97 0.004250495694577694
98 0.00392866088077426
99 0.004138598218560219
100 0.0037121600471436977
101 0.004198305308818817
102 0.0037170294672250748
103 0.004318357445299625
104 0.003721213201060891
105 0.004295879974961281
106 0.0038768239319324493
107 0.004292360041290522
108 0.00429123779758811
109 0.0039045666344463825
110 0.0039337449707090855
111 0.003950533922761679
112 0.0037791167851537466
113 0.004260827321559191
114 0.003954028710722923
115 0.003578895004466176
116 0.0041397977620363235
117 0.004055507015436888
118 0.003818910103291273
119 0.004071669187396765
120 0.003984999377280474
121 0.004068923182785511
122 0.004327252972871065
123 0.0039476812817156315
124 0.003960032947361469
125 0.003775283694267273
126 0.004341077525168657
127 0.0038573364727199078
128 0.0036265975795686245
129 0.003868578700348735
130 0.003977468237280846
131 0.0037471463438123465
132 0.0038164679426699877
133 0.004357380326837301
134 0.003780586877837777
135 0.0035520875826478004
136 0.004301661625504494
137 0.003960780333727598
138 0.00394247192889452
139 0.0038045921828597784
140 0.0033318158239126205
141 0.0035931819584220648
142 0.0037452441174536943
143 0.0038005129899829626
144 0.0035641700960695744
145 0.0038684457540512085
146 0.0037767777685076
147 0.0041817473247647285
148 0.003844459541141987
149 0.003761014901101589
150 0.004046391695737839
151 0.0041733598336577415
152 0.00399775430560112
153 0.0039075817912817
154 0.003949569538235664
155 0.003615568159148097
156 0.003904577810317278
157 0.0037364850286394358
158 0.004014481790363789
159 0.0037291559856384993
160 0.0037816495168954134
161 0.004049290437251329
162 0.004107287619262934
163 0.0036456212401390076
164 0.004007584415376186
165 0.00401479983702302
166 0.003863257821649313
167 0.004015596117824316
168 0.004061080981045961
169 0.0038406946696341038
170 0.0037075115833431482
171 0.0036969739012420177
172 0.0033468580804765224
173 0.0037816010881215334
174 0.004129111301153898
175 0.0038073863834142685
176 0.004123374354094267
177 0.0035661368165165186
178 0.003385460702702403
179 0.0037357271648943424
180 0.0038125026039779186
181 0.004017130471765995
182 0.003995983395725489
183 0.004013488534837961
184 0.004148251377046108
185 0.004204730037599802
186 0.0036294080782681704
187 0.0037590633146464825
188 0.0039054914377629757
189 0.003683788003399968
190 0.003919806331396103
191 0.0036848350428044796
192 0.0036831616889685392
193 0.0038760972674936056
194 0.0041389078833162785
195 0.004210734739899635
196 0.004543502815067768
197 0.0037134429439902306
198 0.003792833536863327
199 0.003779857186600566
200 0.0037643741816282272
201 0.003871622961014509
202 0.0039301672950387
203 0.0039737047627568245
204 0.003647087374702096
205 0.0037780290003865957
206 0.0038075160700827837
207 0.004053676035255194
208 0.004005270544439554
209 0.003869072301313281
210 0.003856058930978179
211 0.004124237224459648
212 0.0037183458916842937
213 0.0037189319264143705
214 0.004145996179431677
215 0.004227002616971731
216 0.00400500139221549
217 0.003986582159996033
218 0.0038237397093325853
219 0.003715289058163762
220 0.0036241444759070873
221 0.003959283698350191
222 0.003652347018942237
223 0.004220262635499239
224 0.003925444092601538
225 0.003988529555499554
226 0.00397580536082387
227 0.0034656906500458717
228 0.003893156535923481
229 0.004305309150367975
230 0.003927370999008417
231 0.004100743215531111
232 0.0038526474963873625
233 0.003925196826457977
234 0.0038139079697430134
235 0.004049163777381182
236 0.004115329589694738
237 0.0038771764375269413
238 0.0036795507185161114
239 0.004059555474668741
240 0.004129489418119192
241 0.0036236941814422607
242 0.0038470677100121975
243 0.0036999161820858717
244 0.0037176967598497868
245 0.0038142583798617125
246 0.004136255010962486
247 0.00409805029630661
248 0.003820317331701517
249 0.003873657202348113
250 0.0036609431263059378
251 0.0035715296398848295
252 0.00392866088077426
253 0.003670673118904233
254 0.003904706332832575
255 0.0037256439682096243
