0 0.003917227033525705
1 0.0035778966266661882
2 0.004065806046128273
3 0.003811895614489913
4 0.004273987375199795
5 0.004067431204020977
6 0.004125258419662714
7 0.003926964942365885
8 0.004071509465575218
9 0.0034889208618551493
10 0.003972047008574009
11 0.003965931944549084
12 0.003753363387659192
13 0.00368976267054677
14 0.003865609411150217
15 0.004191303625702858
16 0.003966973163187504
17 0.0038264342583715916
18 0.003802533494308591
19 0.003750465577468276
20 0.004085264168679714
21 0.004320320673286915
22 0.0038942978717386723
23 0.003922814037650824
24 0.0038495648186653852
25 0.003941270522773266
26 0.004151366651058197
27 0.0037556474562734365
28 0.004087809473276138
29 0.003635436063632369
30 0.0042709591798484325
31 0.003736308077350259
32 0.0035929041914641857
33 0.0034699097741395235
34 0.0036829225718975067
35 0.0038670552894473076
36 0.0038930538576096296
37 0.003813422517850995
38 0.004104947205632925
39 0.003921664785593748
40 0.003922414034605026
41 0.003247263375669718
42 0.003952837083488703
43 0.00396172609180212
44 0.0036603910848498344
45 0.004034725949168205
46 0.00422643031924963
47 0.0038442343939095736
48 0.0039175404235720634
49 0.0037777461111545563
50 0.004284968134015799
51 0.0034745812881737947
52 0.004077558405697346
53 0.004014170728623867
54 0.0036401667166501284
55 0.0037775076925754547
56 0.0038763440679758787
57 0.0037854730617254972
58 0.003739760722965002
59 0.003877802286297083
60 0.003844968741759658
61 0.004116984084248543
62 0.004453939385712147
63 0.004051091615110636
64 0.0040177288465201855
65 0.0036791693419218063
66 0.00399019056931138
67 0.003851004410535097
68 0.003756231162697077
69 0.0038610694464296103
70 0.004240463022142649
71 0.00410403311252594
72 0.0039311358705163
73 0.003660927526652813
74 0.003987453877925873
75 0.004395794589072466
76 0.004060948733240366
77 0.004099650774151087
78 0.004167477134615183
79 0.0036980260629206896
80 0.0037741269916296005
81 0.003948430065065622
82 0.0037521636113524437
83 0.0036402656696736813
84 0.004140065051615238
85 0.0037867033388465643
86 0.003582495730370283
87 0.003926412668079138
88 0.0036297861952334642
89 0.003978203050792217
90 0.0040812441147863865
91 0.004145496059209108
92 0.003896984737366438
93 0.004239493981003761
94 0.0036335198674350977
95 0.003769166301935911
96 0.00426005432382226
97 0.004104552790522575
98 0.003951511345803738
99 0.003982958383858204
100 0.0035686809569597244
101 0.0040739490650594234
102 0.0037755004595965147
103 0.004575526807457209
104 0.0034693151246756315
105 0.0041422611102461815
106 0.003978588618338108
107 0.0043638600036501884
108 0.00452479487285018
109 0.003788945497944951
110 0.003943353891372681
111 0.003893851302564144
112 0.003944694995880127
113 0.0044968812726438046
114 0.004036962054669857
115 0.003702681278809905
116 0.004005406983196735
117 0.003939605783671141
118 0.0036863244604319334
119 0.003872115397825837
120 0.0040991599671542645
121 0.004089373629540205
122 0.004551083780825138
123 0.003950532991439104
124 0.00421715946868062
125 0.0037676491774618626
126 0.0043135895393788815
127 0.0038066774141043425
128 0.003471165895462036
129 0.0037424019537866116
130 0.003595417132601142
131 0.0037256479263305664
132 0.003789298702031374
133 0.00405333936214447
134 0.0036584988702088594
135 0.003593886038288474
136 0.004094019066542387
137 0.003664783202111721
138 0.003878882620483637
139 0.004035976715385914
140 0.0038266004994511604
141 0.003519318765029311
142 0.003700325032696128
143 0.0037520674522966146
144 0.0033382370602339506
145 0.004378532525151968
146 0.0038957768119871616
147 0.004046713002026081
148 0.003946686629205942
149 0.003735044039785862
150 0.004157626535743475
151 0.004259737674146891
152 0.00377180939540267
153 0.003796453820541501
154 0.0037822250742465258
155 0.003612029366195202
156 0.003980782814323902
157 0.003624668810516596
158 0.0038890691939741373
159 0.0039000690449029207
160 0.003593690926209092
161 0.0037487144581973553
162 0.0041233994998037815
163 0.0035982925910502672
164 0.0039582825265824795
165 0.003666473086923361
166 0.004140625242143869
167 0.004128132946789265
168 0.004368517082184553
169 0.004098059609532356
170 0.0038376147858798504
171 0.0038836693856865168
172 0.003809697926044464
173 0.0036256664898246527
174 0.004008335992693901
175 0.00412620697170496
176 0.004143036436289549
177 0.0040790243074297905
178 0.0033845361322164536
179 0.0036014814395457506
180 0.0037383593153208494
181 0.00436404487118125
182 0.003701736917719245
183 0.003984192386269569
184 0.004223901312798262
185 0.004304449539631605
186 0.003503489540889859
187 0.0038498123176395893
188 0.0037853706162422895
189 0.003862482262775302
190 0.003972501493990421
191 0.003657436463981867
192 0.004170045722275972
193 0.004320627078413963
194 0.004224124364554882
195 0.004217947833240032
196 0.003944841213524342
197 0.0038831308484077454
198 0.0039832801558077335
199 0.00385268428362906
200 0.00376675627194345
201 0.0038966152351349592
202 0.0038702667225152254
203 0.0036519155837595463
204 0.004009703639894724
205 0.003486743662506342
206 0.0036279254127293825
207 0.0038965579587966204
208 0.003977273590862751
209 0.0038598014507442713
210 0.0036644330248236656
211 0.004042787943035364
212 0.0036669687833637
213 0.0037140357308089733
214 0.004119666758924723
215 0.003986510448157787
216 0.004102239850908518
217 0.004156387876719236
218 0.0038567676674574614
219 0.003736628219485283
220 0.003800570033490658
221 0.0043151360005140305
222 0.0036401140969246626
223 0.004271669313311577
224 0.0035939225926995277
225 0.003783871652558446
226 0.0039985389448702335
227 0.003670773934572935
228 0.004022236447781324
229 0.004458138253539801
230 0.003559224773198366
231 0.004196410998702049
232 0.0037242406979203224
233 0.003874491434544325
234 0.003909123595803976
235 0.0035438674967736006
236 0.004120653495192528
237 0.0037138427142053843
238 0.0038452204316854477
239 0.004052032716572285
240 0.003941738046705723
241 0.003853026544675231
242 0.0038517240900546312
243 0.0036683534272015095
244 0.0037782315630465746
245 0.0037964307703077793
246 0.004037606064230204
247 0.004190113861113787
248 0.004121491685509682
249 0.003910943400114775
250 0.003518452402204275
251 0.003510975046083331
252 0.003864873666316271
253 0.0037335576489567757
254 0.003709290875121951
255 0.0036717625334858894
