0 0.003757032798603177
1 0.0035165315493941307
2 0.00375624792650342
3 0.004089762922376394
4 0.004172987304627895
5 0.0038605385925620794
6 0.003755816724151373
7 0.00400137435644865
8 0.0041842213831841946
9 0.0035703848116099834
10 0.003924637101590633
11 0.003789234673604369
12 0.003716203151270747
13 0.003933205269277096
14 0.003948305267840624
15 0.003950852435082197
16 0.0038553327322006226
17 0.0037446697242558002
18 0.00392575329169631
19 0.0037837529089301825
20 0.004037558101117611
21 0.004023694433271885
22 0.0038928589783608913
23 0.0038587027229368687
24 0.0037121933419257402
25 0.004119518678635359
26 0.004002606496214867
27 0.003957973327487707
28 0.004112408962100744
29 0.003995461855083704
30 0.004304288886487484
31 0.003736883169040084
32 0.0037498788442462683
33 0.003589328145608306
34 0.003654726315289736
35 0.0038460397627204657
36 0.003962487448006868
37 0.0036984907928854227
38 0.003989352844655514
39 0.004306051414459944
40 0.004022402688860893
41 0.0035573188215494156
42 0.0038866857066750526
43 0.003772067604586482
44 0.003909386694431305
45 0.004011556506156921
46 0.004240032285451889
47 0.004045356530696154
48 0.004054579883813858
49 0.003730348078534007
50 0.004057345446199179
51 0.003689075820147991
52 0.003886415855959058
53 0.0038615590892732143
54 0.003975811880081892
55 0.0041145263239741325
56 0.004209932871162891
57 0.0038126702420413494
58 0.003936056513339281
59 0.003937350586056709
60 0.0039015114307403564
61 0.003766825422644615
62 0.004119110759347677
63 0.003759354120120406
64 0.003706002375110984
65 0.003748685820028186
66 0.003851268207654357
67 0.0038309891242533922
68 0.003998301457613707
69 0.004226649645715952
70 0.004175787325948477
71 0.004017709754407406
72 0.004060967359691858
73 0.0037620924413204193
74 0.0038078019861131907
75 0.004276649560779333
76 0.003773234086111188
77 0.003737495979294181
78 0.003853469854220748
79 0.0037071134429425
80 0.003864779369905591
81 0.003959388937801123
82 0.003876062110066414
83 0.0035943298134952784
84 0.004025607835501432
85 0.0037526350934058428
86 0.003933508414775133
87 0.00393350375816226
88 0.0034863671753555536
89 0.003920222166925669
90 0.003916829824447632
91 0.0038857818581163883
92 0.003771968884393573
93 0.004189339466392994
94 0.0037668850272893906
95 0.0038973423652350903
96 0.0038649195339530706
97 0.004289514385163784
98 0.003796095959842205
99 0.004188018385320902
100 0.004041773732751608
101 0.00409067515283823
102 0.003503905376419425
103 0.003998554777354002
104 0.003767647547647357
105 0.004129517357796431
106 0.003695507301017642
107 0.004201395437121391
108 0.004067729692906141
109 0.0038760616444051266
110 0.0039194016717374325
111 0.0040045809000730515
112 0.003788814414292574
113 0.004250422120094299
114 0.003851376473903656
115 0.003891642903909087
116 0.003730065654963255
117 0.0041325874626636505
118 0.003686437616124749
119 0.003926842473447323
120 0.004111743066459894
121 0.004353413823992014
122 0.004419112578034401
123 0.0037609990686178207
124 0.004034202545881271
125 0.0039422339759767056
126 0.00417820131406188
127 0.0039730556309223175
128 0.0038070334121584892
129 0.003670742502436042
130 0.003709303680807352
131 0.003492040792480111
132 0.003864356316626072
133 0.004279059823602438
134 0.003801969578489661
135 0.003674970008432865
136 0.004443621262907982
137 0.003726355964317918
138 0.004131903871893883
139 0.0038959074299782515
140 0.0036816082429140806
141 0.003635731292888522
142 0.003714795457199216
143 0.0038076548371464014
144 0.0036381473764777184
145 0.00418108282610774
146 0.003920900169759989
147 0.003928300924599171
148 0.0039527518674731255
149 0.004013128578662872
150 0.003969957120716572
151 0.0041070133447647095
152 0.0033975562546402216
153 0.003715864382684231
154 0.003780908649787307
155 0.003642254276201129
156 0.003887574654072523
157 0.0036178783047944307
158 0.0042314245365560055
159 0.003918895963579416
160 0.00396031653508544
161 0.003732557175680995
162 0.004284322261810303
163 0.003503546118736267
164 0.0037043807096779346
165 0.0038760725874453783
166 0.003856279654428363
167 0.003776135388761759
168 0.004260733257979155
169 0.004222025629132986
170 0.0038007458206266165
171 0.003766972105950117
172 0.0036874888464808464
173 0.0038766043726354837
174 0.003948238678276539
175 0.0038953516632318497
176 0.004006281495094299
177 0.0036560988519340754
178 0.0034770690836012363
179 0.0037388852797448635
180 0.003854150651022792
181 0.004332257434725761
182 0.00409234594553709
183 0.003913230262696743
184 0.003929528407752514
185 0.0041940463706851006
186 0.003541674232110381
187 0.003916596993803978
188 0.0038457573391497135
189 0.0037968845572322607
190 0.003930241335183382
191 0.003980871755629778
192 0.00374396494589746
193 0.003955811262130737
194 0.004079808015376329
195 0.004511997103691101
196 0.004343066830188036
197 0.003619356080889702
198 0.003829607041552663
199 0.003868978703394532
200 0.003716465085744858
201 0.0036893615033477545
202 0.004025814589112997
203 0.003799203783273697
204 0.0037697588559240103
205 0.0038391936104744673
206 0.0036676160525530577
207 0.003900422714650631
208 0.004085481632500887
209 0.003965436946600676
210 0.003975866828113794
211 0.0041020819917321205
212 0.0035504852421581745
213 0.003955899737775326
214 0.003972687292844057
215 0.0040472629480063915
216 0.00421212799847126
217 0.004019787069410086
218 0.0037937357556074858
219 0.003836848307400942
220 0.003918203990906477
221 0.003929722588509321
222 0.003906534053385258
223 0.004228091798722744
224 0.003933867905288935
225 0.003926617093384266
226 0.003855472896248102
227 0.0037658747751265764
228 0.004020795226097107
229 0.004138023126870394
230 0.003972207196056843
231 0.004081435967236757
232 0.003830698085948825
233 0.0037224735133349895
234 0.003611331805586815
235 0.0036180762108415365
236 0.004056174773722887
237 0.0037488415837287903
238 0.0037435053382068872
239 0.004157594405114651
240 0.004158105235546827
241 0.004082357045263052
242 0.003974147606641054
243 0.003705768147483468
244 0.0037895538844168186
245 0.003869232488796115
246 0.004176251124590635
247 0.00423940597102046
248 0.004037841688841581
249 0.0038491617888212204
250 0.003747564973309636
251 0.003576774848625064
252 0.003974468447268009
253 0.003759868210181594
254 0.0038875334430485964
255 0.003710065269842744
