0 0.003918287344276905
1 0.00327340723015368
2 0.003787640482187271
3 0.004083674401044846
4 0.004244972486048937
5 0.003859545337036252
6 0.004037611186504364
7 0.004031074233353138
8 0.004188872873783112
9 0.0035554557107388973
10 0.0045050582848489285
11 0.004059107042849064
12 0.0034524891525506973
13 0.003840778023004532
14 0.0036734677851200104
15 0.003922612406313419
16 0.0037760294508188963
17 0.004127726890146732
18 0.0036233915016055107
19 0.003951105289161205
20 0.003965442534536123
21 0.004140832927078009
22 0.003948566038161516
23 0.0038364334031939507
24 0.004010314121842384
25 0.004119194578379393
26 0.0038142597768455744
27 0.004125362262129784
28 0.004149721469730139
29 0.004117786418646574
30 0.00426471745595336
31 0.00412788288667798
32 0.0036351976450532675
33 0.0037049080710858107
34 0.003523443592712283
35 0.0039379107765853405
36 0.003960859961807728
37 0.0037252733018249273
38 0.004062690306454897
39 0.0039019810501486063
40 0.0039284187369048595
41 0.0034906314685940742
42 0.00391964428126812
43 0.003937128931283951
44 0.0038071167655289173
45 0.003826419822871685
46 0.004085011314600706
47 0.004589890129864216
48 0.0041466667316854
49 0.003970941063016653
50 0.004098284989595413
51 0.00340710929594934
52 0.003999175503849983
53 0.0036390942987054586
54 0.003810508642345667
55 0.0041650086641311646
56 0.0040855263359844685
57 0.0036768887657672167
58 0.003947188146412373
59 0.003959958907216787
60 0.0037222488317638636
61 0.004040259402245283
62 0.004338373895734549
63 0.003912938758730888
64 0.004002055618911982
65 0.0038840246852487326
66 0.0038853688165545464
67 0.003906281664967537
68 0.003791428403928876
69 0.0038276882842183113
70 0.0042887162417173386
71 0.0039036553353071213
72 0.003909104038029909
73 0.0037470548413693905
74 0.003806817578151822
75 0.004383001942187548
76 0.0037732389755547047
77 0.003963772673159838
78 0.003945629578083754
79 0.003851111512631178
80 0.003724785754457116
81 0.0043044136837124825
82 0.0037415807601064444
83 0.00363426492549479
84 0.003995764069259167
85 0.003862404963001609
86 0.003713166108354926
87 0.0038811322301626205
88 0.003439623862504959
89 0.0036278206389397383
90 0.00411191675812006
91 0.00382790993899107
92 0.003873771522194147
93 0.004085581284016371
94 0.0037870018277317286
95 0.004032543394714594
96 0.004094403702765703
97 0.004279264248907566
98 0.003739480394870043
99 0.004038154613226652
100 0.0040344963781535625
101 0.004287813790142536
102 0.003746410831809044
103 0.004105845931917429
104 0.003868707688525319
105 0.004148463718593121
106 0.004205844830721617
107 0.004343326203525066
108 0.0041055683977901936
109 0.004076633136719465
110 0.004082770552486181
111 0.0035241188015788794
112 0.003807898610830307
113 0.0040975227020680904
114 0.004223064985126257
115 0.0037229035515338182
116 0.004056346602737904
117 0.0038916016928851604
118 0.0037622160743921995
119 0.003944622818380594
120 0.004113456234335899
121 0.003934541717171669
122 0.0043344078585505486
123 0.004023445304483175
124 0.004108597058802843
125 0.0037635662592947483
126 0.0042428551241755486
127 0.0038864316884428263
128 0.0036104784812778234
129 0.003574131755158305
130 0.0036124505568295717
131 0.0035858750343322754
132 0.0039061149582266808
133 0.0040423935279250145
134 0.0038012813311070204
135 0.003672645892947912
136 0.004432744812220335
137 0.0037405407056212425
138 0.0037908433005213737
139 0.003892201464623213
140 0.003731032367795706
141 0.0033314437605440617
142 0.003940579015761614
143 0.003977015148848295
144 0.0034912056289613247
145 0.003899593371897936
146 0.003977284301072359
147 0.0039048718754202127
148 0.00397432642057538
149 0.0040177456103265285
150 0.004002763889729977
151 0.003966786898672581
152 0.0037256928626447916
153 0.004077862482517958
154 0.0038224768359214067
155 0.003581482218578458
156 0.00376003491692245
157 0.0035601318813860416
158 0.0039114500395953655
159 0.0036630600225180387
160 0.0037026898935437202
161 0.003744707442820072
162 0.00425886083394289
163 0.003622777294367552
164 0.003732554614543915
165 0.003950003534555435
166 0.0039034350775182247
167 0.003941413480788469
168 0.0041447593830525875
169 0.0038852919824421406
170 0.003890792839229107
171 0.004051037598401308
172 0.0037665311247110367
173 0.003835278796032071
174 0.0038573152851313353
175 0.004164457321166992
176 0.0042622578330338
177 0.0038455261383205652
178 0.003596697701141238
179 0.003597918199375272
180 0.0037172932643443346
181 0.0039330143481493
182 0.004055744502693415
183 0.003890919266268611
184 0.0037433900870382786
185 0.004125664476305246
186 0.0036375310737639666
187 0.00365498592145741
188 0.003924916964024305
189 0.003950625658035278
190 0.003968150820583105
191 0.0038231101352721453
192 0.003930527716875076
193 0.0039371768943965435
194 0.004109705798327923
195 0.004264225717633963
196 0.004239378497004509
197 0.0037401255685836077
198 0.003790729446336627
199 0.003900745650753379
200 0.003747564973309636
201 0.003888706211000681
202 0.0037787756882607937
203 0.0038601697888225317
204 0.003639094065874815
205 0.003672674298286438
206 0.003815244184806943
207 0.004060667008161545
208 0.0037093767896294594
209 0.004009034484624863
210 0.0038317092694342136
211 0.0041311620734632015
212 0.003520888276398182
213 0.0036202401388436556
214 0.004200609400868416
215 0.004049820825457573
216 0.003917752765119076
217 0.003928768914192915
218 0.0038718439172953367
219 0.003711241064593196
220 0.00391086982563138
221 0.004052510019391775
222 0.003602482145652175
223 0.004072751384228468
224 0.003824857762083411
225 0.0037598758935928345
226 0.004012639168649912
227 0.003673350904136896
228 0.003932837396860123
229 0.004241793882101774
230 0.00398634560406208
231 0.004251621663570404
232 0.003943133167922497
233 0.003610079176723957
234 0.003983043599873781
235 0.0039230408146977425
236 0.004032742232084274
237 0.0038355044089257717
238 0.003753086319193244
239 0.0038936398923397064
240 0.004011802840977907
241 0.004007959272712469
242 0.0037960854824632406
243 0.003703074064105749
244 0.0038754555862396955
245 0.0037232551258057356
246 0.004169230815023184
247 0.004106519743800163
248 0.004062614403665066
249 0.003779061371460557
250 0.003930241800844669
251 0.0034133587032556534
252 0.003763605374842882
253 0.003778584999963641
254 0.004076548386365175
255 0.003873306093737483
