0 0.003929366357624531
1 0.0036082903388887644
2 0.0037328407634049654
3 0.003940895199775696
4 0.004200023133307695
5 0.0038977572694420815
6 0.00424782233312726
7 0.003973867744207382
8 0.004355972167104483
9 0.0033752908930182457
10 0.004040646366775036
11 0.004003999289125204
12 0.0035602599382400513
13 0.004083771258592606
14 0.0037139083724468946
15 0.00378948706202209
16 0.0038899409119039774
17 0.0039033987559378147
18 0.003666437231004238
19 0.003912315703928471
20 0.004107166547328234
21 0.004046114627271891
22 0.004068704321980476
23 0.0035862051881849766
24 0.004021046217530966
25 0.004194932524114847
26 0.004270358011126518
27 0.003820383222773671
28 0.00406075781211257
29 0.003970601595938206
30 0.004174585919827223
31 0.003995546605437994
32 0.0037108808755874634
33 0.003518888493999839
34 0.0034309555776417255
35 0.004164133686572313
36 0.003997358959168196
37 0.0037685104180127382
38 0.003893114160746336
39 0.004003389272838831
40 0.004012918099761009
41 0.0033492937218397856
42 0.004065131302922964
43 0.0036865612491965294
44 0.0037617261987179518
45 0.0038698178250342607
46 0.0039756642654538155
47 0.0042741019278764725
48 0.003892880631610751
49 0.003824857994914055
50 0.004109996370971203
51 0.0034609180875122547
52 0.004078434314578772
53 0.0038739354349672794
54 0.0037597178015857935
55 0.003970520105212927
56 0.004052253905683756
57 0.0037281825207173824
58 0.0038126499857753515
59 0.003773144446313381
60 0.0036854927893728018
61 0.003998106811195612
62 0.004251193255186081
63 0.003701631911098957
64 0.0037796732503920794
65 0.003721849760040641
66 0.0039895083755254745
67 0.0038937099743634462
68 0.003800996346399188
69 0.0038733661640435457
70 0.0040199547074735165
71 0.004030979238450527
72 0.003920434508472681
73 0.003976461011916399
74 0.003701735520735383
75 0.004417588002979755
76 0.003953034523874521
77 0.004114225041121244
78 0.003997060004621744
79 0.0038865869864821434
80 0.0036245218943804502
81 0.003955058753490448
82 0.004147786181420088
83 0.0036782037932425737
84 0.003986471798270941
85 0.003683652961626649
86 0.0038389142137020826
87 0.003894615452736616
88 0.003648438723757863
89 0.0036707138642668724
90 0.003962553571909666
91 0.003958473447710276
92 0.004163213539868593
93 0.004279606509953737
94 0.0037021480966359377
95 0.003973858430981636
96 0.004200946073979139
97 0.004203018266707659
98 0.003838085336610675
99 0.004237632732838392
100 0.003842744743451476
101 0.004280897788703442
102 0.003840555204078555
103 0.0042058564722537994
104 0.0038083849940449
105 0.004219440743327141
106 0.0037839210126549006
107 0.004486316815018654
108 0.004479468800127506
109 0.0038722220342606306
110 0.003897895570844412
111 0.003707269672304392
112 0.0038478178903460503
113 0.004127783700823784
114 0.00406051566824317
115 0.0037144594825804234
116 0.0037811705842614174
117 0.003976793959736824
118 0.0038280978333204985
119 0.004051998723298311
120 0.004012623801827431
121 0.004278623033314943
122 0.004253509920090437
123 0.003869454376399517
124 0.003995431121438742
125 0.004018411971628666
126 0.004427761305123568
127 0.003744724905118346
128 0.003672234481200576
129 0.0034813708625733852
130 0.0036044109147042036
131 0.003739792387932539
132 0.00400483887642622
133 0.00426164036616683
134 0.0037106694653630257
135 0.0035512454342097044
136 0.004536403343081474
137 0.004134915769100189
138 0.003671048441901803
139 0.003738963045179844
140 0.003511673305183649
141 0.003559088334441185
142 0.003914723172783852
143 0.0036993820685893297
144 0.0036016996018588543
145 0.0040151034481823444
146 0.003956340253353119
147 0.0038311879616230726
148 0.0038442332297563553
149 0.003976080566644669
150 0.003901945659890771
151 0.003915046341717243
152 0.0036625193897634745
153 0.003708990290760994
154 0.0037841203156858683
155 0.0036298546474426985
156 0.0036762217059731483
157 0.0037556036841124296
158 0.0036628753878176212
159 0.003704395145177841
160 0.0036567130591720343
161 0.0037672091275453568
162 0.004262344911694527
163 0.0035776880104094744
164 0.003956933971494436
165 0.00391613831743598
166 0.003927198704332113
167 0.0035562857519835234
168 0.004273667931556702
169 0.0037614896427839994
170 0.0038819522596895695
171 0.0038383181672543287
172 0.0038211436476558447
173 0.003914698958396912
174 0.00409255176782608
175 0.004011200275272131
176 0.004371090792119503
177 0.003929867874830961
178 0.0034964503720402718
179 0.003519637743011117
180 0.0041349297389388084
181 0.00420076260343194
182 0.003987206146121025
183 0.003718276508152485
184 0.003881423734128475
185 0.004164278507232666
186 0.0036723141092807055
187 0.003817762713879347
188 0.0039843060076236725
189 0.0038592589553445578
190 0.00423147389665246
191 0.003709237789735198
192 0.0036333217285573483
193 0.0037976198364049196
194 0.003932533320039511
195 0.004288676660507917
196 0.004562385845929384
197 0.0036179039161652327
198 0.004226053599268198
199 0.0038350909017026424
200 0.003732450772076845
201 0.00388110289350152
202 0.004043839871883392
203 0.0037856209091842175
204 0.003499220125377178
205 0.003810269059613347
206 0.0036775495391339064
207 0.003733625402674079
208 0.004130346234887838
209 0.004374590702354908
210 0.0037441218737512827
211 0.004061628133058548
212 0.003518400015309453
213 0.0037048449739813805
214 0.004183891229331493
215 0.003933559637516737
216 0.00404132017865777
217 0.004362155683338642
218 0.003788451896980405
219 0.003728295909240842
220 0.0038158041425049305
221 0.003917635418474674
222 0.0038922997191548347
223 0.00402494752779603
224 0.0037792499642819166
225 0.003785025095567107
226 0.004039393272250891
227 0.003746294416487217
228 0.004330281633883715
229 0.004270640667527914
230 0.003803284140303731
231 0.004042358603328466
232 0.003728797659277916
233 0.0035621337592601776
234 0.003708653850480914
235 0.0038798621390014887
236 0.003949705511331558
237 0.00379833672195673
238 0.0035972148180007935
239 0.003922052215784788
240 0.004056472331285477
241 0.004159305710345507
242 0.003941739443689585
243 0.0038907090201973915
244 0.004021143075078726
245 0.003841607365757227
246 0.004122655838727951
247 0.004178935196250677
248 0.003921313211321831
249 0.0038997710216790438
250 0.0037499198224395514
251 0.003646843135356903
252 0.004037563689053059
253 0.003650991478934884
254 0.0038355630822479725
255 0.0037719113752245903
