0 0.004065265879034996
1 0.003485990921035409
2 0.0036178501322865486
3 0.003935042303055525
4 0.004239868372678757
5 0.0036998637951910496
6 0.00416535371914506
7 0.0039929901249706745
8 0.004188240505754948
9 0.003568167332559824
10 0.0040151686407625675
11 0.0037747062742710114
12 0.0036183209158480167
13 0.003949431236833334
14 0.003825186751782894
15 0.003922358620911837
16 0.004160378593951464
17 0.0037179102655500174
18 0.0038248677738010883
19 0.004008211195468903
20 0.0041598849929869175
21 0.004108110908418894
22 0.003919441252946854
23 0.0037608707789331675
24 0.004021546337753534
25 0.003863254329189658
26 0.004097427241504192
27 0.004010576289147139
28 0.004001076798886061
29 0.003953688777983189
30 0.004130556248128414
31 0.003860873868688941
32 0.003621998941525817
33 0.0034716350492089987
34 0.0035757538862526417
35 0.004008319228887558
36 0.0041327159851789474
37 0.003777772653847933
38 0.003762887790799141
39 0.004298653919249773
40 0.004006626084446907
41 0.0035020322538912296
42 0.003914172295480967
43 0.00400587497279048
44 0.003750505857169628
45 0.0039632730185985565
46 0.004314898047596216
47 0.0042177001014351845
48 0.004165200516581535
49 0.0037571610882878304
50 0.004202594514936209
51 0.0034513354767113924
52 0.00404325732961297
53 0.003884978126734495
54 0.003759059589356184
55 0.004092099145054817
56 0.004100177437067032
57 0.003837417811155319
58 0.0036677704192698
59 0.0036930949427187443
60 0.0036134703550487757
61 0.0038259783759713173
62 0.004217923153191805
63 0.0037522208876907825
64 0.003956613130867481
65 0.0038099228404462337
66 0.004004388581961393
67 0.003913111984729767
68 0.003811625996604562
69 0.004199267365038395
70 0.004187761805951595
71 0.003787557128816843
72 0.0040329815819859505
73 0.003807351691648364
74 0.0037370205391198397
75 0.004190830048173666
76 0.004023257177323103
77 0.0038259318098425865
78 0.00399309815838933
79 0.0037924109492450953
80 0.0036378700751811266
81 0.0038742886390537024
82 0.0038829906843602657
83 0.003645598655566573
84 0.003944555297493935
85 0.004018762614578009
86 0.0038796148728579283
87 0.0037635972257703543
88 0.00364026241004467
89 0.003721772227436304
90 0.003984938375651836
91 0.004068345297127962
92 0.003990943543612957
93 0.004092111252248287
94 0.0038637223187834024
95 0.003955009393393993
96 0.003974170424044132
97 0.00427024532109499
98 0.003844233462586999
99 0.004277332220226526
100 0.0038412653375416994
101 0.004215240944176912
102 0.003699658904224634
103 0.004200825933367014
104 0.00364653579890728
105 0.004115454386919737
106 0.003943575080484152
107 0.004446284845471382
108 0.00435278145596385
109 0.0038287227507680655
110 0.003925755620002747
111 0.0038103361148387194
112 0.0037818707060068846
113 0.004036323633044958
114 0.004041031002998352
115 0.003902233438566327
116 0.004015298094600439
117 0.0040142713114619255
118 0.003495226614177227
119 0.003883902681991458
120 0.0038811040576547384
121 0.004102744162082672
122 0.004324550274759531
123 0.003776776371523738
124 0.003929865080863237
125 0.003934240899980068
126 0.004196280613541603
127 0.003697779029607773
128 0.003686985233798623
129 0.0035363142378628254
130 0.003560261568054557
131 0.003748121438547969
132 0.003881538985297084
133 0.004250948317348957
134 0.003969874233007431
135 0.0035577083472162485
136 0.004395916126668453
137 0.004007762297987938
138 0.003856121329590678
139 0.003969683311879635
140 0.003567463718354702
141 0.0035568331368267536
142 0.003962301649153233
143 0.0038334159180521965
144 0.0036789923906326294
145 0.0039907777681946754
146 0.003842022968456149
147 0.0038394455332309008
148 0.004108895547688007
149 0.004026484210044146
150 0.004061305895447731
151 0.004121019504964352
152 0.0036716083995997906
153 0.003618701593950391
154 0.003870323533192277
155 0.003632304724305868
156 0.003858545096591115
157 0.0035639426205307245
158 0.0038627656176686287
159 0.0037837945856153965
160 0.00380498799495399
161 0.0037480832543224096
162 0.0043949889950454235
163 0.0036216273438185453
164 0.0037936463486403227
165 0.0038717882707715034
166 0.004084880463778973
167 0.003961561713367701
168 0.004056468605995178
169 0.003978852182626724
170 0.0038064729887992144
171 0.003928904887288809
172 0.003627487225458026
173 0.003947113174945116
174 0.004125244915485382
175 0.004057380836457014
176 0.0041978126391768456
177 0.00376035925000906
178 0.0036643389612436295
179 0.003716198494657874
180 0.003931189887225628
181 0.004211890511214733
182 0.004032043740153313
183 0.003870480926707387
184 0.003882624441757798
185 0.004241510760039091
186 0.0033993886318057775
187 0.0038847618270665407
188 0.0038666126783937216
189 0.003709858050569892
190 0.004008349496871233
191 0.0037908258382230997
192 0.0037825542967766523
193 0.004006217699497938
194 0.004137132316827774
195 0.004354314412921667
196 0.004532582126557827
197 0.003585640573874116
198 0.00384979834780097
199 0.0038063321262598038
200 0.0038256128318607807
201 0.0038813697174191475
202 0.0038690597284585238
203 0.0037824243772774935
204 0.003809944959357381
205 0.0037597636692225933
206 0.0037670850288122892
207 0.004007609561085701
208 0.004005675204098225
209 0.004008854739367962
210 0.0038008433766663074
211 0.004176531918346882
212 0.003637230023741722
213 0.0037464534398168325
214 0.004007335752248764
215 0.0040734391659498215
216 0.0041542635299265385
217 0.004061772488057613
218 0.0038405077066272497
219 0.0036275882739573717
220 0.003956333734095097
221 0.0038731431122869253
222 0.0036574711557477713
223 0.004040015395730734
224 0.00372771336697042
225 0.0037912183906883
226 0.0040564159862697124
227 0.003773400327190757
228 0.004253116901963949
229 0.004324067384004593
230 0.0038728355430066586
231 0.004203197546303272
232 0.003835974493995309
233 0.0037230902817100286
234 0.003668739227578044
235 0.0038527112919837236
236 0.003873440669849515
237 0.0037628577556461096
238 0.0036360537633299828
239 0.004294088110327721
240 0.004022947512567043
241 0.004000525455921888
242 0.004013962112367153
243 0.00374986813403666
244 0.0038021993823349476
245 0.003717483952641487
246 0.003992723301053047
247 0.004161468707025051
248 0.0038472828455269337
249 0.0038371810223907232
250 0.0036553360987454653
251 0.003526042215526104
252 0.004031983204185963
253 0.0035767201334238052
254 0.003979095723479986
255 0.003666984848678112
