0 0.004013975150883198
1 0.0032595274969935417
2 0.0036939247511327267
3 0.0038354184944182634
4 0.004188525024801493
5 0.003935691900551319
6 0.0037336312234401703
7 0.003970609046518803
8 0.004180700518190861
9 0.0035683787427842617
10 0.0041496302001178265
11 0.00370779843069613
12 0.0036780848167836666
13 0.004042302258312702
14 0.0037991651333868504
15 0.0038655237294733524
16 0.0039984798058867455
17 0.003709349548444152
18 0.003930392675101757
19 0.00412052683532238
20 0.004366318695247173
21 0.004172139801084995
22 0.0037902616895735264
23 0.0038206661120057106
24 0.003791004652157426
25 0.004161703400313854
26 0.004007235169410706
27 0.004120566416531801
28 0.004255843814462423
29 0.0038506558630615473
30 0.004420350305736065
31 0.0036734151653945446
32 0.0036375157069414854
33 0.003640109207481146
34 0.0037089847028255463
35 0.0040207006968557835
36 0.004192165099084377
37 0.0036777909845113754
38 0.004044595640152693
39 0.004526430740952492
40 0.004145429469645023
41 0.003571055829524994
42 0.003726183669641614
43 0.0036310527939349413
44 0.004093632567673922
45 0.0041679819114506245
46 0.004093085881322622
47 0.004015363287180662
48 0.0039874897338449955
49 0.003905771067366004
50 0.004149109125137329
51 0.0036222476046532393
52 0.004026227165013552
53 0.0037160906940698624
54 0.00404079956933856
55 0.004078590776771307
56 0.004153965972363949
57 0.0035070711746811867
58 0.0035864769015461206
59 0.0038651900831609964
60 0.0038945204578340054
61 0.00392631720751524
62 0.004336096346378326
63 0.003561539575457573
64 0.0038938887882977724
65 0.0036739727947860956
66 0.003848267486318946
67 0.003940972965210676
68 0.003941505681723356
69 0.0040689199231565
70 0.004239304456859827
71 0.003930690232664347
72 0.0038158332463353872
73 0.003778378712013364
74 0.003898242022842169
75 0.004295560531318188
76 0.004227177705615759
77 0.003834555158391595
78 0.0038004403468221426
79 0.003669177647680044
80 0.0038302994798868895
81 0.004068358335644007
82 0.004039188381284475
83 0.0036012909840792418
84 0.004069651942700148
85 0.003940781112760305
86 0.0039910972118377686
87 0.003905798774212599
88 0.0037352347280830145
89 0.0038247571792453527
90 0.004079334903508425
91 0.003833016147837043
92 0.003952696919441223
93 0.004086845554411411
94 0.003589577041566372
95 0.003883566940203309
96 0.0039175720885396
97 0.004347856156527996
98 0.0037835093680769205
99 0.00403284328058362
100 0.00394744286313653
101 0.004243525676429272
102 0.003702480811625719
103 0.003959703724831343
104 0.003718174062669277
105 0.004257499240338802
106 0.0038527820724993944
107 0.004413214977830648
108 0.004295372869819403
109 0.0040248907171189785
110 0.003726319642737508
111 0.003943516872823238
112 0.0036379843950271606
113 0.004439113195985556
114 0.0040202392265200615
115 0.003879907075315714
116 0.003996466752141714
117 0.004105959553271532
118 0.0037511924747377634
119 0.00396000687032938
120 0.004004289396107197
121 0.004269151482731104
122 0.004675394855439663
123 0.0037636645138263702
124 0.004023842513561249
125 0.004056766629219055
126 0.004231370985507965
127 0.003896405454725027
128 0.0036369082517921925
129 0.003838993376120925
130 0.0035273164976388216
131 0.003477960592135787
132 0.004026463255286217
133 0.003969527781009674
134 0.00406285235658288
135 0.0034000894520431757
136 0.003970378544181585
137 0.003696875646710396
138 0.004181507509201765
139 0.003715299302712083
140 0.003628698643296957
141 0.0038037707563489676
142 0.0036670987028628588
143 0.003857579082250595
144 0.0036341582890599966
145 0.004158517345786095
146 0.003801299026235938
147 0.0038616820238530636
148 0.003949934151023626
149 0.0036983899772167206
150 0.0038776863366365433
151 0.004140730947256088
152 0.003391362726688385
153 0.0037786131724715233
154 0.003931056708097458
155 0.003568167332559824
156 0.003652754006907344
157 0.0036650807596743107
158 0.0038899006322026253
159 0.003786516608670354
160 0.003762618638575077
161 0.0037772799842059612
162 0.004147144965827465
163 0.00362622132524848
164 0.003870181506499648
165 0.003817908000200987
166 0.00418219855055213
167 0.003900549141690135
168 0.004328777082264423
169 0.004016058053821325
170 0.003840462537482381
171 0.003727188566699624
172 0.003714463673532009
173 0.0035941917449235916
174 0.0038064836990088224
175 0.003821444930508733
176 0.004197418689727783
177 0.0036010933108627796
178 0.0033681404311209917
179 0.003917287103831768
180 0.0037771156057715416
181 0.004224453121423721
182 0.003844593185931444
183 0.003805742599070072
184 0.0040460932068526745
185 0.00440779235213995
186 0.0035747522488236427
187 0.003798331366851926
188 0.003874021116644144
189 0.0036960754077881575
190 0.0038231771904975176
191 0.003543842351064086
192 0.003933659289032221
193 0.004314662888646126
194 0.004099124576896429
195 0.004490324761718512
196 0.003999491687864065
197 0.0037699658423662186
198 0.0040048095397651196
199 0.0038020482752472162
200 0.0036710230633616447
201 0.0037574898451566696
202 0.003911239560693502
203 0.0037183123640716076
204 0.003747228067368269
205 0.0036864483263343573
206 0.0035529809538275003
207 0.004073097370564938
208 0.004032394383102655
209 0.004033482167869806
210 0.0036611505784094334
211 0.004170408472418785
212 0.003616085508838296
213 0.003976076375693083
214 0.004107291344553232
215 0.003920263610780239
216 0.0039272308349609375
217 0.003965153358876705
218 0.003978418186306953
219 0.003919162787497044
220 0.003961873706430197
221 0.0040794056840240955
222 0.003596188500523567
223 0.004255806095898151
224 0.0039320411160588264
225 0.003909275401383638
226 0.003944353200495243
227 0.003871121210977435
228 0.004175056703388691
229 0.0042211152613162994
230 0.0036190138198435307
231 0.0042297192849218845
232 0.003875328926369548
233 0.003907609265297651
234 0.003534930292516947
235 0.0038268498610705137
236 0.0039101638831198215
237 0.0037231487222015858
238 0.0037297955714166164
239 0.003955458756536245
240 0.004022939130663872
241 0.004013590514659882
242 0.003867300460115075
243 0.003642856841906905
244 0.00397832877933979
245 0.003825646825134754
246 0.004368343390524387
247 0.004011205863207579
248 0.003773272270336747
249 0.00382953486405313
250 0.0038824419025331736
251 0.0036706789396703243
252 0.003827717388048768
253 0.0037202700041234493
254 0.003898150520399213
255 0.0036619091406464577
