0 0.0040665119886398315
1 0.0034980534110218287
2 0.0037555559538304806
3 0.0038249758072197437
4 0.004152890760451555
5 0.003821853781118989
6 0.004052895586937666
7 0.004050941206514835
8 0.004300274886190891
9 0.003278300864621997
10 0.003946131560951471
11 0.0040053026750683784
12 0.0035707885399460793
13 0.003795369528234005
14 0.004073695279657841
15 0.0038605539593845606
16 0.003797434037551284
17 0.0037606724072247744
18 0.003429169999435544
19 0.004009826574474573
20 0.004020428750663996
21 0.003946860786527395
22 0.004230648744851351
23 0.003809195477515459
24 0.004030545707792044
25 0.004014831501990557
26 0.003943395335227251
27 0.0036857491359114647
28 0.003978950437158346
29 0.003733028657734394
30 0.004248478915542364
31 0.003914675675332546
32 0.0035066911950707436
33 0.0038511622697114944
34 0.0035505269188433886
35 0.004080335609614849
36 0.003991955425590277
37 0.003642095485702157
38 0.0040884073823690414
39 0.004185912199318409
40 0.004088204819709063
41 0.003626057179644704
42 0.0038320624735206366
43 0.0036748512648046017
44 0.0037546306848526
45 0.003839012235403061
46 0.004237842280417681
47 0.004334052558988333
48 0.00394861027598381
49 0.003767054295167327
50 0.00421823700889945
51 0.003470132127404213
52 0.0040785809978842735
53 0.004040523432195187
54 0.0038148921448737383
55 0.0038680380675941706
56 0.004012718331068754
57 0.003894736524671316
58 0.00381797319278121
59 0.003992815501987934
60 0.003682399168610573
61 0.003863789839670062
62 0.00436173053458333
63 0.0038856626488268375
64 0.003720150562003255
65 0.003667519660666585
66 0.0037817482370883226
67 0.00394528778269887
68 0.0038630766794085503
69 0.004293713252991438
70 0.004055834840983152
71 0.0038727563805878162
72 0.0038914724718779325
73 0.003807003842666745
74 0.0037837419658899307
75 0.004381854087114334
76 0.0041337874718010426
77 0.003974942956119776
78 0.003781541483476758
79 0.0038506723940372467
80 0.0038387724198400974
81 0.004057994578033686
82 0.003757410915568471
83 0.003759570186957717
84 0.004064391832798719
85 0.0035912448074668646
86 0.0038147373124957085
87 0.003909662365913391
88 0.003554096445441246
89 0.003984453156590462
90 0.004031787160784006
91 0.0038162474520504475
92 0.0038037856575101614
93 0.0042194765992462635
94 0.0038805496878921986
95 0.004031169228255749
96 0.004191883374005556
97 0.004449378699064255
98 0.0037357171531766653
99 0.0042322245426476
100 0.003840875346213579
101 0.0041678776033222675
102 0.003569864435121417
103 0.004585842601954937
104 0.0036621899344027042
105 0.004280839115381241
106 0.0038521108217537403
107 0.004371972288936377
108 0.004195095971226692
109 0.003824522253125906
110 0.003937855828553438
111 0.003817232558503747
112 0.00370043539442122
113 0.004193415865302086
114 0.00397381279617548
115 0.00374658708460629
116 0.0039032006170600653
117 0.004126349464058876
118 0.0038806297816336155
119 0.004008105490356684
120 0.0040884255431592464
121 0.004031408112496138
122 0.004552817903459072
123 0.004096184391528368
124 0.0039850384928286076
125 0.003794926917180419
126 0.004526689648628235
127 0.003999557811766863
128 0.0035919074434787035
129 0.003772103227674961
130 0.0038029502611607313
131 0.003600368043407798
132 0.00371234817430377
133 0.004228963982313871
134 0.003782243002206087
135 0.0035285630729049444
136 0.004430312197655439
137 0.0038512148894369602
138 0.004051226656883955
139 0.003970491699874401
140 0.0036629035603255033
141 0.003730442840605974
142 0.0037580234929919243
143 0.0036155006382614374
144 0.003606160171329975
145 0.0038776835426688194
146 0.003986343275755644
147 0.003908262122422457
148 0.003845353377982974
149 0.0037976084277033806
150 0.0038532577455043793
151 0.004103278741240501
152 0.0036608166992664337
153 0.003779185703024268
154 0.003602738259360194
155 0.0035683652386069298
156 0.003958895802497864
157 0.0036729611456394196
158 0.004097053315490484
159 0.0036689816042780876
160 0.003749704221263528
161 0.003792697563767433
162 0.004227354656904936
163 0.0037154778838157654
164 0.004141280427575111
165 0.004119889345020056
166 0.00391662772744894
167 0.0037249913439154625
168 0.004147185478359461
169 0.0040687029249966145
170 0.0038086632266640663
171 0.0033544814214110374
172 0.0035779490135610104
173 0.003973941318690777
174 0.004011416342109442
175 0.0038851590361446142
176 0.00422183983027935
177 0.003638413967564702
178 0.00343547691591084
179 0.003927226644009352
180 0.0036623291671276093
181 0.004373849369585514
182 0.004049350507557392
183 0.00410130899399519
184 0.004278440959751606
185 0.004348031710833311
186 0.0038320901803672314
187 0.003736302489414811
188 0.004006692208349705
189 0.0036777202039957047
190 0.004011723678559065
191 0.0036247647367417812
192 0.003744737710803747
193 0.004065296147018671
194 0.0039457413367927074
195 0.0043959408067166805
196 0.004222538322210312
197 0.003577748779207468
198 0.003878449322655797
199 0.003803237108513713
200 0.0037870300002396107
201 0.00374835217371583
202 0.003910234663635492
203 0.0037821000441908836
204 0.00365558173507452
205 0.003872251370921731
206 0.003572043962776661
207 0.0037748077884316444
208 0.004058817867189646
209 0.004175383131951094
210 0.004043323453515768
211 0.004055757541209459
212 0.003539782017469406
213 0.0037874162662774324
214 0.004186692181974649
215 0.004449809435755014
216 0.0040429276414215565
217 0.004157498013228178
218 0.003528556553646922
219 0.0037728557363152504
220 0.0037915771827101707
221 0.0037423556204885244
222 0.0038173869252204895
223 0.00405436847358942
224 0.003760994877666235
225 0.004125596955418587
226 0.004007568117231131
227 0.0035949652083218098
228 0.004164953716099262
229 0.0041838097386062145
230 0.0037355658132582903
231 0.004190178122371435
232 0.003678668290376663
233 0.0039667123928666115
234 0.003687838325276971
235 0.003749905386939645
236 0.003953080158680677
237 0.003893062938004732
238 0.0036409988533705473
239 0.0037668992299586535
240 0.004125741310417652
241 0.0038945884443819523
242 0.003794450545683503
243 0.0036551286466419697
244 0.0036904108710587025
245 0.0039014173671603203
246 0.004059442784637213
247 0.004222377669066191
248 0.004050356801599264
249 0.0038315928541123867
250 0.003725496819242835
251 0.003527614986523986
252 0.003782684216275811
253 0.003880045609548688
254 0.00405249884352088
255 0.0036939282435923815
