0 0.003943786025047302
1 0.0034991081338375807
2 0.0038967665750533342
3 0.003831889946013689
4 0.004286797251552343
5 0.004054872784763575
6 0.0041699884459376335
7 0.003888639621436596
8 0.0041968366131186485
9 0.003864457830786705
10 0.003946518059819937
11 0.003871435299515724
12 0.0037163374945521355
13 0.0037803889717906713
14 0.0039750756695866585
15 0.00379577255807817
16 0.00403505889698863
17 0.003949875943362713
18 0.003874997841194272
19 0.0037577643524855375
20 0.0042412071488797665
21 0.004161674063652754
22 0.004155149217694998
23 0.0037031550891697407
24 0.003939523361623287
25 0.004024571739137173
26 0.0040712784975767136
27 0.0038590547628700733
28 0.004008585587143898
29 0.0036689131520688534
30 0.004101827275007963
31 0.003951300401240587
32 0.0037412496749311686
33 0.003520058700814843
34 0.003609924577176571
35 0.003907926380634308
36 0.00415979977697134
37 0.004020106978714466
38 0.003926326986402273
39 0.004192470572888851
40 0.004192603286355734
41 0.0033995788544416428
42 0.0039016306400299072
43 0.0038079454097896814
44 0.003752273740246892
45 0.003914668690413237
46 0.004311886616051197
47 0.004244497045874596
48 0.003929782193154097
49 0.0038206048775464296
50 0.004110611975193024
51 0.0036253277212381363
52 0.004180010873824358
53 0.0038436148315668106
54 0.0040254369378089905
55 0.00391089404001832
56 0.0038298501167446375
57 0.0038918242789804935
58 0.0038970985915511847
59 0.003601857228204608
60 0.003894361900165677
61 0.0039893705397844315
62 0.004154940601438284
63 0.0038992133922874928
64 0.003991240169852972
65 0.00378780928440392
66 0.003781589912250638
67 0.003842263715341687
68 0.0037703083362430334
69 0.00407023262232542
70 0.004096637014299631
71 0.004124618135392666
72 0.0038475182373076677
73 0.003879925236105919
74 0.0038760025054216385
75 0.004189010243862867
76 0.004041858948767185
77 0.00393970962613821
78 0.0039620548486709595
79 0.003693909849971533
80 0.0038169831968843937
81 0.003909256309270859
82 0.003873776411637664
83 0.0036059473641216755
84 0.004016045480966568
85 0.0037805046886205673
86 0.0037075805012136698
87 0.004028248135000467
88 0.0037312305066734552
89 0.003848252585157752
90 0.004038028884679079
91 0.003921539522707462
92 0.0040371776558458805
93 0.004176035989075899
94 0.0037845023907721043
95 0.003917129710316658
96 0.0038480525836348534
97 0.004258121829479933
98 0.0039392514154314995
99 0.004115320276468992
100 0.0038015677127987146
101 0.003974861931055784
102 0.0036618723534047604
103 0.004181580152362585
104 0.003698048647493124
105 0.004015600774437189
106 0.0038882156368345022
107 0.004283711314201355
108 0.004146616905927658
109 0.0037711653858423233
110 0.004076904617249966
111 0.004027783405035734
112 0.0038258363492786884
113 0.004164402838796377
114 0.003900304902344942
115 0.003575991839170456
116 0.003983527887612581
117 0.004007257055491209
118 0.00363084115087986
119 0.003855891525745392
120 0.004097685217857361
121 0.004204812925308943
122 0.004315520171076059
123 0.003915092907845974
124 0.003935366868972778
125 0.003673036117106676
126 0.004255176056176424
127 0.0038801508489996195
128 0.0037455568090081215
129 0.0037063679192215204
130 0.0040184431709349155
131 0.003674085019156337
132 0.0037202259991317987
133 0.004155833274126053
134 0.003828252200037241
135 0.0035432851873338223
136 0.00426202267408371
137 0.003953375853598118
138 0.003987840376794338
139 0.003819831181317568
140 0.0036523055750876665
141 0.003621123731136322
142 0.003830364905297756
143 0.003654695814475417
144 0.0034533313009887934
145 0.004070305731147528
146 0.0037040573079138994
147 0.003866874845698476
148 0.003999012988060713
149 0.0038073165342211723
150 0.004006619565188885
151 0.004244884476065636
152 0.0035278950817883015
153 0.0038531941827386618
154 0.003836969146504998
155 0.0037039814051240683
156 0.003857750678434968
157 0.0036937010008841753
158 0.004114370793104172
159 0.003834977513179183
160 0.003733231220394373
161 0.0039744083769619465
162 0.0042766397818923
163 0.003501281840726733
164 0.004062429536134005
165 0.0038353949785232544
166 0.0039203776977956295
167 0.003982943017035723
168 0.004183537792414427
169 0.004078164231032133
170 0.003971257247030735
171 0.003840238554403186
172 0.0035037549678236246
173 0.0037797766271978617
174 0.003987020812928677
175 0.003870890475809574
176 0.004256645683199167
177 0.003802922321483493
178 0.00361864035949111
179 0.003682998474687338
180 0.0037943972274661064
181 0.004290859214961529
182 0.0037830641958862543
183 0.004009915981441736
184 0.0040707942098379135
185 0.0041106087155640125
186 0.00358011806383729
187 0.003839951939880848
188 0.003988034091889858
189 0.0038089428562670946
190 0.003779416438192129
191 0.0036931897047907114
192 0.003818890079855919
193 0.003971187863498926
194 0.003966697491705418
195 0.004368889611214399
196 0.004328105598688126
197 0.0037615234032273293
198 0.0037070673424750566
199 0.003937012981623411
200 0.0037805531173944473
201 0.0037896097637712955
202 0.003825191408395767
203 0.0037729558534920216
204 0.0037450501695275307
205 0.0038608273025602102
206 0.003976959269493818
207 0.004075803328305483
208 0.003911305218935013
209 0.00394668523222208
210 0.0037016463465988636
211 0.004002745728939772
212 0.0034846432972699404
213 0.0038188376929610968
214 0.003958035726100206
215 0.0042325835675001144
216 0.004100379534065723
217 0.004101254977285862
218 0.003717222483828664
219 0.0034536358434706926
220 0.003931489773094654
221 0.003926459699869156
222 0.00370629969984293
223 0.004351428244262934
224 0.003748653456568718
225 0.004069587215781212
226 0.004053153097629547
227 0.0036363969556987286
228 0.0039584459736943245
229 0.00419713044539094
230 0.0037758750841021538
231 0.004050382412970066
232 0.003861562814563513
233 0.0037969702389091253
234 0.003909367602318525
235 0.0038659758865833282
236 0.004019050393253565
237 0.003986894618719816
238 0.0036950598005205393
239 0.0039505790919065475
240 0.004040747415274382
241 0.0037199584767222404
242 0.003793928073719144
243 0.003762423060834408
244 0.003738652914762497
245 0.0038949381560087204
246 0.004226635675877333
247 0.004192598629742861
248 0.004046624060720205
249 0.0038408490363508463
250 0.0036234594881534576
251 0.0035084921400994062
252 0.003806872759014368
253 0.0037869077641516924
254 0.0040740263648331165
255 0.003549261949956417
