0 0.0040616788901388645
1 0.0032011750154197216
2 0.003784364089369774
3 0.004221058450639248
4 0.004125772975385189
5 0.0037817417178303003
6 0.003999895881861448
7 0.004205214325338602
8 0.004151458386331797
9 0.0037282847333699465
10 0.004080844111740589
11 0.003978125285357237
12 0.0038562654517591
13 0.0037518134340643883
14 0.003927851095795631
15 0.0037934258580207825
16 0.0038309749215841293
17 0.0036226995289325714
18 0.003896474838256836
19 0.0038073656614869833
20 0.004057539161294699
21 0.0038920356892049313
22 0.004039311315864325
23 0.003970124293118715
24 0.0040475367568433285
25 0.004207107238471508
26 0.003971857950091362
27 0.003722692374140024
28 0.00403987430036068
29 0.0038768446538597345
30 0.004151378758251667
31 0.0035745976492762566
32 0.0038017111364752054
33 0.0036763790994882584
34 0.003955385182052851
35 0.004121031612157822
36 0.0040509807877242565
37 0.003967897966504097
38 0.004106387495994568
39 0.004427009727805853
40 0.0042071533389389515
41 0.003419199725612998
42 0.003981100395321846
43 0.0038505035918205976
44 0.0039221723563969135
45 0.0038912382442504168
46 0.004660659469664097
47 0.004355608951300383
48 0.003998743370175362
49 0.0036283184308558702
50 0.004209491424262524
51 0.003772034076973796
52 0.003842725418508053
53 0.0036788771394640207
54 0.0036283896770328283
55 0.004062855150550604
56 0.003847644664347172
57 0.003803493920713663
58 0.0038780951872467995
59 0.003790161106735468
60 0.0037525398656725883
61 0.004039275925606489
62 0.0041707889176905155
63 0.0037488769739866257
64 0.0038572470657527447
65 0.00355768040753901
66 0.003622185904532671
67 0.0037076459266245365
68 0.003940080292522907
69 0.004002610687166452
70 0.0041841850616037846
71 0.003568399930372834
72 0.003942303359508514
73 0.0038508912548422813
74 0.0038331106770783663
75 0.004338138271123171
76 0.004206425976008177
77 0.003603205317631364
78 0.003811090951785445
79 0.003874903777614236
80 0.0038565045688301325
81 0.004148032050579786
82 0.003790671704337001
83 0.003649494145065546
84 0.004085388965904713
85 0.0036031033378094435
86 0.003747712355107069
87 0.00395336514338851
88 0.003787476569414139
89 0.0037287280429154634
90 0.004076239187270403
91 0.0038776942528784275
92 0.003959036897867918
93 0.004295196384191513
94 0.00370846688747406
95 0.004042839631438255
96 0.003984200768172741
97 0.0040312837809324265
98 0.003981404472142458
99 0.0038975996430963278
100 0.0039945379830896854
101 0.00407282542437315
102 0.0037754729855805635
103 0.004163197707384825
104 0.0038013330195099115
105 0.004363222513347864
106 0.003922329284250736
107 0.004222351126372814
108 0.004106427077203989
109 0.003673490136861801
110 0.003733372548595071
111 0.004046968184411526
112 0.0036647836677730083
113 0.004407536704093218
114 0.004098778590559959
115 0.003667998593300581
116 0.0040221549570560455
117 0.003964992240071297
118 0.0034743838477879763
119 0.004005244001746178
120 0.004061887506395578
121 0.004179728217422962
122 0.004365642089396715
123 0.003826585365459323
124 0.00381183298304677
125 0.003722570836544037
126 0.00428328663110733
127 0.003986753523349762
128 0.0036654043942689896
129 0.0035412509460002184
130 0.003784674685448408
131 0.0037531345151364803
132 0.0038186712190508842
133 0.0044590444304049015
134 0.003585282014682889
135 0.00368592725135386
136 0.004172570072114468
137 0.0037527810782194138
138 0.004128561355173588
139 0.004316569771617651
140 0.0035396788734942675
141 0.0036997422575950623
142 0.0035752300173044205
143 0.0037798627745360136
144 0.00356152281165123
145 0.0041550323367118835
146 0.0037025741767138243
147 0.004080029670149088
148 0.003637164132669568
149 0.00383964367210865
150 0.003984425682574511
151 0.00443265400826931
152 0.0037193740718066692
153 0.004029484000056982
154 0.003915322944521904
155 0.003280731849372387
156 0.0036984370090067387
157 0.0035636171232908964
158 0.003937596920877695
159 0.0036811325699090958
160 0.003859299700707197
161 0.0038549790624529123
162 0.004184603225439787
163 0.0036117243580520153
164 0.0036977387499064207
165 0.003902559634298086
166 0.004007645882666111
167 0.0039436244405806065
168 0.0041291858069598675
169 0.004105839412659407
170 0.0035993687342852354
171 0.003966669552028179
172 0.0036770524457097054
173 0.003518763231113553
174 0.004248267039656639
175 0.0037335986271500587
176 0.0041755991987884045
177 0.0039642611518502235
178 0.0035531246103346348
179 0.003877085167914629
180 0.0037055970169603825
181 0.004069376736879349
182 0.004023443907499313
183 0.0038594927173107862
184 0.003882461693137884
185 0.004005150869488716
186 0.003579377895221114
187 0.0037919171154499054
188 0.00381923234090209
189 0.0036887689493596554
190 0.003932630177587271
191 0.0037405143957585096
192 0.0037907634396106005
193 0.003925032448023558
194 0.004045740235596895
195 0.0044051953591406345
196 0.004171149805188179
197 0.00374999619089067
198 0.00388506636954844
199 0.003754260716959834
200 0.00391183327883482
201 0.003826180240139365
202 0.004078173078596592
203 0.003651307662948966
204 0.0037632971070706844
205 0.003673301776871085
206 0.0036868492607027292
207 0.003955330234020948
208 0.00402932520955801
209 0.0037675639614462852
210 0.00392801221460104
211 0.00389518728479743
212 0.003599828574806452
213 0.003879980882629752
214 0.004041499923914671
215 0.004098375327885151
216 0.003974862862378359
217 0.003955921158194542
218 0.0040174247696995735
219 0.003888810984790325
220 0.003633116604760289
221 0.003921652678400278
222 0.0035987282171845436
223 0.004109006840735674
224 0.0038878368213772774
225 0.004256208892911673
226 0.004154229536652565
227 0.0036711259745061398
228 0.004141595214605331
229 0.0044442215003073215
230 0.0038607940077781677
231 0.004018388222903013
232 0.0040170117281377316
233 0.003934208769351244
234 0.003808119334280491
235 0.0038263797760009766
236 0.004059783183038235
237 0.003951383754611015
238 0.004122709855437279
239 0.004040286410599947
240 0.004109360743314028
241 0.003964280243963003
242 0.003904704935848713
243 0.0035322036128491163
244 0.003880429547280073
245 0.003903541946783662
246 0.004183248616755009
247 0.00423322943970561
248 0.0038364732172340155
249 0.003786710323765874
250 0.003521803766489029
251 0.003571421606466174
252 0.003964229952543974
253 0.0039727394469082355
254 0.003867260878905654
255 0.0036468941252678633
