0 0.003925726283341646
1 0.0035346709191799164
2 0.0039037142414599657
3 0.0038517434149980545
4 0.004176388029009104
5 0.003822580212727189
6 0.0037374787498265505
7 0.0040444922633469105
8 0.003991605713963509
9 0.0035465979017317295
10 0.004012893419712782
11 0.003836617339402437
12 0.0036308253183960915
13 0.0038457191549241543
14 0.003982206340879202
15 0.0036546122282743454
16 0.004017647355794907
17 0.003935421351343393
18 0.003928590100258589
19 0.0038362888153642416
20 0.004194006323814392
21 0.004148692823946476
22 0.003983902744948864
23 0.003891746513545513
24 0.00385354389436543
25 0.0039938692934811115
26 0.00383004336617887
27 0.0038975602947175503
28 0.004131603054702282
29 0.003817410906776786
30 0.0042837378568947315
31 0.003588771913200617
32 0.003663549665361643
33 0.00345259765163064
34 0.003610909916460514
35 0.004008927382528782
36 0.0040863980539143085
37 0.003815546864643693
38 0.0039459457620978355
39 0.004257175140082836
40 0.004088642541319132
41 0.0034683842677623034
42 0.003919629380106926
43 0.00373180047608912
44 0.0038598731625825167
45 0.004093991592526436
46 0.004357222467660904
47 0.004193778615444899
48 0.003754123579710722
49 0.003750099102035165
50 0.0041146110743284225
51 0.003620099276304245
52 0.004067516420036554
53 0.0038071111775934696
54 0.003895224304869771
55 0.004184560850262642
56 0.004111059010028839
57 0.003543510101735592
58 0.0037968922406435013
59 0.0039840503595769405
60 0.003834025003015995
61 0.003772592870518565
62 0.004158451687544584
63 0.00364231551066041
64 0.0038806532975286245
65 0.003838385920971632
66 0.003890083637088537
67 0.0036727776750922203
68 0.0038244326133280993
69 0.0041803400963544846
70 0.00416072690859437
71 0.0036355198826640844
72 0.003912745509296656
73 0.0038443426601588726
74 0.004050372634083033
75 0.004083095584064722
76 0.003958418965339661
77 0.003574332222342491
78 0.0038824130315333605
79 0.0036612662952393293
80 0.0038175068330019712
81 0.003900742856785655
82 0.0037373530212789774
83 0.003639430506154895
84 0.004296755418181419
85 0.0037109022960066795
86 0.0037583457306027412
87 0.003762704087421298
88 0.003747552866116166
89 0.0037349718622863293
90 0.00423804996535182
91 0.003928240388631821
92 0.0038920273073017597
93 0.004060481674969196
94 0.0036783048417419195
95 0.003835028735920787
96 0.003913281951099634
97 0.004091879352927208
98 0.003920563962310553
99 0.004046431742608547
100 0.003941081929951906
101 0.004124538507312536
102 0.003548447275534272
103 0.004011072218418121
104 0.003654156345874071
105 0.004035608842968941
106 0.0038291390519589186
107 0.004364675376564264
108 0.004120299126952887
109 0.0037973893340677023
110 0.004238536115735769
111 0.0036869230680167675
112 0.003799596568569541
113 0.0043508633971214294
114 0.0038997717201709747
115 0.003960993606597185
116 0.0038075672928243876
117 0.004167480394244194
118 0.00369908451102674
119 0.004064065869897604
120 0.004029002506285906
121 0.004099590703845024
122 0.004180964082479477
123 0.0035401037894189358
124 0.004160408861935139
125 0.004021467175334692
126 0.0041098203510046005
127 0.0038695726543664932
128 0.0034076909068971872
129 0.003771113697439432
130 0.003543324302881956
131 0.0038941979873925447
132 0.004072915762662888
133 0.004116438794881105
134 0.003982966300100088
135 0.0037420776207000017
136 0.004439271055161953
137 0.004014033358544111
138 0.0040668910369277
139 0.004001881927251816
140 0.0036666342057287693
141 0.003808452282100916
142 0.003968399483710527
143 0.0037464797496795654
144 0.0035436032339930534
145 0.004152441397309303
146 0.0037841543089598417
147 0.004029517527669668
148 0.003955325111746788
149 0.00398291228339076
150 0.004127903841435909
151 0.004255451261997223
152 0.0035726381465792656
153 0.003915178589522839
154 0.004076424986124039
155 0.0035803685896098614
156 0.003802288556471467
157 0.003497498808428645
158 0.0038407680112868547
159 0.003905864665284753
160 0.0036662444472312927
161 0.003723990870639682
162 0.004262750502675772
163 0.003510044189170003
164 0.003866574028506875
165 0.003887355560436845
166 0.004063136875629425
167 0.003971188794821501
168 0.004087551962584257
169 0.004183864686638117
170 0.0034795133396983147
171 0.003966289106756449
172 0.0037119360640645027
173 0.003732978133484721
174 0.0042314110323786736
175 0.0040069338865578175
176 0.004046812653541565
177 0.003687868360430002
178 0.003661189693957567
179 0.0037098433822393417
180 0.003911610692739487
181 0.004212616942822933
182 0.004224007483571768
183 0.0038287066854536533
184 0.003928229678422213
185 0.003993674647063017
186 0.0035773846320807934
187 0.0039014979265630245
188 0.0037911825347691774
189 0.00390488444827497
190 0.0039711399003863335
191 0.003799539292231202
192 0.003897882765159011
193 0.004004788585007191
194 0.004211304243654013
195 0.004329175688326359
196 0.004172652494162321
197 0.0040588765405118465
198 0.003979889210313559
199 0.004000444430857897
200 0.0037659804802387953
201 0.004178016446530819
202 0.00414692796766758
203 0.0036188887897878885
204 0.003947894554585218
205 0.003620278323069215
206 0.003618697402998805
207 0.003958388231694698
208 0.004164981655776501
209 0.004133456852287054
210 0.0038879062049090862
211 0.004393414594233036
212 0.0037423616740852594
213 0.003802267601713538
214 0.003915914334356785
215 0.003750756848603487
216 0.003995489329099655
217 0.004179135896265507
218 0.003814044175669551
219 0.003752295160666108
220 0.003833657130599022
221 0.004033405799418688
222 0.0036390982568264008
223 0.0043699489906430244
224 0.003827511565759778
225 0.003584560239687562
226 0.004005718510597944
227 0.003939544782042503
228 0.00417526438832283
229 0.004236984066665173
230 0.0038328426890075207
231 0.004062764346599579
232 0.0038458583876490593
233 0.003775927936658263
234 0.003681131172925234
235 0.0037358615081757307
236 0.004011109471321106
237 0.0037650642916560173
238 0.0036284609232097864
239 0.004060661420226097
240 0.004072205163538456
241 0.003925127908587456
242 0.004166696220636368
243 0.0036740589421242476
244 0.003938159439712763
245 0.0037244136910885572
246 0.00421883026137948
247 0.004059316590428352
248 0.00408437242731452
249 0.0037754017394036055
250 0.003729006974026561
251 0.0035323549527674913
252 0.003771180985495448
253 0.00369912083260715
254 0.0035811441484838724
255 0.003899999661371112
