0 0.0038582398556172848
1 0.003534209681674838
2 0.0038891055155545473
3 0.00381376757286489
4 0.004242980852723122
5 0.003921312279999256
6 0.00410877401009202
7 0.003928641323000193
8 0.003900456940755248
9 0.0033987578935921192
10 0.004049955401569605
11 0.0039927358739078045
12 0.003804020583629608
13 0.003919508773833513
14 0.0038910757284611464
15 0.003931977786123753
16 0.004204540513455868
17 0.0038643006701022387
18 0.003934316337108612
19 0.003833202412351966
20 0.004180422052741051
21 0.004167831968516111
22 0.0038419642951339483
23 0.003922577481716871
24 0.003927979152649641
25 0.004127336200326681
26 0.004043627064675093
27 0.004113917239010334
28 0.004214847460389137
29 0.003923752345144749
30 0.004211906343698502
31 0.003660590620711446
32 0.0037398184649646282
33 0.003626505145803094
34 0.0035581719130277634
35 0.004093829542398453
36 0.004100248217582703
37 0.003811688395217061
38 0.003985470626503229
39 0.00418386235833168
40 0.004116441588848829
41 0.003474969882518053
42 0.003843900980427861
43 0.003827144857496023
44 0.0039900788106024265
45 0.0037882106844335794
46 0.0042686183005571365
47 0.004153791349381208
48 0.00398548599332571
49 0.0037205438129603863
50 0.004027532413601875
51 0.0036090852227061987
52 0.00406553503125906
53 0.0036884029395878315
54 0.0037579131312668324
55 0.004075527656823397
56 0.003979001194238663
57 0.00374240824021399
58 0.003728818614035845
59 0.0036818906664848328
60 0.0038277541752904654
61 0.003923742566257715
62 0.004008362535387278
63 0.0036972113884985447
64 0.004237977322191
65 0.003939863294363022
66 0.003899270435795188
67 0.003861877368763089
68 0.003849244909361005
69 0.004236921202391386
70 0.004164875950664282
71 0.0040830206125974655
72 0.004050309769809246
73 0.0038364524953067303
74 0.0038740180898457766
75 0.0041039567440748215
76 0.0040630074217915535
77 0.0038426716346293688
78 0.004022978246212006
79 0.00373616605065763
80 0.003776004770770669
81 0.004074825905263424
82 0.003793196054175496
83 0.0036710305139422417
84 0.004163823556154966
85 0.0037752375937998295
86 0.0038581257686018944
87 0.003956692758947611
88 0.0036162675824016333
89 0.0035599414259195328
90 0.004097709897905588
91 0.0038440246134996414
92 0.0040382095612585545
93 0.004098984412848949
94 0.0037850807420909405
95 0.003976842854171991
96 0.003864654805511236
97 0.004104919731616974
98 0.004034115467220545
99 0.004018023144453764
100 0.003996371757239103
101 0.004208617843687534
102 0.003887144150212407
103 0.00405249884352088
104 0.0038115999195724726
105 0.004172444809228182
106 0.003928571008145809
107 0.00421546958386898
108 0.004258160945028067
109 0.003794860327616334
110 0.004088756162673235
111 0.0038470018189400434
112 0.0038833238650113344
113 0.004204017575830221
114 0.004015315789729357
115 0.003852800466120243
116 0.0038706588093191385
117 0.00403950922191143
118 0.003771626390516758
119 0.003925979137420654
120 0.0038098362274467945
121 0.004060127306729555
122 0.004339658189564943
123 0.0037304761353880167
124 0.004127472639083862
125 0.00387453637085855
126 0.004113626666367054
127 0.0038848016411066055
128 0.0035930501762777567
129 0.0036697667092084885
130 0.003680701367557049
131 0.003663640236482024
132 0.0039011219050735235
133 0.004062306135892868
134 0.00387839344330132
135 0.003576294519007206
136 0.004259810317307711
137 0.00387719483114779
138 0.0039895144291222095
139 0.003934372216463089
140 0.0038543930277228355
141 0.003601099131628871
142 0.0038753857370465994
143 0.0037699267268180847
144 0.003514638403430581
145 0.0041953218169510365
146 0.003696577390655875
147 0.0040343888103961945
148 0.003883286379277706
149 0.003812433686107397
150 0.0040395245887339115
151 0.004076210781931877
152 0.0034964329097419977
153 0.0038866305258125067
154 0.00403145095333457
155 0.003548413747921586
156 0.0037221405655145645
157 0.0036106957122683525
158 0.003848935244604945
159 0.003772231051698327
160 0.00371624156832695
161 0.0038421680219471455
162 0.0042236545123159885
163 0.003613492473959923
164 0.0037547319661825895
165 0.0038331656251102686
166 0.003987462259829044
167 0.003961491864174604
168 0.004250578582286835
169 0.004020762164145708
170 0.003617771901190281
171 0.003821977414190769
172 0.0036582450848072767
173 0.003600322874262929
174 0.0038825112860649824
175 0.004035907797515392
176 0.004258910194039345
177 0.003934540785849094
178 0.003608421189710498
179 0.0037240379024297
180 0.003881209995597601
181 0.004176013171672821
182 0.003832760266959667
183 0.0038643230218440294
184 0.0038921083323657513
185 0.0040055206045508385
186 0.003448160132393241
187 0.0038204514421522617
188 0.0037746375892311335
189 0.00392975565046072
190 0.004081455059349537
191 0.0037353720981627703
192 0.00383199704810977
193 0.003906372934579849
194 0.004111762624233961
195 0.004079434089362621
196 0.0043389275670051575
197 0.003728346899151802
198 0.0037627979181706905
199 0.0038014911115169525
200 0.003746180795133114
201 0.0037544909864664078
202 0.004045658744871616
203 0.0037295108195394278
204 0.0038558708038181067
205 0.0036793553736060858
206 0.003912338521331549
207 0.003981871996074915
208 0.0041805654764175415
209 0.003916785586625338
210 0.003680296242237091
211 0.004078888799995184
212 0.0036900287959724665
213 0.0039717224426567554
214 0.004103860352188349
215 0.0039771259762346745
216 0.004122250247746706
217 0.00397074269130826
218 0.0038508912548422813
219 0.0036966984625905752
220 0.004186300095170736
221 0.0040995879098773
222 0.0036924586165696383
223 0.004112174268811941
224 0.003930496517568827
225 0.003738194238394499
226 0.004028592724353075
227 0.00392028596252203
228 0.004096057265996933
229 0.0041227578185498714
230 0.003805384039878845
231 0.004297429230064154
232 0.0036323233507573605
233 0.003647992154583335
234 0.0037435381673276424
235 0.0037267066072672606
236 0.0039827474392950535
237 0.003661957336589694
238 0.0037554744631052017
239 0.0040283119305968285
240 0.003949685022234917
241 0.004011404700577259
242 0.003978409338742495
243 0.003887855214998126
244 0.003800866426900029
245 0.0038550803437829018
246 0.004038791637867689
247 0.004054560791701078
248 0.003951748833060265
249 0.004159955307841301
250 0.0036246920935809612
251 0.0036498464178293943
252 0.003896149806678295
253 0.003624421777203679
254 0.0037772180512547493
255 0.0037636319175362587
