0 0.0038095416966825724
1 0.003523374442011118
2 0.003756831167265773
3 0.0038722227327525616
4 0.004112868569791317
5 0.003991034813225269
6 0.00417806813493371
7 0.004038951359689236
8 0.00423075444996357
9 0.003505932167172432
10 0.004149030428379774
11 0.003920457325875759
12 0.0037830520886927843
13 0.0040254429914057255
14 0.003962831571698189
15 0.0038989116437733173
16 0.004081286955624819
17 0.003855671500787139
18 0.0037397092673927546
19 0.003813051385805011
20 0.004055376630276442
21 0.004404046107083559
22 0.003975485917180777
23 0.003658236702904105
24 0.0038393193390220404
25 0.004208609461784363
26 0.004037877079099417
27 0.003958711866289377
28 0.0041779582388699055
29 0.003806781256571412
30 0.004145795479416847
31 0.0038023865781724453
32 0.0036036178935319185
33 0.0038940173108130693
34 0.00372894573956728
35 0.004014494828879833
36 0.004084744490683079
37 0.0038558929227292538
38 0.003890388645231724
39 0.00418155686929822
40 0.00413139583542943
41 0.0032314585987478495
42 0.0037481803447008133
43 0.0036192366387695074
44 0.003986855037510395
45 0.003952637780457735
46 0.004211317747831345
47 0.004197889007627964
48 0.004056240431964397
49 0.0038242812734097242
50 0.0041807000525295734
51 0.00355277257040143
52 0.004119739402085543
53 0.0037869794759899378
54 0.004030381329357624
55 0.003922050818800926
56 0.004074752796441317
57 0.003714492078870535
58 0.0038030624855309725
59 0.0037301783449947834
60 0.0038119235541671515
61 0.004180947318673134
62 0.00430939020588994
63 0.003820915473625064
64 0.003940371796488762
65 0.003780081169679761
66 0.003745346562936902
67 0.003985245246440172
68 0.003856872208416462
69 0.0038973563350737095
70 0.004136016126722097
71 0.004081460181623697
72 0.003876514732837677
73 0.0038063398096710443
74 0.003924910444766283
75 0.004290747921913862
76 0.00399140827357769
77 0.003899538656696677
78 0.004040890838950872
79 0.003661409253254533
80 0.0038630126509815454
81 0.004010698292404413
82 0.003915577661246061
83 0.0037262458354234695
84 0.004096911288797855
85 0.003650955855846405
86 0.0038279627915471792
87 0.004037930630147457
88 0.0035825916565954685
89 0.003789708251133561
90 0.004107336979359388
91 0.0038251082878559828
92 0.003858458949252963
93 0.0044299825094640255
94 0.003701025154441595
95 0.0038657968398183584
96 0.004031125921756029
97 0.004116502590477467
98 0.003710618009790778
99 0.003911982290446758
100 0.0038614352233707905
101 0.004052870441228151
102 0.003796413540840149
103 0.0042638578452169895
104 0.003674267791211605
105 0.004139602649956942
106 0.0038740551099181175
107 0.004217682871967554
108 0.00425262376666069
109 0.003683628048747778
110 0.003923436161130667
111 0.0038430325221270323
112 0.00377379241399467
113 0.004377675708383322
114 0.003960518166422844
115 0.0037695004139095545
116 0.0038853343576192856
117 0.0038633765652775764
118 0.0038089982699602842
119 0.004041648004204035
120 0.0037701476830989122
121 0.0042569939978420734
122 0.00453309528529644
123 0.0038971342146396637
124 0.004116663709282875
125 0.0037701681721955538
126 0.004313710145652294
127 0.0036203619092702866
128 0.0035376802552491426
129 0.003677941393107176
130 0.00369614502415061
131 0.0035871509462594986
132 0.0038408804684877396
133 0.004045738838613033
134 0.0038474686443805695
135 0.00351467146538198
136 0.0044174171052873135
137 0.003854841459542513
138 0.003983158618211746
139 0.003818332450464368
140 0.0037439968436956406
141 0.003535210620611906
142 0.0038052438758313656
143 0.0038184768054634333
144 0.003435651073232293
145 0.004220148082822561
146 0.003936096094548702
147 0.003922719974070787
148 0.003790750401094556
149 0.003652270184829831
150 0.0037944514770060778
151 0.004142513498663902
152 0.003530542366206646
153 0.00407964875921607
154 0.003721090266481042
155 0.0036072456277906895
156 0.003948943689465523
157 0.0038929833099246025
158 0.004114448092877865
159 0.00375736178830266
160 0.003581251483410597
161 0.0037905508652329445
162 0.003923747222870588
163 0.00353629095479846
164 0.0038559245876967907
165 0.0037008323706686497
166 0.003940619062632322
167 0.0037500648759305477
168 0.00439600320532918
169 0.004121934995055199
170 0.004017646890133619
171 0.003638677066192031
172 0.0036852462217211723
173 0.003793790703639388
174 0.0038943930994719267
175 0.003999887499958277
176 0.004325547255575657
177 0.0038406988605856895
178 0.0034153435844928026
179 0.003721444634720683
180 0.003754809033125639
181 0.004205008968710899
182 0.003881346434354782
183 0.004141053184866905
184 0.004007491283118725
185 0.004262018483132124
186 0.0036804708652198315
187 0.0036915778182446957
188 0.0040480000898242
189 0.0037816085387021303
190 0.0038372441194951534
191 0.0036900625564157963
192 0.0038879020139575005
193 0.0040012323297560215
194 0.0041946000419557095
195 0.004242654424160719
196 0.004084479063749313
197 0.0038331663236021996
198 0.003743985900655389
199 0.0038279909640550613
200 0.0037330761551856995
201 0.0038658510893583298
202 0.0038441151846200228
203 0.003704831702634692
204 0.003860121825709939
205 0.003769738832488656
206 0.003966263495385647
207 0.004308644216507673
208 0.0038888133130967617
209 0.0039691380225121975
210 0.0036059259437024593
211 0.0040629212744534016
212 0.0034510050900280476
213 0.003720278386026621
214 0.004175766371190548
215 0.004146201070398092
216 0.003865116508677602
217 0.004131108056753874
218 0.0038237099070101976
219 0.0036465756129473448
220 0.0038878258783370256
221 0.003916838206350803
222 0.0036379534285515547
223 0.004229441750794649
224 0.0039897458627820015
225 0.004108905792236328
226 0.0038577388040721416
227 0.0038712339010089636
228 0.0040155746974051
229 0.004180923569947481
230 0.0037601878866553307
231 0.00413005193695426
232 0.003682690439745784
233 0.0036681639030575752
234 0.0039770049042999744
235 0.003800641279667616
236 0.00399179570376873
237 0.00387564511038363
238 0.003738736966624856
239 0.0038693572860211134
240 0.003943015821278095
241 0.00390062527731061
242 0.0039127967320382595
243 0.0038114148192107677
244 0.0038188400212675333
245 0.003702177433297038
246 0.004302907269448042
247 0.004034203942865133
248 0.004326925612986088
249 0.003745550289750099
250 0.003842535661533475
251 0.003689272329211235
252 0.003955821972340345
253 0.0037796550896018744
254 0.0040406398475170135
255 0.003579020267352462
