0 0.00406081136316061
1 0.0033071492798626423
2 0.003911812324076891
3 0.004000999499112368
4 0.004288207273930311
5 0.003940334543585777
6 0.003983486443758011
7 0.004080324433743954
8 0.004388188011944294
9 0.003867018735036254
10 0.004216882865875959
11 0.0038035535253584385
12 0.003378798719495535
13 0.0039755068719387054
14 0.003867179388180375
15 0.004051821306347847
16 0.004048111382871866
17 0.004001351073384285
18 0.0036669010296463966
19 0.003981742542237043
20 0.0040295422077178955
21 0.00406419625505805
22 0.003874989924952388
23 0.0038135629147291183
24 0.003958918619900942
25 0.004037076141685247
26 0.004023741465061903
27 0.0038902112282812595
28 0.004113611299544573
29 0.004003953188657761
30 0.004232629667967558
31 0.003791991388425231
32 0.003668233985081315
33 0.0036886162124574184
34 0.0036576008424162865
35 0.003747123759239912
36 0.004197059199213982
37 0.003986402880400419
38 0.004034481476992369
39 0.0041518304497003555
40 0.00430247001349926
41 0.0034187491983175278
42 0.003939437214285135
43 0.0038816577289253473
44 0.0038252174854278564
45 0.004155008587986231
46 0.0038685426115989685
47 0.00430610217154026
48 0.004053374286741018
49 0.004007840994745493
50 0.004066061694175005
51 0.003482756670564413
52 0.004064482171088457
53 0.003959981724619865
54 0.0036089811474084854
55 0.0037785323802381754
56 0.003983628936111927
57 0.003865061094984412
58 0.0037537110038101673
59 0.0037573345471173525
60 0.003953905310481787
61 0.004171755164861679
62 0.004229752346873283
63 0.0038727051578462124
64 0.00407610647380352
65 0.003764114575460553
66 0.0039028709288686514
67 0.0038016370963305235
68 0.003884880803525448
69 0.004051943775266409
70 0.004341989289969206
71 0.0038309444207698107
72 0.003964242059737444
73 0.00397889968007803
74 0.0038970790337771177
75 0.00446727778762579
76 0.004218983463943005
77 0.003755470970645547
78 0.003989763557910919
79 0.003709703916683793
80 0.0035981149412691593
81 0.0039087506011128426
82 0.003980244509875774
83 0.0035384856164455414
84 0.0038066934794187546
85 0.003908433020114899
86 0.0038235525134950876
87 0.0038558857049793005
88 0.0035000815987586975
89 0.003987272270023823
90 0.00403640465810895
91 0.003853048663586378
92 0.003948198165744543
93 0.004088456742465496
94 0.0036505088210105896
95 0.003570305183529854
96 0.003917382098734379
97 0.0042510852217674255
98 0.003757673082873225
99 0.004262755624949932
100 0.003722046734765172
101 0.004100678022950888
102 0.003625811543315649
103 0.0040427930653095245
104 0.0035035498440265656
105 0.00410988787189126
106 0.003920523449778557
107 0.004237169399857521
108 0.004276286344975233
109 0.003925854805856943
110 0.00427393289282918
111 0.003919266629964113
112 0.0037429051008075476
113 0.004444724414497614
114 0.004307873547077179
115 0.0035877812188118696
116 0.0038794882129877806
117 0.003869204316288233
118 0.003636905224993825
119 0.0037294744979590178
120 0.00410419749096036
121 0.004282707814127207
122 0.004423442762345076
123 0.003940408583730459
124 0.003980313427746296
125 0.0037547119427472353
126 0.003979187458753586
127 0.0036536091938614845
128 0.003687214804813266
129 0.0036155337002128363
130 0.0036708724219352007
131 0.0034925660584121943
132 0.0038730516098439693
133 0.004334178287535906
134 0.003735167672857642
135 0.003617417300119996
136 0.004217040725052357
137 0.0038702914025634527
138 0.004042916465550661
139 0.00386483664624393
140 0.0036786794662475586
141 0.0033462317660450935
142 0.0038679728750139475
143 0.003611999098211527
144 0.003392917802557349
145 0.004015855956822634
146 0.003694646991789341
147 0.0037983234506100416
148 0.0037762196734547615
149 0.0036462873686105013
150 0.004066944122314453
151 0.004114548675715923
152 0.0037511063273996115
153 0.0038746590726077557
154 0.003978205379098654
155 0.003676875028759241
156 0.00391467846930027
157 0.003747900016605854
158 0.004285319708287716
159 0.0038020561914891005
160 0.003784543601796031
161 0.004070910159498453
162 0.004249660763889551
163 0.003655894659459591
164 0.0039534298703074455
165 0.003796964418143034
166 0.0038513271138072014
167 0.004066532012075186
168 0.004078564699739218
169 0.004033311735838652
170 0.004097677301615477
171 0.00391709990799427
172 0.0035768148954957724
173 0.003635712433606386
174 0.0039807469584047794
175 0.0038188223261386156
176 0.004246154334396124
177 0.003705588635057211
178 0.003649820340797305
179 0.0036703115329146385
180 0.0038838053587824106
181 0.004140729084610939
182 0.00394810363650322
183 0.004097362048923969
184 0.004250630270689726
185 0.004170587752014399
186 0.00347153446637094
187 0.0037112245336174965
188 0.0041654761880636215
189 0.003841184312477708
190 0.0037024456541985273
191 0.003807272994890809
192 0.0038108648732304573
193 0.003954279702156782
194 0.004326272755861282
195 0.004222567193210125
196 0.004298637621104717
197 0.0038655151147395372
198 0.0038843180518597364
199 0.004165144171565771
200 0.003595734713599086
201 0.0037635245826095343
202 0.003855253104120493
203 0.0038114830385893583
204 0.0038013425655663013
205 0.00368094420991838
206 0.003824360202997923
207 0.004152821842581034
208 0.0040907361544668674
209 0.003940866328775883
210 0.003924721851944923
211 0.004021457862108946
212 0.0036302199587225914
213 0.0037605699617415667
214 0.004186629317700863
215 0.003899011528119445
216 0.004022408742457628
217 0.003904713550582528
218 0.0037922875490039587
219 0.003890453837811947
220 0.0038571013137698174
221 0.00396431190893054
222 0.003713824087753892
223 0.003984845243394375
224 0.003636829787865281
225 0.003991382196545601
226 0.004115906544029713
227 0.0037299562245607376
228 0.00395106989890337
229 0.0042035384103655815
230 0.00391417695209384
231 0.003956648521125317
232 0.0038183731958270073
233 0.003995775245130062
234 0.00378086743876338
235 0.0036401371471583843
236 0.003973090089857578
237 0.0038942452520132065
238 0.003618762595579028
239 0.004122009035199881
240 0.0037796550896018744
241 0.0039221798069775105
242 0.0036253700964152813
243 0.0036928169429302216
244 0.003884824924170971
245 0.003821020247414708
246 0.004121366422623396
247 0.004115784540772438
248 0.00399046903476119
249 0.0035320506431162357
250 0.003653409192338586
251 0.0033825819846242666
252 0.003869210137054324
253 0.0038281038869172335
254 0.003966940566897392
255 0.003834501840174198
