0 0.003817013232037425
1 0.003498541656881571
2 0.0039657107554376125
3 0.004031041637063026
4 0.004189601633697748
5 0.003964085131883621
6 0.004254675004631281
7 0.0038799261674284935
8 0.004208934959024191
9 0.0035336490254849195
10 0.004044325556606054
11 0.003947605844587088
12 0.0036886052694171667
13 0.0038097354117780924
14 0.003789932932704687
15 0.0038794251158833504
16 0.003927901387214661
17 0.004002935253083706
18 0.003626330057159066
19 0.00393704092130065
20 0.004150273744016886
21 0.004072182346135378
22 0.003865084145218134
23 0.003605141304433346
24 0.003945667762309313
25 0.004085485357791185
26 0.00410874979570508
27 0.0038625230081379414
28 0.004050851799547672
29 0.003922800067812204
30 0.004082989413291216
31 0.004055690951645374
32 0.003706082236021757
33 0.0035430912394076586
34 0.0035587844904512167
35 0.004098494071513414
36 0.004223110154271126
37 0.003778008744120598
38 0.004020913038402796
39 0.004243755247443914
40 0.004131703171879053
41 0.0034143798984587193
42 0.0038098199293017387
43 0.003787799272686243
44 0.0037863487377762794
45 0.004027136135846376
46 0.004126597195863724
47 0.004181987140327692
48 0.004049531649798155
49 0.004105372354388237
50 0.004025158006697893
51 0.003448614850640297
52 0.004143794998526573
53 0.0037163286469876766
54 0.003975303843617439
55 0.0038406162057071924
56 0.004133460111916065
57 0.003800059901550412
58 0.003926594741642475
59 0.0038077847566455603
60 0.0037037720903754234
61 0.004150909371674061
62 0.004135219380259514
63 0.0038530712481588125
64 0.0037308521568775177
65 0.0038457587361335754
66 0.0039018394891172647
67 0.0039521376602351665
68 0.003909906838089228
69 0.003998704720288515
70 0.0041465456597507
71 0.004137302283197641
72 0.0041977823711931705
73 0.003750016912817955
74 0.0038720539305359125
75 0.004260140936821699
76 0.003976932726800442
77 0.003959753084927797
78 0.003963766153901815
79 0.0037436215206980705
80 0.003737375373020768
81 0.003986583091318607
82 0.003979753702878952
83 0.003606460988521576
84 0.0042099663987755775
85 0.0036875943187624216
86 0.00399160198867321
87 0.0038668636698275805
88 0.0035324539057910442
89 0.003713367972522974
90 0.003986557014286518
91 0.003787786001339555
92 0.003977608866989613
93 0.004246882162988186
94 0.003671057755127549
95 0.003865910926833749
96 0.003995149862021208
97 0.004078293219208717
98 0.003815170843154192
99 0.004121351521462202
100 0.0038067849818617105
101 0.004240851383656263
102 0.003622440854087472
103 0.004305001813918352
104 0.003778597339987755
105 0.004154968541115522
106 0.00377882132306695
107 0.004406578838825226
108 0.004106197506189346
109 0.004034537822008133
110 0.004095177166163921
111 0.0037300116382539272
112 0.0037584558594971895
113 0.004110004287213087
114 0.004078379832208157
115 0.003546457039192319
116 0.0039880890399217606
117 0.003992334473878145
118 0.0038109738379716873
119 0.003892060834914446
120 0.004090238828212023
121 0.004152737557888031
122 0.004376515280455351
123 0.0038923239335417747
124 0.00409720791503787
125 0.0037401102017611265
126 0.004175499547272921
127 0.003924968186765909
128 0.0037730587646365166
129 0.0036349811125546694
130 0.003576047485694289
131 0.00356269720941782
132 0.0039117285050451756
133 0.0041304887272417545
134 0.0039052660576999187
135 0.0035379191394895315
136 0.0044060335494577885
137 0.0038991777691990137
138 0.0038630885537713766
139 0.0037272146437317133
140 0.0037213654723018408
141 0.0034925525542348623
142 0.0037720603868365288
143 0.003754227189347148
144 0.003529987996444106
145 0.004044858738780022
146 0.0039693997241556644
147 0.0038308314979076385
148 0.003964731004089117
149 0.003849744563922286
150 0.0038685102481395006
151 0.004045372363179922
152 0.003790514077991247
153 0.003792156931012869
154 0.003941432107239962
155 0.0036916702520102262
156 0.003792045870795846
157 0.0037006500642746687
158 0.004012505989521742
159 0.0037236912176012993
160 0.003770810551941395
161 0.003854457288980484
162 0.004200148396193981
163 0.003638037946075201
164 0.003935937769711018
165 0.0038815282750874758
166 0.003992007579654455
167 0.0038398634642362595
168 0.004119316581636667
169 0.003987473901361227
170 0.0038993668276816607
171 0.0038432914298027754
172 0.0037317369133234024
173 0.003819777863100171
174 0.0037089569959789515
175 0.004152307752519846
176 0.004197412636131048
177 0.00375541509129107
178 0.0035380301997065544
179 0.0037113854195922613
180 0.003918900620192289
181 0.004109867848455906
182 0.003952347207814455
183 0.003950802143663168
184 0.004027340095490217
185 0.004265491850674152
186 0.003740163054317236
187 0.0036516219843178988
188 0.0039397068321704865
189 0.003964674659073353
190 0.003987956792116165
191 0.003786844899877906
192 0.0037185170222073793
193 0.004024773370474577
194 0.004105010535567999
195 0.004280728753656149
196 0.004341337364166975
197 0.0037640563677996397
198 0.0038907055277377367
199 0.003829549765214324
200 0.0036502177827060223
201 0.0037959194742143154
202 0.003874165704473853
203 0.003717701183632016
204 0.0036111820954829454
205 0.0036238674074411392
206 0.0037626675330102444
207 0.003971409983932972
208 0.003904624143615365
209 0.003887671511620283
210 0.0037451246753335
211 0.004099782090634108
212 0.0034634091425687075
213 0.003871538210660219
214 0.004231058061122894
215 0.0041092862375080585
216 0.003997032064944506
217 0.00414810236543417
218 0.0038669947534799576
219 0.003683948889374733
220 0.004089890979230404
221 0.003922531846910715
222 0.003757878439500928
223 0.0042175110429525375
224 0.0037050230894237757
225 0.003867905819788575
226 0.0040070838294923306
227 0.0036682579666376114
228 0.004161414690315723
229 0.0043008713982999325
230 0.003955822438001633
231 0.004096278455108404
232 0.0037751486524939537
233 0.0036111283116042614
234 0.003796548582613468
235 0.0037686654832214117
236 0.003969863522797823
237 0.003920100629329681
238 0.003787193214520812
239 0.003859533928334713
240 0.004041875246912241
241 0.0037455488927662373
242 0.003873312845826149
243 0.003845157800242305
244 0.00406169006600976
245 0.0038098657969385386
246 0.004312018398195505
247 0.004053994547575712
248 0.00410100445151329
249 0.003802979364991188
250 0.003571589943021536
251 0.003515113377943635
252 0.0037527745589613914
253 0.0037204136606305838
254 0.003969576209783554
255 0.0035757289733737707
