0 0.004042959772050381
1 0.003372200531885028
2 0.003973181825131178
3 0.004025327507406473
4 0.004115607589483261
5 0.0037268248852342367
6 0.004031389951705933
7 0.0040452261455357075
8 0.004114056937396526
9 0.003729534335434437
10 0.004261655267328024
11 0.0038718953728675842
12 0.0037361220456659794
13 0.003817827207967639
14 0.003861616598442197
15 0.0037925434298813343
16 0.003961311187595129
17 0.00383807928301394
18 0.00381004367955029
19 0.003943809773772955
20 0.003985337447375059
21 0.003845021827146411
22 0.0038650576025247574
23 0.0037642079405486584
24 0.004098286386579275
25 0.004166821017861366
26 0.0038652222137898207
27 0.0038994133938103914
28 0.0041025979444384575
29 0.003991978708654642
30 0.004261175636202097
31 0.0037746638990938663
32 0.0037348007317632437
33 0.0038905832916498184
34 0.0037037301808595657
35 0.003906323574483395
36 0.003949346486479044
37 0.0039365943521261215
38 0.004312694538384676
39 0.004230940714478493
40 0.004209390841424465
41 0.003567506792023778
42 0.0037673162296414375
43 0.003601509379222989
44 0.0037594905588775873
45 0.0037932470440864563
46 0.004235548432916403
47 0.004319237545132637
48 0.003978285938501358
49 0.00388008332811296
50 0.0040891338139772415
51 0.0037299504037946463
52 0.003939483314752579
53 0.003955292981117964
54 0.0038509343285113573
55 0.004006716888397932
56 0.003929805941879749
57 0.0038427715189754963
58 0.003775605233386159
59 0.0038826975505799055
60 0.0037398485001176596
61 0.004117541015148163
62 0.004245895426720381
63 0.003764915047213435
64 0.0038398972246795893
65 0.0037704925052821636
66 0.003698179963976145
67 0.003696545260027051
68 0.004083384294062853
69 0.0041118524968624115
70 0.004077569115906954
71 0.0036775812041014433
72 0.003988226410001516
73 0.003661730093881488
74 0.003838885109871626
75 0.004409683868288994
76 0.0042955391108989716
77 0.0036914756055921316
78 0.0038788714446127415
79 0.004039608873426914
80 0.003941124305129051
81 0.004158230032771826
82 0.003848839085549116
83 0.00369148887693882
84 0.004029045347124338
85 0.0038792318664491177
86 0.0038256498519331217
87 0.0037852551322430372
88 0.0037438785657286644
89 0.003849092638120055
90 0.0040806131437420845
91 0.0039395978674292564
92 0.004027634859085083
93 0.004197637550532818
94 0.0037609157152473927
95 0.003853783942759037
96 0.0038629525806754827
97 0.004052360076457262
98 0.0037779617123305798
99 0.00421555619686842
100 0.0038614412769675255
101 0.004220794420689344
102 0.0036151171661913395
103 0.004305047448724508
104 0.0038018636405467987
105 0.0039857602678239346
106 0.003908428829163313
107 0.004425062332302332
108 0.003884968115016818
109 0.003774072276428342
110 0.004005563911050558
111 0.0039811204187572
112 0.0037642878014594316
113 0.004269542172551155
114 0.004052409436553717
115 0.0036272211000323296
116 0.004077942110598087
117 0.00379027402959764
118 0.0036066577304154634
119 0.0037566502578556538
120 0.004336158279329538
121 0.004209561739116907
122 0.0043754917569458485
123 0.003910600673407316
124 0.003992427606135607
125 0.003847431857138872
126 0.004088354296982288
127 0.004003449343144894
128 0.0038486942648887634
129 0.0037344633601605892
130 0.0037097895983606577
131 0.003368435660377145
132 0.004084891173988581
133 0.0043870834633708
134 0.003685309551656246
135 0.0037442478351294994
136 0.004251420497894287
137 0.003740219632163644
138 0.0039809574373066425
139 0.004086866043508053
140 0.0037308773025870323
141 0.0036432358901947737
142 0.0037212201859802008
143 0.0037517829332500696
144 0.0035012271255254745
145 0.004180510528385639
146 0.0037966296076774597
147 0.003878259100019932
148 0.0037700398825109005
149 0.0037478136364370584
150 0.003904780838638544
151 0.004178255330771208
152 0.0036184501368552446
153 0.0038781194016337395
154 0.0037104140501469374
155 0.0035770891699939966
156 0.0036571973469108343
157 0.003600673982873559
158 0.004131428897380829
159 0.003599900519475341
160 0.0038037581834942102
161 0.003832044079899788
162 0.004211648367345333
163 0.0034552300348877907
164 0.00382296578027308
165 0.004077219869941473
166 0.0038339283782988787
167 0.003861347446218133
168 0.004088903311640024
169 0.004128064960241318
170 0.0038430055137723684
171 0.003736653830856085
172 0.003712782170623541
173 0.0037092806305736303
174 0.0041601103730499744
175 0.0042031994089484215
176 0.004246784374117851
177 0.0037338254041969776
178 0.003600794356316328
179 0.0037533934228122234
180 0.0037859322037547827
181 0.004076069686561823
182 0.004121855366975069
183 0.004093189258128405
184 0.0038553522899746895
185 0.004213931504637003
186 0.003527016146108508
187 0.0038082494866102934
188 0.003946494311094284
189 0.003971657250076532
190 0.003842622973024845
191 0.003857423784211278
192 0.003786471439525485
193 0.00395479379221797
194 0.004091548267751932
195 0.004260329529643059
196 0.004417567979544401
197 0.0038130402099341154
198 0.0037122745998203754
199 0.0038539408706128597
200 0.003668123157694936
201 0.003734673373401165
202 0.00396807212382555
203 0.0037541792262345552
204 0.0036860450636595488
205 0.0036865726578980684
206 0.0037174990866333246
207 0.003894888563081622
208 0.0039781793020665646
209 0.0038533289916813374
210 0.0038125335704535246
211 0.0038731941021978855
212 0.0035515297204256058
213 0.0037501936312764883
214 0.004019579384475946
215 0.0041325935162603855
216 0.004057935904711485
217 0.003907772246748209
218 0.003764740889891982
219 0.0038104006089270115
220 0.003910218831151724
221 0.003924901131540537
222 0.0038020270876586437
223 0.004063911270350218
224 0.0036769122816622257
225 0.004088232293725014
226 0.004099362529814243
227 0.0037939816247671843
228 0.003998816944658756
229 0.0040788291953504086
230 0.003856467315927148
231 0.003933970350772142
232 0.004057285375893116
233 0.003809049492701888
234 0.003857544856145978
235 0.0038107382133603096
236 0.004022866953164339
237 0.00399011978879571
238 0.003894346533343196
239 0.003996065352112055
240 0.004069172311574221
241 0.003946348093450069
242 0.0036202974151819944
243 0.003607397200539708
244 0.0038933714386075735
245 0.003855387680232525
246 0.004442805889993906
247 0.0040456512942910194
248 0.0039339023642241955
249 0.0036789458245038986
250 0.003495740005746484
251 0.003559086238965392
252 0.0038697614800184965
253 0.003880073083564639
254 0.003995227627456188
255 0.0037178732454776764
