0 0.003768502501770854
1 0.0034934973809868097
2 0.0037974421866238117
3 0.0039942339062690735
4 0.004267753567546606
5 0.0035807404201477766
6 0.003906683996319771
7 0.003932560794055462
8 0.004164896439760923
9 0.0037282125558704138
10 0.0042490726336836815
11 0.003730153199285269
12 0.003562196623533964
13 0.003927392885088921
14 0.0038078504148870707
15 0.0038182768039405346
16 0.004189400468021631
17 0.003835063660517335
18 0.004026725422590971
19 0.004106544423848391
20 0.004086614586412907
21 0.00422636279836297
22 0.0040701269172132015
23 0.0037013404071331024
24 0.0037461798638105392
25 0.004099232144653797
26 0.003997814375907183
27 0.003866143524646759
28 0.004138295538723469
29 0.003819250501692295
30 0.004054847173392773
31 0.003901389194652438
32 0.003585625207051635
33 0.0036310022696852684
34 0.0037012549582868814
35 0.003710034303367138
36 0.004256889224052429
37 0.0036755839828401804
38 0.004044621717184782
39 0.0042443289421498775
40 0.004005645867437124
41 0.0032905368134379387
42 0.0037351157516241074
43 0.003620116738602519
44 0.004193784203380346
45 0.004006996750831604
46 0.003966670483350754
47 0.004083727020770311
48 0.004021766595542431
49 0.0036085043102502823
50 0.004032508935779333
51 0.003599362215027213
52 0.003960657399147749
53 0.003837151685729623
54 0.003757268190383911
55 0.004049999639391899
56 0.00427438085898757
57 0.0036924579180777073
58 0.0035912098828703165
59 0.003696921980008483
60 0.003836272982880473
61 0.0038505475968122482
62 0.004292172379791737
63 0.00363160646520555
64 0.003941950388252735
65 0.0036973340902477503
66 0.003949928097426891
67 0.0037639192305505276
68 0.003805569838732481
69 0.003963619936257601
70 0.004343236330896616
71 0.003973959945142269
72 0.003904975950717926
73 0.003680730704218149
74 0.003895378904417157
75 0.0041411444544792175
76 0.004069033544510603
77 0.004219243302941322
78 0.0038395181763917208
79 0.0035508074797689915
80 0.003658474190160632
81 0.004005132708698511
82 0.004027075599879026
83 0.0035798223689198494
84 0.003866032464429736
85 0.004152263049036264
86 0.0036559670697897673
87 0.003779183141887188
88 0.0034476928412914276
89 0.003726720344275236
90 0.003995515871793032
91 0.0038980741519480944
92 0.004212100058794022
93 0.004544114228338003
94 0.003755639772862196
95 0.003548387438058853
96 0.0036034404765814543
97 0.004088018089532852
98 0.003587176790460944
99 0.004128525964915752
100 0.004048984497785568
101 0.0038353854324668646
102 0.0038539767265319824
103 0.004004243761301041
104 0.00377501524053514
105 0.00411037914454937
106 0.0038273322861641645
107 0.004537454340606928
108 0.004266093950718641
109 0.004014483653008938
110 0.0040581729263067245
111 0.00378732499666512
112 0.003634314052760601
113 0.004542859271168709
114 0.004169020336121321
115 0.0037975648883730173
116 0.003909831866621971
117 0.003817556891590357
118 0.0037070622202008963
119 0.003947089891880751
120 0.003961082082241774
121 0.004382864106446505
122 0.00461984658613801
123 0.003795331809669733
124 0.0040769618935883045
125 0.003985788207501173
126 0.0043327054008841515
127 0.0036604327615350485
128 0.003710271790623665
129 0.003559129312634468
130 0.0038649735506623983
131 0.0036084242165088654
132 0.0039379228837788105
133 0.00429918896406889
134 0.003775808261707425
135 0.003587139304727316
136 0.004355704411864281
137 0.003974629566073418
138 0.003954912070184946
139 0.003962909337133169
140 0.003850057255476713
141 0.003590211970731616
142 0.003793846582993865
143 0.0037975662853568792
144 0.0035119096282869577
145 0.004502022173255682
146 0.003910761792212725
147 0.003930230624973774
148 0.0038955039344727993
149 0.003764835884794593
150 0.003948472905904055
151 0.00411558011546731
152 0.003464201232418418
153 0.003905366873368621
154 0.0039420584216713905
155 0.0037005231715738773
156 0.0037207738496363163
157 0.0036169709637761116
158 0.0040350910276174545
159 0.003919714130461216
160 0.003527755383402109
161 0.003630452323704958
162 0.004361944738775492
163 0.0037843806203454733
164 0.0037280451506376266
165 0.0038140895776450634
166 0.003947581630200148
167 0.004009290132671595
168 0.0041857450269162655
169 0.003917060326784849
170 0.0038341686595231295
171 0.003743118606507778
172 0.0036605377681553364
173 0.0037012919783592224
174 0.004092829767614603
175 0.003952176310122013
176 0.0041526202112436295
177 0.0038291404489427805
178 0.003807349596172571
179 0.0035482849925756454
180 0.003840298857539892
181 0.004387120716273785
182 0.004045458044856787
183 0.003912485670298338
184 0.003971063997596502
185 0.004341243766248226
186 0.003477045800536871
187 0.003945882897824049
188 0.0038228738121688366
189 0.0038522605318576097
190 0.004059974104166031
191 0.003889400279149413
192 0.004204797092825174
193 0.004065869376063347
194 0.004258683416992426
195 0.004151084925979376
196 0.0040453895926475525
197 0.003782997839152813
198 0.004015889018774033
199 0.003983005881309509
200 0.003422614187002182
201 0.003831991460174322
202 0.0038973477203398943
203 0.003875842085108161
204 0.0036860299296677113
205 0.0037393346428871155
206 0.003767227753996849
207 0.004014895297586918
208 0.0038755182176828384
209 0.004100920632481575
210 0.0035863390658050776
211 0.004106874577701092
212 0.0036877822130918503
213 0.003779298160225153
214 0.003881719894707203
215 0.003960030153393745
216 0.0040116021409630775
217 0.004227138590067625
218 0.0037177600897848606
219 0.003938462119549513
220 0.003940549213439226
221 0.004065306857228279
222 0.0037541608326137066
223 0.004169131629168987
224 0.0037520353216677904
225 0.00402691587805748
226 0.004028428811579943
227 0.004246113356202841
228 0.00412340322509408
229 0.004234846215695143
230 0.0037181577645242214
231 0.004209589213132858
232 0.0038508635479956865
233 0.0038185687735676765
234 0.0037737626116722822
235 0.003694031620398164
236 0.004158239811658859
237 0.003711163764819503
238 0.003573761787265539
239 0.004130471032112837
240 0.0039901528507471085
241 0.003819339442998171
242 0.0037800685968250036
243 0.0036002665292471647
244 0.003863658057525754
245 0.0038068187423050404
246 0.004167962819337845
247 0.0040842825546860695
248 0.004055161960422993
249 0.0037661734968423843
250 0.0036607743240892887
251 0.0035780961625277996
252 0.004052893724292517
253 0.0036464459262788296
254 0.0038118043448776007
255 0.003902066731825471
