0 0.0039331079460680485
1 0.0033414496574550867
2 0.003740913001820445
3 0.003867268329486251
4 0.00417408486828208
5 0.003596044611185789
6 0.004154409281909466
7 0.0038179762195795774
8 0.003947434946894646
9 0.0035600541159510612
10 0.004173170309513807
11 0.0037628677673637867
12 0.003984265495091677
13 0.0038079803343862295
14 0.0038040680810809135
15 0.00393529050052166
16 0.0043207393027842045
17 0.0036209619138389826
18 0.003741736523807049
19 0.003813184564933181
20 0.003974345047026873
21 0.004182170610874891
22 0.0039416770450770855
23 0.003854767419397831
24 0.003983382135629654
25 0.0038490963634103537
26 0.004090576432645321
27 0.003798059420660138
28 0.004135648719966412
29 0.003715823171660304
30 0.004130163695663214
31 0.003983018919825554
32 0.0037555929739028215
33 0.003672046819701791
34 0.0037387681659311056
35 0.003977444022893906
36 0.0040536741726100445
37 0.0038763873744755983
38 0.004036745987832546
39 0.004471557680517435
40 0.004225596319884062
41 0.0034805159084498882
42 0.0035700725857168436
43 0.003690596204251051
44 0.004172462970018387
45 0.003996226936578751
46 0.004476029891520739
47 0.004195226356387138
48 0.0040842387825250626
49 0.0039635393768548965
50 0.004217864945530891
51 0.0037732443306595087
52 0.003844590624794364
53 0.003885426325723529
54 0.003718424355611205
55 0.003997781313955784
56 0.004086456727236509
57 0.0037680426612496376
58 0.0039054835215210915
59 0.004057709593325853
60 0.0035988015588372946
61 0.0038807110395282507
62 0.004047630354762077
63 0.003906425088644028
64 0.004131440073251724
65 0.0037790380883961916
66 0.0036419988609850407
67 0.00388384354300797
68 0.0040021068416535854
69 0.004350076895207167
70 0.0041970787569880486
71 0.0038401351775974035
72 0.003974086605012417
73 0.0038871299475431442
74 0.0038206668104976416
75 0.004225816112011671
76 0.004623096901923418
77 0.003917993512004614
78 0.003734713653102517
79 0.003666301490738988
80 0.004113275092095137
81 0.003964110277593136
82 0.00396391749382019
83 0.0035595870576798916
84 0.004036015830934048
85 0.0038318107835948467
86 0.003970769699662924
87 0.0038667740300297737
88 0.003688270691782236
89 0.00398350739851594
90 0.003937027882784605
91 0.003879562020301819
92 0.004374668467789888
93 0.004359508864581585
94 0.003915917593985796
95 0.0036287440452724695
96 0.0037136978935450315
97 0.00392166106030345
98 0.003832763759419322
99 0.003787488676607609
100 0.0038731649983674288
101 0.004069157876074314
102 0.0035929474979639053
103 0.004227024037390947
104 0.0036785174161195755
105 0.003976796753704548
106 0.003752476302906871
107 0.004652656614780426
108 0.0039758202619850636
109 0.003763621672987938
110 0.004064158070832491
111 0.003905840218067169
112 0.0037806350737810135
113 0.00429874612018466
114 0.0038280508015304804
115 0.003853494068607688
116 0.0037868067156523466
117 0.003925327677279711
118 0.0036515386309474707
119 0.003967989236116409
120 0.003989160992205143
121 0.004225770477205515
122 0.00434656348079443
123 0.003570945467799902
124 0.004122212529182434
125 0.003807757282629609
126 0.0040091462433338165
127 0.003979101311415434
128 0.003617393085733056
129 0.003576983930543065
130 0.0035973817575722933
131 0.0035212861839681864
132 0.003916042856872082
133 0.004276900086551905
134 0.0038437775801867247
135 0.0036450843326747417
136 0.004493137821555138
137 0.003908115904778242
138 0.004225998185575008
139 0.004036447498947382
140 0.003805400338023901
141 0.0035280631855130196
142 0.0038770060054957867
143 0.0037199396174401045
144 0.0032896469347178936
145 0.004253926686942577
146 0.0036669925320893526
147 0.004063926171511412
148 0.003679800545796752
149 0.003477951977401972
150 0.003923860844224691
151 0.004335296805948019
152 0.003592411521822214
153 0.003906813450157642
154 0.0041224281303584576
155 0.0034757398534566164
156 0.003594419453293085
157 0.0037280931137502193
158 0.004031205549836159
159 0.003819416044279933
160 0.003494420787319541
161 0.003708607517182827
162 0.004073937423527241
163 0.003571363165974617
164 0.00385305262170732
165 0.0038205140735954046
166 0.004277000669389963
167 0.003881884505972266
168 0.004157684277743101
169 0.004126564133912325
170 0.0037019215524196625
171 0.003745411057025194
172 0.003747381502762437
173 0.0035368059761822224
174 0.0041142674162983894
175 0.004262613132596016
176 0.004044164437800646
177 0.0037057872395962477
178 0.0036806247662752867
179 0.00362274213694036
180 0.0038306645583361387
181 0.004514101892709732
182 0.004059857688844204
183 0.00413708109408617
184 0.003971585538238287
185 0.0040497914887964725
186 0.0036523565649986267
187 0.003764066146686673
188 0.0038414180744439363
189 0.003641728078946471
190 0.003889440791681409
191 0.003937937319278717
192 0.004029184114187956
193 0.003901758696883917
194 0.0043771108612418175
195 0.004234001971781254
196 0.00429188460111618
197 0.0036723092198371887
198 0.0035706739872694016
199 0.0039225984364748
200 0.00358807435259223
201 0.00385805475525558
202 0.003943750634789467
203 0.0034939954057335854
204 0.0038126527797430754
205 0.003462093183770776
206 0.003516057040542364
207 0.00414252420887351
208 0.004234254825860262
209 0.0038220284041017294
210 0.003701106645166874
211 0.004242654889822006
212 0.0034449282102286816
213 0.004336030222475529
214 0.004014663398265839
215 0.004066544584929943
216 0.004027298651635647
217 0.003960332367569208
218 0.0038880296051502228
219 0.0037964684888720512
220 0.004078924190253019
221 0.004085348919034004
222 0.003655226668342948
223 0.004241052083671093
224 0.0037188564892858267
225 0.0038832216523587704
226 0.0039951130747795105
227 0.0037391348741948605
228 0.004153680521994829
229 0.004090811591595411
230 0.003856209572404623
231 0.004088378045707941
232 0.0036181556060910225
233 0.0037300356198102236
234 0.003453474724665284
235 0.0037369674537330866
236 0.003999338485300541
237 0.0038974753115326166
238 0.004017413593828678
239 0.004078783560544252
240 0.004149139858782291
241 0.0043884203769266605
242 0.0037021255120635033
243 0.0036887596361339092
244 0.004104242660105228
245 0.0039416830986738205
246 0.0042459904216229916
247 0.004016042221337557
248 0.0038690369110554457
249 0.00397611316293478
250 0.003269595792517066
251 0.0035349219106137753
252 0.0039009819738566875
253 0.0038524686824530363
254 0.003804329317063093
255 0.003578733652830124
