0 0.0038927763234823942
1 0.003396364627406001
2 0.0037845412734895945
3 0.0037688773591071367
4 0.004255394451320171
5 0.003748940071091056
6 0.004188345745205879
7 0.0039053566288203
8 0.00417805602774024
9 0.003564925864338875
10 0.00410874467343092
11 0.003782739397138357
12 0.0038342673797160387
13 0.0037724943831562996
14 0.003826158819720149
15 0.0038661519065499306
16 0.004021629225462675
17 0.0038274244870990515
18 0.004001423716545105
19 0.0039024504367262125
20 0.00422244006767869
21 0.0041685691103339195
22 0.004135484341531992
23 0.0037434727419167757
24 0.0039011756889522076
25 0.003650814760476351
26 0.004016592632979155
27 0.0039002259727567434
28 0.003943003248423338
29 0.003826442174613476
30 0.004103692248463631
31 0.003721445333212614
32 0.0036052025388926268
33 0.003569477004930377
34 0.0038085717242211103
35 0.003999987151473761
36 0.004074859898537397
37 0.0037444571498781443
38 0.003920438699424267
39 0.004040090832859278
40 0.0039843604899942875
41 0.003235813695937395
42 0.0038897604681551456
43 0.004005649592727423
44 0.003863045247271657
45 0.0037776706740260124
46 0.004247056785970926
47 0.004173601977527142
48 0.004155454691499472
49 0.0037402652669698
50 0.004219586495310068
51 0.003589217783883214
52 0.0038957269862294197
53 0.003881849581375718
54 0.0038641660939902067
55 0.004106661770492792
56 0.0041712368838489056
57 0.003809147048741579
58 0.003939501009881496
59 0.003745919093489647
60 0.003874753834679723
61 0.003857115050777793
62 0.004042270593345165
63 0.003674764884635806
64 0.003979045897722244
65 0.0037883392069488764
66 0.0039014338981360197
67 0.004050836432725191
68 0.0038876282051205635
69 0.004234740044921637
70 0.0040591564029455185
71 0.0037762282881885767
72 0.004068051930516958
73 0.003775898599997163
74 0.0038234982639551163
75 0.0041890800930559635
76 0.003807356581091881
77 0.003968546167016029
78 0.0039356062188744545
79 0.003721047891303897
80 0.003870441345497966
81 0.00401660380885005
82 0.0039695375598967075
83 0.003634687513113022
84 0.004051643889397383
85 0.0038626468740403652
86 0.003769594943150878
87 0.0037246986757963896
88 0.0036787448916584253
89 0.0037710038013756275
90 0.003921194467693567
91 0.003948028199374676
92 0.004199531394988298
93 0.004212229512631893
94 0.004028559662401676
95 0.003954160958528519
96 0.0039642127230763435
97 0.004137735813856125
98 0.003963688854128122
99 0.004162270575761795
100 0.003908591344952583
101 0.004226161167025566
102 0.003591051558032632
103 0.0040503330528736115
104 0.0035874838940799236
105 0.004171672277152538
106 0.003868288593366742
107 0.004427661187946796
108 0.004325017333030701
109 0.0038079931400716305
110 0.0038802053313702345
111 0.0037793393712490797
112 0.0036439013201743364
113 0.004114302806556225
114 0.003978518769145012
115 0.00387662835419178
116 0.003963349852710962
117 0.003914905712008476
118 0.0036759835202246904
119 0.004061133600771427
120 0.0036640800535678864
121 0.003944109659641981
122 0.004547968972474337
123 0.003910766448825598
124 0.0039824228733778
125 0.0037463661283254623
126 0.004244825802743435
127 0.0036467458121478558
128 0.003661905648186803
129 0.0036299629136919975
130 0.0037980570923537016
131 0.003936028573662043
132 0.003954445943236351
133 0.004294455982744694
134 0.003776462050154805
135 0.003551769070327282
136 0.004541905131191015
137 0.004052861128002405
138 0.0040807235054671764
139 0.0038467172998934984
140 0.003602872835472226
141 0.0035665042232722044
142 0.004034811165183783
143 0.0036879414692521095
144 0.0036528112832456827
145 0.004132562782615423
146 0.003928119316697121
147 0.004153355024755001
148 0.003910621628165245
149 0.003951294347643852
150 0.004038033075630665
151 0.004159355070441961
152 0.003509863978251815
153 0.0038931977469474077
154 0.0037969890981912613
155 0.003617430105805397
156 0.003926098812371492
157 0.0033447693567723036
158 0.003853675676509738
159 0.0038889350835233927
160 0.003663168754428625
161 0.0037938428577035666
162 0.0040146117098629475
163 0.0036161832977086306
164 0.003759529208764434
165 0.003566195722669363
166 0.00410654628649354
167 0.003917400259524584
168 0.004279886372387409
169 0.004106947686523199
170 0.003691937541589141
171 0.004058581776916981
172 0.0036558560095727444
173 0.003833221271634102
174 0.004063007887452841
175 0.004036090336740017
176 0.004276581108570099
177 0.0038010498974472284
178 0.003694461891427636
179 0.0035881646908819675
180 0.003716992447152734
181 0.0044296556152403355
182 0.004113227594643831
183 0.0038544978015124798
184 0.003763162298128009
185 0.004195628687739372
186 0.003409199183806777
187 0.004008309915661812
188 0.003818503115326166
189 0.003757092170417309
190 0.004229966085404158
191 0.0036894497461616993
192 0.00379739748314023
193 0.004074003081768751
194 0.00399395078420639
195 0.004141842480748892
196 0.004173790104687214
197 0.0035227600019425154
198 0.003884086851030588
199 0.0038847397081553936
200 0.0038450639694929123
201 0.003727371571585536
202 0.0039850943721830845
203 0.003935934975743294
204 0.003934068139642477
205 0.003827991895377636
206 0.0036109343636780977
207 0.003987011965364218
208 0.003933049738407135
209 0.004056883044540882
210 0.0037155470345169306
211 0.004284584894776344
212 0.0035351570695638657
213 0.003727615112438798
214 0.003903013886883855
215 0.004036776255816221
216 0.004034171346575022
217 0.004130464978516102
218 0.0040907468646764755
219 0.003702259622514248
220 0.003847910324111581
221 0.003936294931918383
222 0.004012227989733219
223 0.0041196937672793865
224 0.003891098778694868
225 0.003924887161701918
226 0.003838709555566311
227 0.004086784552782774
228 0.004278860986232758
229 0.004251566249877214
230 0.0037966787349432707
231 0.004203279968351126
232 0.0038952622562646866
233 0.0036369371227920055
234 0.00369383511133492
235 0.0036603298503905535
236 0.003912161570042372
237 0.0038035584148019552
238 0.003511188318952918
239 0.004220651928335428
240 0.0040128594264388084
241 0.003964029252529144
242 0.004077177494764328
243 0.003700164845213294
244 0.0038528423756361008
245 0.0036944421008229256
246 0.00400219950824976
247 0.004223338328301907
248 0.004030295647680759
249 0.0038296827115118504
250 0.0038700394798070192
251 0.0035938627552241087
252 0.004034294281154871
253 0.003693446982651949
254 0.003686591051518917
255 0.003637369256466627
