0 0.0037263366393744946
1 0.0034460807219147682
2 0.003812848124653101
3 0.003696875646710396
4 0.004153957590460777
5 0.003773381235077977
6 0.004072197712957859
7 0.0037518132012337446
8 0.004098494071513414
9 0.003563737263903022
10 0.0038534461054950953
11 0.003909091465175152
12 0.0039871009066700935
13 0.003801738377660513
14 0.003876588074490428
15 0.0038476039189845324
16 0.003841812489554286
17 0.003821457037702203
18 0.0038292112294584513
19 0.003986571915447712
20 0.004044776316732168
21 0.004326734226197004
22 0.004034020937979221
23 0.003701447043567896
24 0.0038278980646282434
25 0.004056943580508232
26 0.004292773548513651
27 0.00383983482606709
28 0.0040027424693107605
29 0.0039377580396831036
30 0.0041378396563231945
31 0.0038698003627359867
32 0.0035535104107111692
33 0.003472979413345456
34 0.003863285994157195
35 0.004087043460458517
36 0.0038522277027368546
37 0.003803193336352706
38 0.003975613974034786
39 0.004205753561109304
40 0.003877073060721159
41 0.0032383007928729057
42 0.003987112082540989
43 0.0035993324127048254
44 0.0038871564902365208
45 0.0038399938493967056
46 0.004532730672508478
47 0.0038515236228704453
48 0.0037781759165227413
49 0.003649885067716241
50 0.004217935726046562
51 0.00355620332993567
52 0.00396829703822732
53 0.00403909757733345
54 0.0036958775017410517
55 0.004016254097223282
56 0.004042834509164095
57 0.003909636288881302
58 0.003967960365116596
59 0.0038665905594825745
60 0.003894251771271229
61 0.0041939858347177505
62 0.004194329027086496
63 0.003576715709641576
64 0.003859154647216201
65 0.003650832921266556
66 0.0038209310732781887
67 0.0040123676881194115
68 0.003994347527623177
69 0.004067375790327787
70 0.004045479465276003
71 0.004177364055067301
72 0.004091579932719469
73 0.003644030774012208
74 0.003871062071993947
75 0.004328552633523941
76 0.003931453451514244
77 0.0038242610171437263
78 0.003972036764025688
79 0.003862091340124607
80 0.003696779953315854
81 0.003863816848024726
82 0.003844170132651925
83 0.0037099658511579037
84 0.0039736488834023476
85 0.003782317042350769
86 0.0037359052803367376
87 0.0037904148921370506
88 0.003718974534422159
89 0.003742444096133113
90 0.004102261736989021
91 0.004211726598441601
92 0.004018956329673529
93 0.004257813561707735
94 0.003795536234974861
95 0.0039311065338552
96 0.004041977226734161
97 0.004207245074212551
98 0.003858879441395402
99 0.003939056769013405
100 0.0038114450871944427
101 0.00405156472697854
102 0.003567835781723261
103 0.004250381141901016
104 0.003877962240949273
105 0.004073773045092821
106 0.003929683472961187
107 0.004467579536139965
108 0.00437453668564558
109 0.0038329267408698797
110 0.003775928635150194
111 0.0037979397457093
112 0.003782406449317932
113 0.0043494319543242455
114 0.003997041378170252
115 0.004010606557130814
116 0.003926631063222885
117 0.004041059408336878
118 0.003608009312301874
119 0.004017362371087074
120 0.0039458246901631355
121 0.004226368851959705
122 0.004379125311970711
123 0.0036257002502679825
124 0.004045374225825071
125 0.004066613968461752
126 0.004369806963950396
127 0.0038387905806303024
128 0.0036433828063309193
129 0.0038534384220838547
130 0.0035636844113469124
131 0.00391040463000536
132 0.003817064920440316
133 0.0042215571738779545
134 0.003753546392545104
135 0.0036494785454124212
136 0.004263179376721382
137 0.003678071778267622
138 0.004107758402824402
139 0.0041098990477621555
140 0.0036827658768743277
141 0.0036862732376903296
142 0.003622121876105666
143 0.0037850304506719112
144 0.003505733096972108
145 0.004148435778915882
146 0.003875019494444132
147 0.003882790682837367
148 0.004092026501893997
149 0.004003976471722126
150 0.003961734939366579
151 0.004274299368262291
152 0.0037023047916591167
153 0.003906865604221821
154 0.0037760373670607805
155 0.003611811436712742
156 0.004005773924291134
157 0.0035495066549628973
158 0.0039751166477799416
159 0.003810853697359562
160 0.0036114854738116264
161 0.0037263785488903522
162 0.004181684926152229
163 0.0035796992015093565
164 0.0036735276225954294
165 0.003837707918137312
166 0.0040597314946353436
167 0.0037864455953240395
168 0.004291846416890621
169 0.004299188498407602
170 0.00364756234921515
171 0.003794012824073434
172 0.0039742509834468365
173 0.003747296519577503
174 0.003938612528145313
175 0.003943087067455053
176 0.004174175672233105
177 0.003923872951418161
178 0.003443645779043436
179 0.003820217913016677
180 0.003766807494685054
181 0.004351982846856117
182 0.00397067703306675
183 0.00385412503965199
184 0.00394228333607316
185 0.004281044006347656
186 0.003497745841741562
187 0.004009356256574392
188 0.003769758390262723
189 0.0037714154459536076
190 0.0038795622531324625
191 0.003803545841947198
192 0.0038729384541511536
193 0.004007503855973482
194 0.004164746962487698
195 0.004414011258631945
196 0.004289219155907631
197 0.0035793567076325417
198 0.004014439880847931
199 0.0037073565181344748
200 0.0038023998495191336
201 0.00392870744690299
202 0.004091070033609867
203 0.003827457083389163
204 0.003781853010877967
205 0.0035195813979953527
206 0.0036203109193593264
207 0.0038984825368970633
208 0.0038248184137046337
209 0.004029897507280111
210 0.0036858320236206055
211 0.004152034875005484
212 0.0034907322842627764
213 0.003918049857020378
214 0.0040736570954322815
215 0.004048273432999849
216 0.004143808037042618
217 0.0041739861480891705
218 0.003847255604341626
219 0.0036836625076830387
220 0.0038145659491419792
221 0.003993330057710409
222 0.003962460905313492
223 0.004199803341180086
224 0.0038621292915195227
225 0.0037036770954728127
226 0.0039189523085951805
227 0.0037815619725733995
228 0.0041653248481452465
229 0.004171832464635372
230 0.0036218587774783373
231 0.004182628821581602
232 0.003884190460667014
233 0.0037913743872195482
234 0.0036651708651334047
235 0.003792906180024147
236 0.0038451284635812044
237 0.0038174723740667105
238 0.0038027868140488863
239 0.0042023384012281895
240 0.004028177820146084
241 0.0041586956940591335
242 0.004124484024941921
243 0.0037236243952065706
244 0.003954589832574129
245 0.0037254318594932556
246 0.004084266256541014
247 0.004050535149872303
248 0.003938754554837942
249 0.003857672680169344
250 0.003646192140877247
251 0.0036749113351106644
252 0.003849446540698409
253 0.0035148877650499344
254 0.003987266216427088
255 0.003592077409848571
