0 0.004127175081521273
1 0.003236079588532448
2 0.0037718063686043024
3 0.003924967255443335
4 0.00413425313308835
5 0.0038482481613755226
6 0.004065979737788439
7 0.0038681556470692158
8 0.0041708205826580524
9 0.003507797373458743
10 0.004341078456491232
11 0.004059812054038048
12 0.003793492680415511
13 0.003945065196603537
14 0.003667531069368124
15 0.0038738129660487175
16 0.003931574057787657
17 0.003908119164407253
18 0.003819195320829749
19 0.004081482533365488
20 0.004385657142847776
21 0.004030039068311453
22 0.004027456510812044
23 0.003608067287132144
24 0.003927035257220268
25 0.004143689293414354
26 0.0040489016100764275
27 0.003926119767129421
28 0.004123930353671312
29 0.0038160912226885557
30 0.004292404744774103
31 0.003765166737139225
32 0.0038463384844362736
33 0.003908330108970404
34 0.0037583811208605766
35 0.00382573832757771
36 0.003949475008994341
37 0.003735701087862253
38 0.003998993895947933
39 0.00396335031837225
40 0.004318613559007645
41 0.003531018039211631
42 0.0037241538520902395
43 0.0036292443983256817
44 0.00396403344348073
45 0.003800041042268276
46 0.004026371520012617
47 0.003968168515712023
48 0.004115870222449303
49 0.0035685778129845858
50 0.0041854423470795155
51 0.0036169548984616995
52 0.003979390021413565
53 0.0036758771166205406
54 0.0038694918621331453
55 0.004167719278484583
56 0.004172940272837877
57 0.003888223087415099
58 0.003678081789985299
59 0.003814638126641512
60 0.0037939019966870546
61 0.0040686787106096745
62 0.00438593840226531
63 0.0036827342119067907
64 0.0038833036087453365
65 0.003969706594944
66 0.0038425722159445286
67 0.0038114534690976143
68 0.003774862503632903
69 0.004037492908537388
70 0.004173041321337223
71 0.0040216268971562386
72 0.004042842425405979
73 0.003574705682694912
74 0.0038854863960295916
75 0.004030008800327778
76 0.0037895904388278723
77 0.003955699969083071
78 0.0038541732355952263
79 0.003942826297134161
80 0.003665545955300331
81 0.004175987560302019
82 0.0037738061510026455
83 0.0034661765675991774
84 0.004096297547221184
85 0.003974023275077343
86 0.003654599655419588
87 0.003839517943561077
88 0.0035060313530266285
89 0.003592594526708126
90 0.0039406996220350266
91 0.0037818164564669132
92 0.004074308555573225
93 0.004242355935275555
94 0.0037130536511540413
95 0.0037886316422373056
96 0.003930825740098953
97 0.004318089224398136
98 0.003740676213055849
99 0.004201667383313179
100 0.0038808658719062805
101 0.003975109662860632
102 0.003671234706416726
103 0.004275250248610973
104 0.0038085002452135086
105 0.0038882640656083822
106 0.003963768947869539
107 0.004597115330398083
108 0.004166068509221077
109 0.003986841067671776
110 0.00414793286472559
111 0.0040039620362222195
112 0.003674688981845975
113 0.004344879649579525
114 0.0043146684765815735
115 0.0037293643690645695
116 0.003998459316790104
117 0.003623278345912695
118 0.003600100288167596
119 0.0037806713953614235
120 0.003963866736739874
121 0.004040383268147707
122 0.00453978031873703
123 0.004110842477530241
124 0.00407600961625576
125 0.0038227865006774664
126 0.0040674880146980286
127 0.0036180750466883183
128 0.003564041806384921
129 0.0036743837408721447
130 0.003709659446030855
131 0.003574343863874674
132 0.0038061151280999184
133 0.004279793705791235
134 0.0038658648263663054
135 0.0037498630117625
136 0.004326826427131891
137 0.0038262726739048958
138 0.003988996613770723
139 0.003833709517493844
140 0.0038455985486507416
141 0.003427674528211355
142 0.0039049223996698856
143 0.0038456409238278866
144 0.003377955174073577
145 0.004267971962690353
146 0.003908536862581968
147 0.00394852040335536
148 0.003970798570662737
149 0.003906881436705589
150 0.003991040401160717
151 0.00430276058614254
152 0.003734211204573512
153 0.0041223978623747826
154 0.0038268878124654293
155 0.003486005589365959
156 0.0038106865249574184
157 0.0035252997186034918
158 0.003806260647252202
159 0.003900571959093213
160 0.0035477059427648783
161 0.0036552371457219124
162 0.004263308830559254
163 0.0036218641325831413
164 0.004171935375779867
165 0.003781941020861268
166 0.003956311382353306
167 0.00394813297316432
168 0.004265620838850737
169 0.003884038422256708
170 0.0037118131294846535
171 0.0036129902582615614
172 0.0036229549441486597
173 0.0035451583098620176
174 0.0038296326529234648
175 0.003862344194203615
176 0.004351452458649874
177 0.003716645995154977
178 0.00357682048343122
179 0.00384336500428617
180 0.003952234052121639
181 0.004266694653779268
182 0.0039383480325341225
183 0.0038275853730738163
184 0.0039056979585438967
185 0.004211615305393934
186 0.003490005386993289
187 0.0037917806766927242
188 0.00408808933570981
189 0.004243579227477312
190 0.004109222907572985
191 0.0036816562060266733
192 0.0040392144583165646
193 0.004008938558399677
194 0.004052404314279556
195 0.004035409074276686
196 0.004160083364695311
197 0.003859496209770441
198 0.004026981070637703
199 0.004122726619243622
200 0.0038555103819817305
201 0.003728702897205949
202 0.003984220791608095
203 0.0038200048729777336
204 0.0036428652238100767
205 0.0036175623536109924
206 0.0038077612407505512
207 0.004033337812870741
208 0.0036832154728472233
209 0.004181202035397291
210 0.003638820257037878
211 0.0038714741822332144
212 0.003729992313310504
213 0.0036884977016597986
214 0.004195063374936581
215 0.003939519170671701
216 0.004017978440970182
217 0.003989940043538809
218 0.0039010378532111645
219 0.0038041824009269476
220 0.003944857977330685
221 0.004128639120608568
222 0.003999643959105015
223 0.0042991237714886665
224 0.003783952910453081
225 0.0039528110064566135
226 0.004040262196213007
227 0.0037322910502552986
228 0.0040119788609445095
229 0.004353828728199005
230 0.003684842959046364
231 0.004241855815052986
232 0.0039048974867910147
233 0.003721253015100956
234 0.003784327069297433
235 0.0038620117120444775
236 0.004083596169948578
237 0.0037547668907791376
238 0.0035621793940663338
239 0.004210836254060268
240 0.004018221981823444
241 0.00376653834246099
242 0.00382435810752213
243 0.003706571413204074
244 0.00369856390170753
245 0.00388906872831285
246 0.004335458856076002
247 0.0041551790200173855
248 0.0040197111666202545
249 0.00384189048781991
250 0.0036043738946318626
251 0.0034699623938649893
252 0.0038134008646011353
253 0.0037649301812052727
254 0.003906673286110163
255 0.0037849638611078262
