0 0.0037698515225201845
1 0.0034885769709944725
2 0.0037299133837223053
3 0.004044052213430405
4 0.003949022851884365
5 0.0039211115799844265
6 0.003965191077440977
7 0.004259765613824129
8 0.0041105737909674644
9 0.0036078589037060738
10 0.003992803860455751
11 0.003958176821470261
12 0.0038031693547964096
13 0.003623342141509056
14 0.003922644536942244
15 0.003978786990046501
16 0.004002875182777643
17 0.00387429166585207
18 0.0037631536833941936
19 0.003926437348127365
20 0.003889273153617978
21 0.00421155197545886
22 0.003959525842219591
23 0.0037840933073312044
24 0.0040184734389185905
25 0.004181802738457918
26 0.004043745808303356
27 0.003904984798282385
28 0.003948141820728779
29 0.0038593788631260395
30 0.004394026473164558
31 0.003811965463683009
32 0.0037811249494552612
33 0.003642571624368429
34 0.0037855831906199455
35 0.004094737581908703
36 0.003852788358926773
37 0.003776043886318803
38 0.004094080068171024
39 0.003989923279732466
40 0.004005088470876217
41 0.0033173474948853254
42 0.0040328470058739185
43 0.003587922779843211
44 0.003933012019842863
45 0.0038999358657747507
46 0.004319633822888136
47 0.004311776719987392
48 0.0038160905241966248
49 0.003920162562280893
50 0.004206932615488768
51 0.0036256134044378996
52 0.00409601628780365
53 0.003906063036993146
54 0.003873532172292471
55 0.0038527026772499084
56 0.004119608085602522
57 0.0037642058450728655
58 0.0039052520878612995
59 0.0040045613422989845
60 0.003982243128120899
61 0.0039329552091658115
62 0.004146655555814505
63 0.0038546028081327677
64 0.0038903276436030865
65 0.003823051229119301
66 0.003983635455369949
67 0.004077162127941847
68 0.0039004215504974127
69 0.003940439783036709
70 0.004178594332188368
71 0.003918249160051346
72 0.00383270182646811
73 0.0038581385742872953
74 0.0039783259853720665
75 0.004619412589818239
76 0.004268433898687363
77 0.003926800563931465
78 0.0038078087382018566
79 0.0038632561918348074
80 0.0038032792508602142
81 0.004013786558061838
82 0.003694515908136964
83 0.0035231714136898518
84 0.004063238389790058
85 0.003696234431117773
86 0.003874242538586259
87 0.003911917097866535
88 0.0036239936016499996
89 0.0038439896889030933
90 0.0037337536923587322
91 0.004183848854154348
92 0.003921243362128735
93 0.0042616561986505985
94 0.003863777033984661
95 0.0038085223641246557
96 0.0038212863728404045
97 0.004043879918754101
98 0.003794998163357377
99 0.004106328822672367
100 0.003710088785737753
101 0.004144388251006603
102 0.00367610901594162
103 0.0041173165664076805
104 0.0037006093189120293
105 0.004159317817538977
106 0.0038309914525598288
107 0.004168749321252108
108 0.004287825897336006
109 0.003649948164820671
110 0.003959581721574068
111 0.003948522731661797
112 0.003744011977687478
113 0.004550602752715349
114 0.004027738701552153
115 0.003754764562472701
116 0.0037881338503211737
117 0.0037711109034717083
118 0.0036957242991775274
119 0.004120391793549061
120 0.004065225366503
121 0.004178655333817005
122 0.004174660891294479
123 0.004002735484391451
124 0.003951159305870533
125 0.0040450855158269405
126 0.004004675894975662
127 0.003969796001911163
128 0.003748873248696327
129 0.003914137836545706
130 0.0037729328032583
131 0.003564683487638831
132 0.00412017572671175
133 0.004386687185615301
134 0.003758144797757268
135 0.003686207113787532
136 0.004173588007688522
137 0.003715632250532508
138 0.004102300852537155
139 0.003893340937793255
140 0.003595661139115691
141 0.0035088672302663326
142 0.0038938873913139105
143 0.0037776397075504065
144 0.003583003534004092
145 0.00414349976927042
146 0.004022137261927128
147 0.004103845916688442
148 0.0037444313056766987
149 0.0037732257042080164
150 0.003957611974328756
151 0.00401600357145071
152 0.0037359411362558603
153 0.003944057039916515
154 0.003782107960432768
155 0.0035958723165094852
156 0.0036798708606511354
157 0.0037536676973104477
158 0.004104333929717541
159 0.0037696026265621185
160 0.003480777842923999
161 0.003892931854352355
162 0.003906807862222195
163 0.0035990893375128508
164 0.0037526667583733797
165 0.003871929831802845
166 0.0038307197391986847
167 0.003803680185228586
168 0.004377278033643961
169 0.00413654325529933
170 0.003828967921435833
171 0.003605728503316641
172 0.003787185298278928
173 0.00363066210411489
174 0.003947223071008921
175 0.004053588956594467
176 0.004298716317862272
177 0.0038776809815317392
178 0.0034607553388923407
179 0.0036289470735937357
180 0.004044756758958101
181 0.004198369104415178
182 0.0038724273908883333
183 0.0038283681496977806
184 0.004009747877717018
185 0.004143519792705774
186 0.0035210337955504656
187 0.003944380674511194
188 0.0037635841872543097
189 0.003778409445658326
190 0.00403498113155365
191 0.003696109401062131
192 0.004046688321977854
193 0.003987048752605915
194 0.004068289417773485
195 0.0043611908331513405
196 0.004046522080898285
197 0.0038078699726611376
198 0.003757720347493887
199 0.0038318142760545015
200 0.003617030568420887
201 0.0036929144989699125
202 0.00397162651643157
203 0.0035546873696148396
204 0.003839442739263177
205 0.0036911603529006243
206 0.0037437083665281534
207 0.003963860217481852
208 0.004126646555960178
209 0.004061106592416763
210 0.0038702557794749737
211 0.003947074990719557
212 0.0036042004358023405
213 0.003883377881720662
214 0.004057512618601322
215 0.003973170183598995
216 0.004154718015342951
217 0.004194301087409258
218 0.003882086370140314
219 0.004017118830233812
220 0.00392125453799963
221 0.003998766653239727
222 0.0036738577764481306
223 0.004095852375030518
224 0.0036630581598728895
225 0.0040453155525028706
226 0.003992296755313873
227 0.0038720876909792423
228 0.004240082576870918
229 0.003971044439822435
230 0.0037130198907107115
231 0.003983159549534321
232 0.003935039974749088
233 0.0037781870923936367
234 0.0038396089803427458
235 0.003706603776663542
236 0.003983698785305023
237 0.0038798858877271414
238 0.0038935800548642874
239 0.0041434201411902905
240 0.003984568174928427
241 0.0040521700866520405
242 0.00379799772053957
243 0.0034887120127677917
244 0.003912437241524458
245 0.0037896072026342154
246 0.004183799959719181
247 0.0039450982585549355
248 0.004217896144837141
249 0.003703288035467267
250 0.003534246003255248
251 0.003364723874256015
252 0.0036791739985346794
253 0.0037828905042260885
254 0.004035057500004768
255 0.003733306657522917
