0 0.003944223280996084
1 0.0034505710937082767
2 0.003808824811130762
3 0.003949528094381094
4 0.00413880730047822
5 0.003867688588798046
6 0.003991198725998402
7 0.004027649760246277
8 0.004079431761056185
9 0.0035920757800340652
10 0.004047207534313202
11 0.0038796525914222
12 0.0036284870002418756
13 0.003692073281854391
14 0.0038354722782969475
15 0.004180064424872398
16 0.0039752875454723835
17 0.003928394056856632
18 0.0036422184202820063
19 0.003918787930160761
20 0.003983787726610899
21 0.00422696303576231
22 0.004038576502352953
23 0.0039830319583415985
24 0.003950041253119707
25 0.0039600711315870285
26 0.004012217745184898
27 0.003984410781413317
28 0.004071161616593599
29 0.0038111640606075525
30 0.004470138810575008
31 0.003895815461874008
32 0.0037629229482263327
33 0.0035878473427146673
34 0.003734759520739317
35 0.004077453166246414
36 0.004118664655834436
37 0.003778975922614336
38 0.004086471162736416
39 0.0042235334403812885
40 0.003879892872646451
41 0.003270732006058097
42 0.003913586493581533
43 0.00383037724532187
44 0.0038471752777695656
45 0.003907145466655493
46 0.004222649149596691
47 0.004253213293850422
48 0.004065161105245352
49 0.00363709544762969
50 0.0042483629658818245
51 0.003449642099440098
52 0.004184531979262829
53 0.0038182807620614767
54 0.003837336553260684
55 0.00410395348444581
56 0.003784697037190199
57 0.004001679364591837
58 0.00381843070499599
59 0.0037117493338882923
60 0.0037478404119610786
61 0.003889514598995447
62 0.004126081708818674
63 0.003691242542117834
64 0.0038989675231277943
65 0.0037082922644913197
66 0.003984371665865183
67 0.003773072035983205
68 0.0037204744294285774
69 0.0040230643935501575
70 0.004178399220108986
71 0.003987380303442478
72 0.004021129570901394
73 0.0036486468743532896
74 0.0038581928238272667
75 0.004444399382919073
76 0.004000708926469088
77 0.004167414736002684
78 0.0038645693566650152
79 0.003731431905180216
80 0.0036353885661810637
81 0.00407176511362195
82 0.003763760905712843
83 0.0038447037804871798
84 0.0040400163270533085
85 0.003788237925618887
86 0.0037001098971813917
87 0.004125799518078566
88 0.0036422458942979574
89 0.0036851016338914633
90 0.0040084500797092915
91 0.0040307966992259026
92 0.004215606488287449
93 0.00415010703727603
94 0.0036993720568716526
95 0.0038319556042551994
96 0.004128646571189165
97 0.004256156738847494
98 0.0037154052406549454
99 0.0039017556700855494
100 0.003980371635407209
101 0.003962461370974779
102 0.003850542474538088
103 0.00418121088296175
104 0.003940651658922434
105 0.0040449765510857105
106 0.003947894088923931
107 0.0042693763971328735
108 0.0044309780932962894
109 0.0040298704989254475
110 0.0038802509661763906
111 0.003888263599947095
112 0.003991353325545788
113 0.004237656947225332
114 0.0039252727292478085
115 0.003772635944187641
116 0.004174395930022001
117 0.0038449231069535017
118 0.0038386094383895397
119 0.0038202356081455946
120 0.003921940457075834
121 0.00406276062130928
122 0.004323309753090143
123 0.0038734290283173323
124 0.004131042864173651
125 0.003938483074307442
126 0.0043432642705738544
127 0.0039715333841741085
128 0.003579700132831931
129 0.0038388031534850597
130 0.00382498768158257
131 0.0035927575081586838
132 0.0039564212784171104
133 0.004018888808786869
134 0.00393135379999876
135 0.0036156042478978634
136 0.004360456485301256
137 0.003884859848767519
138 0.0037180879153311253
139 0.0039005973376333714
140 0.0035954322665929794
141 0.003580528311431408
142 0.003923032898455858
143 0.003895867383107543
144 0.0035572517663240433
145 0.004078056197613478
146 0.0039635468274354935
147 0.00402902951464057
148 0.003950434736907482
149 0.003994247410446405
150 0.0038738457951694727
151 0.003917228896170855
152 0.003772226395085454
153 0.0038074622862040997
154 0.0037833373062312603
155 0.003491793293505907
156 0.0037846718914806843
157 0.003869650885462761
158 0.004078286234289408
159 0.003669396508485079
160 0.0037037685979157686
161 0.0037846022751182318
162 0.004282570909708738
163 0.0037632156163454056
164 0.003934864420443773
165 0.003972259350121021
166 0.0038366049993783236
167 0.003920549992471933
168 0.004212385043501854
169 0.0039846147410571575
170 0.0038504560943692923
171 0.0037792876828461885
172 0.0036619233433157206
173 0.0039180065505206585
174 0.0040442910976707935
175 0.004036002326756716
176 0.004153532907366753
177 0.003916703164577484
178 0.0034301327541470528
179 0.003587376093491912
180 0.003882363671436906
181 0.004153894726186991
182 0.0036621782928705215
183 0.003857039613649249
184 0.004016929771751165
185 0.004377042409032583
186 0.0035845565143972635
187 0.0037884062621742487
188 0.00397249823436141
189 0.0037277964875102043
190 0.003949556965380907
191 0.0038538214284926653
192 0.0038851655554026365
193 0.0038978082593530416
194 0.004079574719071388
195 0.004220281727612019
196 0.0042857639491558075
197 0.0037854714319109917
198 0.003799895290285349
199 0.0036949238274246454
200 0.003833054332062602
201 0.0037936687003821135
202 0.0038947227876633406
203 0.003895537229254842
204 0.003624838776886463
205 0.003663707757368684
206 0.003886784426867962
207 0.004049915354698896
208 0.00383379845879972
209 0.003855534829199314
210 0.003654861357063055
211 0.004039560444653034
212 0.003691374557092786
213 0.0036195137072354555
214 0.0041305446065962315
215 0.004168013576418161
216 0.004077279940247536
217 0.004070722032338381
218 0.003665699390694499
219 0.003735077567398548
220 0.0039985948242247105
221 0.004063441883772612
222 0.0034904619678854942
223 0.004249502904713154
224 0.0037200949154794216
225 0.0037753840442746878
226 0.0039657363668084145
227 0.0037424617912620306
228 0.003988337703049183
229 0.00395191228017211
230 0.004004342015832663
231 0.0044351015239953995
232 0.0037875657435506582
233 0.0035503623075783253
234 0.003921870142221451
235 0.0038763226475566626
236 0.0038908172864466906
237 0.003685076255351305
238 0.0037482655607163906
239 0.004044014494866133
240 0.004113131668418646
241 0.0038995593786239624
242 0.003759459126740694
243 0.003855222836136818
244 0.003774263896048069
245 0.0038659516721963882
246 0.004062778316438198
247 0.00421014754101634
248 0.003889271756634116
249 0.004016732797026634
250 0.0037920125760138035
251 0.0035693561658263206
252 0.0037634980399161577
253 0.0034620908554643393
254 0.0038385221268981695
255 0.003568564308807254
