0 0.00408528745174408
1 0.003445969894528389
2 0.0036032614298164845
3 0.003672515507787466
4 0.004047381691634655
5 0.0037678286898881197
6 0.003962208051234484
7 0.004209116101264954
8 0.004023895598948002
9 0.00357302138581872
10 0.004011933226138353
11 0.003772345371544361
12 0.0037719851825386286
13 0.004026039503514767
14 0.004011889453977346
15 0.003923433367162943
16 0.0037602230440825224
17 0.003686564974486828
18 0.0037522255443036556
19 0.004026305396109819
20 0.004193494562059641
21 0.004077627323567867
22 0.003925296477973461
23 0.0037982277572155
24 0.003976674750447273
25 0.003903542645275593
26 0.0037840523291379213
27 0.0038304266054183245
28 0.003938846755772829
29 0.0039150295779109
30 0.004183880984783173
31 0.003717271611094475
32 0.003648534417152405
33 0.003663796465843916
34 0.0034834162797778845
35 0.003866469720378518
36 0.004064435139298439
37 0.004019384738057852
38 0.004018870182335377
39 0.004242137540131807
40 0.004158993251621723
41 0.0035341002512723207
42 0.0037947732489556074
43 0.0037985958624631166
44 0.0038916864432394505
45 0.003916129935532808
46 0.0043116966262459755
47 0.004145724233239889
48 0.003960819914937019
49 0.003855629125609994
50 0.0041319443844258785
51 0.0035927060525864363
52 0.004000455141067505
53 0.003755281213670969
54 0.0036307047121226788
55 0.004323582164943218
56 0.003960123751312494
57 0.0037163333036005497
58 0.0037474711425602436
59 0.003716815263032913
60 0.003463888540863991
61 0.003987328615039587
62 0.00425051711499691
63 0.003876104950904846
64 0.004280896857380867
65 0.003812368493527174
66 0.0038897660560905933
67 0.003782800165936351
68 0.004125264473259449
69 0.004354837816208601
70 0.00420946441590786
71 0.0036363203544169664
72 0.003974662162363529
73 0.0040534189902246
74 0.0038762439507991076
75 0.0041365125216543674
76 0.003995249513536692
77 0.0037562057841569185
78 0.003884868463501334
79 0.004084252752363682
80 0.0039379349909722805
81 0.004145504906773567
82 0.003822503611445427
83 0.003572802059352398
84 0.004005999304354191
85 0.003570017172023654
86 0.004021451808512211
87 0.0038427491672337055
88 0.0035502228420227766
89 0.003839310258626938
90 0.00401294743642211
91 0.0039359345100820065
92 0.0036911056376993656
93 0.004156567621976137
94 0.0035746709909290075
95 0.004255394916981459
96 0.0039991051889956
97 0.00393786933273077
98 0.003479546867311001
99 0.004105468280613422
100 0.004057477228343487
101 0.004136987030506134
102 0.0036756687331944704
103 0.0042108879424631596
104 0.00372704747132957
105 0.00416228175163269
106 0.003823616774752736
107 0.004695398733019829
108 0.0042197792790830135
109 0.0038347477093338966
110 0.004284391179680824
111 0.0036987937055528164
112 0.0036505076568573713
113 0.004269901663064957
114 0.004030283540487289
115 0.003974759951233864
116 0.003803298808634281
117 0.004094036296010017
118 0.00359426811337471
119 0.003836883930489421
120 0.003920422866940498
121 0.004483032505959272
122 0.004223596304655075
123 0.003775252029299736
124 0.00434099929407239
125 0.003995221108198166
126 0.004184945020824671
127 0.0038098429795354605
128 0.0036343452520668507
129 0.00356096588075161
130 0.0036998263094574213
131 0.003797692246735096
132 0.003988099750131369
133 0.004228874575346708
134 0.0038467959966510534
135 0.003726756200194359
136 0.004241746384650469
137 0.003764276159927249
138 0.004175285343080759
139 0.003867216408252716
140 0.0035574170760810375
141 0.003814200172200799
142 0.003978460095822811
143 0.0036738223861902952
144 0.003977630287408829
145 0.0038613362703472376
146 0.003934009931981564
147 0.0038541017565876245
148 0.004078672267496586
149 0.004029680974781513
150 0.00408882275223732
151 0.0040691508911550045
152 0.0036783034447580576
153 0.003930571489036083
154 0.003887756960466504
155 0.0036197153385728598
156 0.003862458746880293
157 0.0036024015862494707
158 0.003826180472970009
159 0.0037247450090944767
160 0.0040640574879944324
161 0.004047659691423178
162 0.004147774074226618
163 0.0036592865362763405
164 0.0038493580650538206
165 0.003924856893718243
166 0.004117815755307674
167 0.0037127395626157522
168 0.004126040264964104
169 0.004142247140407562
170 0.003627563128247857
171 0.003854710143059492
172 0.00363374431617558
173 0.003844581078737974
174 0.004253432620316744
175 0.003940691705793142
176 0.0041165123693645
177 0.003935912158340216
178 0.003477182239294052
179 0.0037597669288516045
180 0.0036325918044894934
181 0.0041587622836232185
182 0.003932240419089794
183 0.0038582095876336098
184 0.004005745518952608
185 0.00424277363345027
186 0.0033548178616911173
187 0.004038924816995859
188 0.004075445234775543
189 0.0036510939244180918
190 0.00372158526442945
191 0.003675751155242324
192 0.003687983611598611
193 0.0039664669893682
194 0.003942075651139021
195 0.004059740342199802
196 0.004416473675519228
197 0.0038483201060444117
198 0.0037463512271642685
199 0.0037096922751516104
200 0.003824851242825389
201 0.003649225225672126
202 0.004042877350002527
203 0.003697207197546959
204 0.0038380685728043318
205 0.0035485660191625357
206 0.0036770314909517765
207 0.004065119195729494
208 0.004074150696396828
209 0.004022916313260794
210 0.0036079727578908205
211 0.0041840458288788795
212 0.0036200277972966433
213 0.003832543035969138
214 0.00402715103700757
215 0.004303728695958853
216 0.00389809999614954
217 0.003920041956007481
218 0.003875765483826399
219 0.0038778516463935375
220 0.003746834583580494
221 0.004089240450412035
222 0.003864951664581895
223 0.004147664178162813
224 0.0038993973284959793
225 0.003987076226621866
226 0.004080366343259811
227 0.003665519878268242
228 0.003901462536305189
229 0.004140806384384632
230 0.0036673187278211117
231 0.004204986151307821
232 0.0037579901982098818
233 0.0036865270230919123
234 0.0035633472725749016
235 0.00396060710772872
236 0.003943336196243763
237 0.0038055393379181623
238 0.0037896435242146254
239 0.0040639243088662624
240 0.00409008888527751
241 0.0037846583873033524
242 0.0039823176339268684
243 0.004006254952400923
244 0.003751744981855154
245 0.0037618363276124
246 0.004074922762811184
247 0.004155668430030346
248 0.004029473289847374
249 0.003959026653319597
250 0.003692006226629019
251 0.003552823793143034
252 0.003809624118730426
253 0.003689490957185626
254 0.004094239789992571
255 0.003738903673365712
