0 0.003969108685851097
1 0.003292234381660819
2 0.0038414679002016783
3 0.004026593640446663
4 0.004036159720271826
5 0.003730419324710965
6 0.004074619617313147
7 0.004131573252379894
8 0.004051778465509415
9 0.003761766478419304
10 0.004032272845506668
11 0.003938659094274044
12 0.0037126196548342705
13 0.0036309934221208096
14 0.0038153703790158033
15 0.003994772210717201
16 0.004025735892355442
17 0.003966213203966618
18 0.003927402663975954
19 0.00391231058165431
20 0.0040297298692166805
21 0.004008376505225897
22 0.00387255079112947
23 0.003720551962032914
24 0.003867287654429674
25 0.004213356878608465
26 0.004017379600554705
27 0.004097616765648127
28 0.004169784486293793
29 0.0038618571124970913
30 0.004299483727663755
31 0.003959679510444403
32 0.003629521233960986
33 0.0038743861950933933
34 0.003552537877112627
35 0.00414361571893096
36 0.003882110584527254
37 0.0039027512539178133
38 0.003998486325144768
39 0.003954353276640177
40 0.00401937123388052
41 0.0035162027925252914
42 0.003941134084016085
43 0.003719320520758629
44 0.003750520059838891
45 0.0037366976030170918
46 0.004228726960718632
47 0.004229037556797266
48 0.004082831088453531
49 0.003715740516781807
50 0.004111519083380699
51 0.0036793132312595844
52 0.003816468408331275
53 0.003878524759784341
54 0.0038025968242436647
55 0.00400281697511673
56 0.004036669619381428
57 0.0038224435411393642
58 0.003925564233213663
59 0.00396678876131773
60 0.00381930498406291
61 0.004014462698251009
62 0.004292727448046207
63 0.003635610220953822
64 0.003961560782045126
65 0.0037060061004012823
66 0.003664291463792324
67 0.003830184228718281
68 0.0039224992506206036
69 0.004208236001431942
70 0.00417830515652895
71 0.0038678226992487907
72 0.003915025852620602
73 0.0037300940603017807
74 0.00407436303794384
75 0.004508704878389835
76 0.004005827009677887
77 0.004095115698873997
78 0.003777564037591219
79 0.003747522132471204
80 0.003966734744608402
81 0.004285980947315693
82 0.003788040718063712
83 0.003900722600519657
84 0.0039896611124277115
85 0.0037839736323803663
86 0.003605458652600646
87 0.003932639956474304
88 0.0037066780496388674
89 0.003592929570004344
90 0.003805596148595214
91 0.003960299305617809
92 0.00379860308021307
93 0.004361358936876059
94 0.003931593149900436
95 0.0039719450287520885
96 0.003916298504918814
97 0.0041642156429588795
98 0.003782122628763318
99 0.00406991271302104
100 0.00386866950429976
101 0.004188028629869223
102 0.003633188083767891
103 0.004210497252643108
104 0.0037108284886926413
105 0.0040193782187998295
106 0.004057424608618021
107 0.004468217026442289
108 0.004260793793946505
109 0.003928797785192728
110 0.003961533308029175
111 0.003919636365026236
112 0.003721389686688781
113 0.004384503699839115
114 0.00418310659006238
115 0.003784422529861331
116 0.004059400409460068
117 0.0036076500546187162
118 0.0034915669821202755
119 0.004056110978126526
120 0.003901966381818056
121 0.003983877133578062
122 0.004355788230895996
123 0.003898868802934885
124 0.004161998629570007
125 0.003827360924333334
126 0.004198293201625347
127 0.003937581554055214
128 0.003854530630633235
129 0.0036374167539179325
130 0.003660971764475107
131 0.0036286297254264355
132 0.004012957215309143
133 0.004179386422038078
134 0.003867330029606819
135 0.003589932806789875
136 0.004171112552285194
137 0.0038837867323309183
138 0.004205142147839069
139 0.0040255882777273655
140 0.003725813701748848
141 0.0035092667676508427
142 0.0038091863971203566
143 0.003644414711743593
144 0.003503629006445408
145 0.0041651176288723946
146 0.00392110226675868
147 0.003974787890911102
148 0.0037489731330424547
149 0.003925981931388378
150 0.0040704188868403435
151 0.004199093673378229
152 0.0035155704244971275
153 0.003933639731258154
154 0.0038081577513366938
155 0.00365508277900517
156 0.0037690617609769106
157 0.003730348078534007
158 0.0038714760448783636
159 0.0036549505311995745
160 0.0035263283643871546
161 0.0038403947837650776
162 0.0043057044968008995
163 0.003561032237485051
164 0.0037612924352288246
165 0.0037158604245632887
166 0.0037851035594940186
167 0.004064429551362991
168 0.004011283628642559
169 0.004078461788594723
170 0.0037749295588582754
171 0.003863109741359949
172 0.003682349342852831
173 0.0037144252564758062
174 0.003956625238060951
175 0.004027216229587793
176 0.004091197159141302
177 0.003930228762328625
178 0.0034634736366569996
179 0.0035858803894370794
180 0.003601518226787448
181 0.004126418847590685
182 0.0040922705084085464
183 0.004005689639598131
184 0.0038551948964595795
185 0.004250934347510338
186 0.0035395901650190353
187 0.0038154362700879574
188 0.003776639001443982
189 0.003909511957317591
190 0.0039083082228899
191 0.003789725713431835
192 0.00397564098238945
193 0.003929138649255037
194 0.004052771255373955
195 0.004140094853937626
196 0.004513249266892672
197 0.0038019984494894743
198 0.0038247480988502502
199 0.0038415566086769104
200 0.0038939679507166147
201 0.0037027159705758095
202 0.0040293666534125805
203 0.0037116012535989285
204 0.0038453734014183283
205 0.003454717807471752
206 0.003604871453717351
207 0.003976943902671337
208 0.004016577266156673
209 0.0038937474600970745
210 0.0037734752986580133
211 0.00420464389026165
212 0.0037604300305247307
213 0.003840369638055563
214 0.004054104443639517
215 0.004034828394651413
216 0.004236126318573952
217 0.0040413434617221355
218 0.0038796060252934694
219 0.0037726527079939842
220 0.003667105920612812
221 0.004244574811309576
222 0.0035830982960760593
223 0.004115421324968338
224 0.0037395667750388384
225 0.003921521361917257
226 0.004008702002465725
227 0.0037630535662174225
228 0.003946834709495306
229 0.004230837803333998
230 0.0036864024586975574
231 0.004146425053477287
232 0.004053811077028513
233 0.0035586354788392782
234 0.0038153245113790035
235 0.003809186862781644
236 0.0042437659576535225
237 0.0036831654142588377
238 0.003972006030380726
239 0.004221328534185886
240 0.003988266456872225
241 0.0040011038072407246
242 0.003916619811207056
243 0.003552420763298869
244 0.0037655041087418795
245 0.003869932144880295
246 0.004368484020233154
247 0.004065186250954866
248 0.003927220590412617
249 0.0037481479812413454
250 0.0036219132598489523
251 0.0035890794824808836
252 0.0038451661821454763
253 0.0038391447160393
254 0.0037611934822052717
255 0.0036991513334214687
