0 0.004119644872844219
1 0.0034198423381894827
2 0.003605638165026903
3 0.003864527214318514
4 0.004049314651638269
5 0.003831547684967518
6 0.004256968852132559
7 0.004109417088329792
8 0.0041277422569692135
9 0.0036722759250551462
10 0.004275054670870304
11 0.003882372286170721
12 0.0036935494281351566
13 0.0038729675579816103
14 0.003757102880626917
15 0.003697273787111044
16 0.0042068567126989365
17 0.0039126332849264145
18 0.003730983706191182
19 0.003757733153179288
20 0.003935735672712326
21 0.004078597761690617
22 0.0039423792622983456
23 0.003773175645619631
24 0.003797004697844386
25 0.004127859603613615
26 0.0038770597893744707
27 0.0040162233635783195
28 0.0038930559530854225
29 0.004023626446723938
30 0.004202171228826046
31 0.0038344147615134716
32 0.003715749830007553
33 0.0036727727856487036
34 0.0036304742097854614
35 0.0038518989458680153
36 0.004126901272684336
37 0.0039284671656787395
38 0.003852030262351036
39 0.0042406003922224045
40 0.0042696804739534855
41 0.0033973439130932093
42 0.0038985584396868944
43 0.0037841240409761667
44 0.004057250916957855
45 0.0037661506794393063
46 0.004248315934091806
47 0.004230062942951918
48 0.0038808726239949465
49 0.003964250907301903
50 0.004285369534045458
51 0.0036795001942664385
52 0.003906594589352608
53 0.003744898596778512
54 0.003798693884164095
55 0.004039425868541002
56 0.003936986904591322
57 0.0039078714326024055
58 0.003813937772065401
59 0.004027734510600567
60 0.00401530135422945
61 0.00396848376840353
62 0.0039576380513608456
63 0.003963547293096781
64 0.003956342115998268
65 0.003831051057204604
66 0.0036742789670825005
67 0.003959823865443468
68 0.0038742336910218
69 0.004010720644146204
70 0.00417377008125186
71 0.00371991703286767
72 0.00384225114248693
73 0.004044550471007824
74 0.004083038307726383
75 0.004379071295261383
76 0.004158533178269863
77 0.0035968832671642303
78 0.003978110384196043
79 0.00377008318901062
80 0.003719700500369072
81 0.004070750437676907
82 0.004113342147320509
83 0.003770236624404788
84 0.003923859912902117
85 0.0036342693492770195
86 0.00406990060582757
87 0.0039021275006234646
88 0.003411862999200821
89 0.003941181115806103
90 0.004168943036347628
91 0.0038585364818573
92 0.004126166459172964
93 0.004208841826766729
94 0.003857570933178067
95 0.003778588492423296
96 0.003957277629524469
97 0.004129887092858553
98 0.003929075784981251
99 0.004051049239933491
100 0.003834862494841218
101 0.004178403876721859
102 0.003779227379709482
103 0.00398200424388051
104 0.003753632539883256
105 0.0041682836599648
106 0.0038414287846535444
107 0.004397084470838308
108 0.00402003712952137
109 0.003922342788428068
110 0.003974159713834524
111 0.003854818642139435
112 0.003641594434157014
113 0.004168406594544649
114 0.0038521389942616224
115 0.003704614471644163
116 0.003878430463373661
117 0.0040491921827197075
118 0.003360837697982788
119 0.004062805324792862
120 0.003970761317759752
121 0.004236659500747919
122 0.004308359231799841
123 0.0037814422976225615
124 0.004121568985283375
125 0.003926233388483524
126 0.003893066430464387
127 0.003892000298947096
128 0.0037888477090746164
129 0.003691301215440035
130 0.003464972833171487
131 0.0037701644469052553
132 0.0037816246040165424
133 0.004287852440029383
134 0.004001863766461611
135 0.0036139115691184998
136 0.00449488777667284
137 0.003838591044768691
138 0.004118144977837801
139 0.004114700015634298
140 0.003786384593695402
141 0.003764487337321043
142 0.0039574140682816505
143 0.003633306361734867
144 0.0036358346696943045
145 0.003956698812544346
146 0.003796712029725313
147 0.003766062203794718
148 0.003937885165214539
149 0.0038461987860500813
150 0.004016163293272257
151 0.004131995607167482
152 0.0036364689003676176
153 0.0038050783332437277
154 0.00397406006231904
155 0.003492677351459861
156 0.003687834832817316
157 0.0035157958045601845
158 0.004058202728629112
159 0.0037675604689866304
160 0.0037773423828184605
161 0.003829946741461754
162 0.0041176313534379005
163 0.0035801143385469913
164 0.0035754418931901455
165 0.003796177450567484
166 0.004122226964682341
167 0.0037269187159836292
168 0.00406758114695549
169 0.004025735892355442
170 0.0036116146948188543
171 0.003980001900345087
172 0.0037213130854070187
173 0.0038140160031616688
174 0.004104438703507185
175 0.0038666250184178352
176 0.004284068942070007
177 0.003968120086938143
178 0.0035251302178949118
179 0.003874880960211158
180 0.003586764680221677
181 0.00418089609593153
182 0.003942887764424086
183 0.0038402811624109745
184 0.004000558517873287
185 0.003934904467314482
186 0.0036670106928795576
187 0.0038009651470929384
188 0.003910548519343138
189 0.0037742936983704567
190 0.003868470434099436
191 0.0038369966205209494
192 0.003858978394418955
193 0.003997973166406155
194 0.003995642997324467
195 0.004335411358624697
196 0.004144124686717987
197 0.003708156058564782
198 0.003794677322730422
199 0.004002552013844252
200 0.0036593186669051647
201 0.0037714967038482428
202 0.00370583962649107
203 0.0037578667979687452
204 0.003844026243314147
205 0.003850543638691306
206 0.003541103331372142
207 0.004091023933142424
208 0.004235817119479179
209 0.0039817169308662415
210 0.003705778857693076
211 0.003997266758233309
212 0.003429434495046735
213 0.004062330815941095
214 0.004048303235322237
215 0.004146282095462084
216 0.003939405083656311
217 0.004267789423465729
218 0.0037202194798737764
219 0.0039484212175011635
220 0.0038289499934762716
221 0.003945587668567896
222 0.003683130955323577
223 0.004238704685121775
224 0.003908954095095396
225 0.003942591603845358
226 0.003915091976523399
227 0.0037185964174568653
228 0.00392548181116581
229 0.00396540155634284
230 0.004010350909084082
231 0.0040269168093800545
232 0.003985103219747543
233 0.0038454981986433268
234 0.0035560152027755976
235 0.003864777972921729
236 0.004006612580269575
237 0.0038916971534490585
238 0.003934117965400219
239 0.0038475734181702137
240 0.004164132289588451
241 0.004055984318256378
242 0.0037702126428484917
243 0.0036714673042297363
244 0.003961913287639618
245 0.0037159258499741554
246 0.004221432842314243
247 0.004074746742844582
248 0.0038423112127929926
249 0.0038997302763164043
250 0.003807649714872241
251 0.003468060400336981
252 0.0039474572986364365
253 0.003930230159312487
254 0.004129651002585888
255 0.003772363066673279
