0 0.00395616888999939
1 0.003515959484502673
2 0.004053959622979164
3 0.0038358820602297783
4 0.004109909757971764
5 0.003969095181673765
6 0.004184171557426453
7 0.004084156826138496
8 0.0040014623664319515
9 0.0036281694192439318
10 0.00395527807995677
11 0.0038015060126781464
12 0.0038465543184429407
13 0.0038047616835683584
14 0.003974143881350756
15 0.00383039191365242
16 0.003771391464397311
17 0.003999317530542612
18 0.0038315067067742348
19 0.003934658598154783
20 0.004194604232907295
21 0.004007227718830109
22 0.00397659745067358
23 0.0036885389126837254
24 0.003942169714719057
25 0.003968199715018272
26 0.003947076387703419
27 0.0037470317911356688
28 0.004037048667669296
29 0.004037353675812483
30 0.004376087803393602
31 0.003985311836004257
32 0.003750208765268326
33 0.003594115609303117
34 0.003639282425865531
35 0.003905273973941803
36 0.0041625057347118855
37 0.003986839670687914
38 0.004119908437132835
39 0.004037588369101286
40 0.004099688958376646
41 0.0036663427017629147
42 0.003991538193076849
43 0.003918368835002184
44 0.003937843721359968
45 0.003841776167973876
46 0.004040167201310396
47 0.004166201688349247
48 0.003908672835677862
49 0.003639008617028594
50 0.004093110095709562
51 0.0037217619828879833
52 0.004095010459423065
53 0.003835993120446801
54 0.00403684051707387
55 0.003967404831200838
56 0.004142830614000559
57 0.003777017816901207
58 0.0037366384640336037
59 0.0037879347801208496
60 0.0038760495372116566
61 0.00410511065274477
62 0.004187324084341526
63 0.003722714725881815
64 0.00401661079376936
65 0.003793711308389902
66 0.003912011161446571
67 0.0037534041330218315
68 0.0038343311753124
69 0.00400187773630023
70 0.004187933634966612
71 0.0037199712824076414
72 0.0037822199519723654
73 0.0038268472999334335
74 0.0038365968503057957
75 0.004006612114608288
76 0.004062474239617586
77 0.0039179460145533085
78 0.004113464150577784
79 0.0035996497608721256
80 0.0036513390950858593
81 0.00394337996840477
82 0.0038471415173262358
83 0.0036817584186792374
84 0.004004463087767363
85 0.003774672979488969
86 0.0037802557926625013
87 0.0036714531015604734
88 0.0036788838915526867
89 0.0038475252222269773
90 0.0039680697955191135
91 0.00397210568189621
92 0.003962039947509766
93 0.004238211549818516
94 0.003741351654753089
95 0.0037975762970745564
96 0.004061001352965832
97 0.004031939897686243
98 0.0038223881274461746
99 0.0041058678179979324
100 0.003795789321884513
101 0.0041135032661259174
102 0.0037397127598524094
103 0.00431283051148057
104 0.0038858589250594378
105 0.004202198702841997
106 0.004002866335213184
107 0.004430076107382774
108 0.004159451462328434
109 0.0039758821949362755
110 0.004132777452468872
111 0.0039027398452162743
112 0.00375304720364511
113 0.004149972461163998
114 0.003944613039493561
115 0.003713101614266634
116 0.003940467722713947
117 0.003963654860854149
118 0.0036027096211910248
119 0.0039016176015138626
120 0.0038684261962771416
121 0.004200266674160957
122 0.004477479960769415
123 0.003860657336190343
124 0.004160439129918814
125 0.003999033942818642
126 0.004117438569664955
127 0.00383205758407712
128 0.0034995577298104763
129 0.0037244497798383236
130 0.0036523377057164907
131 0.0036584455519914627
132 0.00393667770549655
133 0.004333703313022852
134 0.003933957312256098
135 0.0036461635027080774
136 0.004324497655034065
137 0.0038938235957175493
138 0.004050352610647678
139 0.0038889404386281967
140 0.0035983938723802567
141 0.0036838932428508997
142 0.003869535867124796
143 0.00371020520105958
144 0.0036923550069332123
145 0.004085170105099678
146 0.0038527571596205235
147 0.003878482384607196
148 0.003972321283072233
149 0.003866188693791628
150 0.004110125359147787
151 0.00413115881383419
152 0.0036757593043148518
153 0.0038197690155357122
154 0.003976111765950918
155 0.003577758790925145
156 0.0038498854264616966
157 0.0036820394452661276
158 0.0038203794974833727
159 0.0035978788509964943
160 0.003844464896246791
161 0.0038248247001320124
162 0.004189786501228809
163 0.0036700405180454254
164 0.003857165342196822
165 0.0038471214938908815
166 0.004129806067794561
167 0.003913084510713816
168 0.003923866897821426
169 0.004005236551165581
170 0.003807527245953679
171 0.003946616780012846
172 0.003679692279547453
173 0.003693742910400033
174 0.004205474629998207
175 0.003840279532596469
176 0.004278701730072498
177 0.003864384489133954
178 0.00349849252961576
179 0.003834187751635909
180 0.003675995394587517
181 0.004175964742898941
182 0.00391097366809845
183 0.0038648357149213552
184 0.004007310606539249
185 0.004041632637381554
186 0.003476796206086874
187 0.003967353142797947
188 0.0037520972546190023
189 0.0037509731482714415
190 0.003939578775316477
191 0.0036478573456406593
192 0.003887656144797802
193 0.004056070931255817
194 0.0038876074831932783
195 0.004182019736617804
196 0.004123922903090715
197 0.003845659550279379
198 0.003908257931470871
199 0.0039817350916564465
200 0.003635204629972577
201 0.003932543098926544
202 0.0039162407629191875
203 0.0038437924813479185
204 0.003803535597398877
205 0.0037622791714966297
206 0.003785267472267151
207 0.003998851869255304
208 0.0039400458335876465
209 0.0040303985588252544
210 0.003656916320323944
211 0.003893195418640971
212 0.0036313598975539207
213 0.003739601466804743
214 0.003975827246904373
215 0.0038604706060141325
216 0.003870293265208602
217 0.004036689177155495
218 0.0037934198044240475
219 0.003740472486242652
220 0.003941310569643974
221 0.003984906245023012
222 0.003791297087445855
223 0.0040712603367865086
224 0.0037960659246891737
225 0.00379754276946187
226 0.004082654602825642
227 0.0038433021400123835
228 0.0039290860295295715
229 0.0042844233103096485
230 0.0039345151744782925
231 0.004290180280804634
232 0.00394175760447979
233 0.0037259170785546303
234 0.003818715224042535
235 0.003886653808876872
236 0.004048782866448164
237 0.003910025581717491
238 0.003714672988280654
239 0.003946822602301836
240 0.0040362183935940266
241 0.003803455037996173
242 0.003976710606366396
243 0.003752834629267454
244 0.0039187404327094555
245 0.0037636212073266506
246 0.004093840718269348
247 0.004030166193842888
248 0.00397975230589509
249 0.003815630916506052
250 0.0036632076371461153
251 0.0034689677413553
252 0.003933611325919628
253 0.0038611828349530697
254 0.003940179944038391
255 0.003871126566082239
