0 0.004086272791028023
1 0.0033248881809413433
2 0.0037033858243376017
3 0.0037568071857094765
4 0.004038764629513025
5 0.003941997420042753
6 0.003845362924039364
7 0.004024912603199482
8 0.004094842355698347
9 0.0035757282748818398
10 0.004433607682585716
11 0.003620700677856803
12 0.003817123593762517
13 0.003949721809476614
14 0.003777530277147889
15 0.003889713203534484
16 0.0040641422383487225
17 0.003608891274780035
18 0.003751002484932542
19 0.003790453542023897
20 0.0042488547042012215
21 0.004403859842568636
22 0.004085146822035313
23 0.0037208807189017534
24 0.00395182752981782
25 0.004189550876617432
26 0.004169091582298279
27 0.004071244038641453
28 0.0039801886305212975
29 0.003918739967048168
30 0.004457081202417612
31 0.003711338620632887
32 0.0037496783770620823
33 0.0035721466410905123
34 0.003690914949402213
35 0.003943881951272488
36 0.004297429230064154
37 0.004029631149023771
38 0.003998710308223963
39 0.0042883227579295635
40 0.0043100095354020596
41 0.00347424135543406
42 0.0038201569113880396
43 0.0037660987582057714
44 0.003906126832589507
45 0.0038900708314031363
46 0.004039957653731108
47 0.004137756302952766
48 0.003916190005838871
49 0.004003723617643118
50 0.004049249459058046
51 0.003692006226629019
52 0.0039577968418598175
53 0.0038358757738023996
54 0.003773085307329893
55 0.004061128944158554
56 0.003863968187943101
57 0.0036847491282969713
58 0.0037922405172139406
59 0.003691468620672822
60 0.003949637059122324
61 0.0042108045890927315
62 0.004366926848888397
63 0.0037149011623114347
64 0.004199070855975151
65 0.0036615408025681973
66 0.003756648628041148
67 0.0037097756285220385
68 0.0038188504986464977
69 0.004074215888977051
70 0.0041985418647527695
71 0.0038309129886329174
72 0.003919296432286501
73 0.0037988752592355013
74 0.003751302370801568
75 0.004430957604199648
76 0.0044218250550329685
77 0.003745786612853408
78 0.003996954765170813
79 0.0036436300724744797
80 0.00362686556763947
81 0.004072760697454214
82 0.003775625955313444
83 0.0037706117145717144
84 0.004065703600645065
85 0.003657420864328742
86 0.003908666782081127
87 0.003997910302132368
88 0.0035473264288157225
89 0.0038167540915310383
90 0.00393063947558403
91 0.00389390392228961
92 0.003919991664588451
93 0.004148917738348246
94 0.0037343562580645084
95 0.0038570063188672066
96 0.0040669869631528854
97 0.004082551691681147
98 0.003702617948874831
99 0.004147989675402641
100 0.0036951189395040274
101 0.003999786451458931
102 0.0038669859059154987
103 0.00412330124527216
104 0.003787914291024208
105 0.004287377931177616
106 0.0037463195621967316
107 0.004465574864298105
108 0.004128641448915005
109 0.003771026385948062
110 0.0037525463849306107
111 0.004112074617296457
112 0.003951934166252613
113 0.004259904380887747
114 0.003892680862918496
115 0.0037698023952543736
116 0.004097798839211464
117 0.003906609490513802
118 0.003652398008853197
119 0.003978304099291563
120 0.004057314246892929
121 0.004238314460963011
122 0.004601623397320509
123 0.0038317302241921425
124 0.003938942216336727
125 0.004121960606426001
126 0.004241252783685923
127 0.003972708713263273
128 0.0036931289359927177
129 0.0035753301344811916
130 0.003866541665047407
131 0.0036498557310551405
132 0.003924813121557236
133 0.004185165278613567
134 0.003889376763254404
135 0.0035040131770074368
136 0.004073027055710554
137 0.003825768595561385
138 0.004252498969435692
139 0.0038441841024905443
140 0.0035424900706857443
141 0.004026758950203657
142 0.0038998962845653296
143 0.0036410673055797815
144 0.003207168774679303
145 0.0041468082927167416
146 0.003454500110819936
147 0.0039809527806937695
148 0.003799320664256811
149 0.0036279407795518637
150 0.003953474573791027
151 0.004336383193731308
152 0.0035721620079129934
153 0.003969712182879448
154 0.003772675758227706
155 0.003678299952298403
156 0.00391109986230731
157 0.0038469198625534773
158 0.004023886751383543
159 0.0038456397596746683
160 0.003644494106993079
161 0.0040155393071472645
162 0.004099496174603701
163 0.0037295238580554724
164 0.003782732179388404
165 0.0036573896650224924
166 0.0039094421081244946
167 0.004051347263157368
168 0.004103690851479769
169 0.004147195722907782
170 0.003943458199501038
171 0.003820059122517705
172 0.003430071286857128
173 0.003583986544981599
174 0.003945163916796446
175 0.003921665251255035
176 0.004482259973883629
177 0.003794951131567359
178 0.003305901540443301
179 0.0036694398149847984
180 0.003771955380216241
181 0.0040540494956076145
182 0.003765217261388898
183 0.0038859518244862556
184 0.00419731717556715
185 0.004086439963430166
186 0.003641913179308176
187 0.003924394957721233
188 0.0038319737650454044
189 0.0037018831353634596
190 0.0037169717252254486
191 0.0038442935328930616
192 0.003927969373762608
193 0.003949848935008049
194 0.004154648166149855
195 0.004272801801562309
196 0.0044190650805830956
197 0.0038611870259046555
198 0.0038901460357010365
199 0.0036558154970407486
200 0.0035365428775548935
201 0.003978427033871412
202 0.003972870763391256
203 0.0037412368692457676
204 0.0039003556594252586
205 0.0036065715830773115
206 0.003591480664908886
207 0.004098237492144108
208 0.003996929153800011
209 0.0038729121442884207
210 0.0036006150767207146
211 0.0041058058850467205
212 0.003607942024245858
213 0.004045089241117239
214 0.0038103763945400715
215 0.004181094001978636
216 0.004201474133878946
217 0.0038181093987077475
218 0.003947317134588957
219 0.0037080426700413227
220 0.003817375050857663
221 0.004071523435413837
222 0.003484172048047185
223 0.004319071304053068
224 0.0038476178888231516
225 0.004152823705226183
226 0.003951414488255978
227 0.003743992652744055
228 0.003987668082118034
229 0.004057040438055992
230 0.0035597870592027903
231 0.004185985773801804
232 0.004000156186521053
233 0.0038479731883853674
234 0.003626969875767827
235 0.003716757521033287
236 0.004154576454311609
237 0.0036997967399656773
238 0.003997241146862507
239 0.003846215084195137
240 0.0038408790715038776
241 0.003980033099651337
242 0.0036418186500668526
243 0.0037707057781517506
244 0.004150724038481712
245 0.003989813849329948
246 0.004293431062251329
247 0.003945911768823862
248 0.0039556208066642284
249 0.00378750404343009
250 0.0036335173062980175
251 0.003721806453540921
252 0.003929422236979008
253 0.0036160617601126432
254 0.004140155389904976
255 0.0036851780023425817
