0 0.0039059938862919807
1 0.0032195509411394596
2 0.003956965170800686
3 0.003992977552115917
4 0.003934851381927729
5 0.003912569954991341
6 0.003814773168414831
7 0.004086292814463377
8 0.004041946027427912
9 0.003658400848507881
10 0.004084525629878044
11 0.003761634463444352
12 0.0037852006498724222
13 0.003777320496737957
14 0.003923793323338032
15 0.0041396585293114185
16 0.0039045712910592556
17 0.00384453940205276
18 0.003929352853447199
19 0.004012737423181534
20 0.00414009066298604
21 0.0040062651969492435
22 0.0040068370290100574
23 0.003863889491185546
24 0.003932530991733074
25 0.004043165128678083
26 0.0038581760600209236
27 0.0038787738885730505
28 0.00413932278752327
29 0.003959550987929106
30 0.004178150091320276
31 0.0037649907171726227
32 0.0035894678439944983
33 0.0039040970150381327
34 0.0035771902184933424
35 0.003925956320017576
36 0.00406399741768837
37 0.003718484425917268
38 0.004212524741888046
39 0.00435194605961442
40 0.004031785763800144
41 0.003450259566307068
42 0.00390779972076416
43 0.0037470615934580564
44 0.003980865702033043
45 0.0037876947317272425
46 0.00427234685048461
47 0.004246885422617197
48 0.004049941897392273
49 0.0037725309375673532
50 0.004040072206407785
51 0.0036959892604500055
52 0.0038892885204404593
53 0.003922539297491312
54 0.003839702345430851
55 0.004120766185224056
56 0.00420407997444272
57 0.003790617920458317
58 0.0037602882366627455
59 0.0037652654573321342
60 0.003761814907193184
61 0.003994984086602926
62 0.003983387723565102
63 0.0036652127746492624
64 0.004175115376710892
65 0.003769535571336746
66 0.00374576891772449
67 0.0038645255845040083
68 0.0041387793608009815
69 0.004007917363196611
70 0.004156623501330614
71 0.0037307615857571363
72 0.0037811186630278826
73 0.003824451006948948
74 0.004162845201790333
75 0.004287515766918659
76 0.004024535417556763
77 0.004033166449517012
78 0.003583437530323863
79 0.0037067553494125605
80 0.003886620979756117
81 0.004142388701438904
82 0.00383447646163404
83 0.0035880226641893387
84 0.00400615343824029
85 0.003879644675180316
86 0.0038124893326312304
87 0.0036843076813966036
88 0.0037410310469567776
89 0.0038196821697056293
90 0.004124645609408617
91 0.0038306289352476597
92 0.0036881365813314915
93 0.004277299623936415
94 0.003697531996294856
95 0.003852590685710311
96 0.003960167523473501
97 0.004357628524303436
98 0.0037025411147624254
99 0.004039058927446604
100 0.003929527942091227
101 0.004174407105892897
102 0.0036918260157108307
103 0.004257285967469215
104 0.0037729113828390837
105 0.004055114928632975
106 0.0036976297851651907
107 0.004293755162507296
108 0.004037628415971994
109 0.003895797999575734
110 0.004177584778517485
111 0.0038300531450659037
112 0.0038224589079618454
113 0.004435520153492689
114 0.004123862367123365
115 0.003940287511795759
116 0.0038885856047272682
117 0.004101129248738289
118 0.003756814869120717
119 0.0037636307533830404
120 0.0040308767929673195
121 0.004332580137997866
122 0.004160047043114901
123 0.0038138790987432003
124 0.0042480723932385445
125 0.0036746198311448097
126 0.004151310306042433
127 0.0038903048262000084
128 0.003584564197808504
129 0.0036094451788812876
130 0.003651660168543458
131 0.0034965621307492256
132 0.004115625284612179
133 0.004013041965663433
134 0.0037438664585351944
135 0.0038488113787025213
136 0.004152268171310425
137 0.0038354001007974148
138 0.003975887317210436
139 0.0039101592265069485
140 0.0037733889184892178
141 0.003658517263829708
142 0.00382627104409039
143 0.0038068171124905348
144 0.003695011604577303
145 0.004070809576660395
146 0.003824076848104596
147 0.003987662959843874
148 0.0037659285590052605
149 0.003928845282644033
150 0.003984636161476374
151 0.004003921523690224
152 0.0034657770302146673
153 0.003985818941146135
154 0.003786942455917597
155 0.0035700106527656317
156 0.003678566310554743
157 0.003606353886425495
158 0.0041317990981042385
159 0.003298413008451462
160 0.003874556627124548
161 0.003738606348633766
162 0.004487019032239914
163 0.003563537495210767
164 0.0035983289126306772
165 0.004088213201612234
166 0.003949945326894522
167 0.0037541482597589493
168 0.004069575574249029
169 0.004278772976249456
170 0.003831523470580578
171 0.0036181919276714325
172 0.0035761939361691475
173 0.0038903302047401667
174 0.0040712663903832436
175 0.0039314571768045425
176 0.003984273876994848
177 0.003771124640479684
178 0.0036567223723977804
179 0.0036392686888575554
180 0.0036986940540373325
181 0.004282626789063215
182 0.0042180889286100864
183 0.0039215548895299435
184 0.003979319240897894
185 0.004251609090715647
186 0.0035915023181587458
187 0.003792202565819025
188 0.0038814994040876627
189 0.0037697514053434134
190 0.00401128176599741
191 0.0036764719989150763
192 0.0038123009726405144
193 0.003857178846374154
194 0.0040094489231705666
195 0.004260500892996788
196 0.004232274368405342
197 0.003730598371475935
198 0.0036494897212833166
199 0.003909402526915073
200 0.0041166250593960285
201 0.0037165468093007803
202 0.0041045560501515865
203 0.00398859940469265
204 0.003861629404127598
205 0.003777247155085206
206 0.0038760961033403873
207 0.004048067145049572
208 0.004175929352641106
209 0.0039652748964726925
210 0.003742867847904563
211 0.004244366195052862
212 0.003554824972525239
213 0.0038572244811803102
214 0.004036519676446915
215 0.003979104571044445
216 0.004068441689014435
217 0.00428995955735445
218 0.0038166381418704987
219 0.003922872710973024
220 0.003680112771689892
221 0.004115276504307985
222 0.003808763576671481
223 0.0040640379302203655
224 0.003787155030295253
225 0.0038882719818502665
226 0.004046624060720205
227 0.003953354433178902
228 0.003998331725597382
229 0.0040565901435911655
230 0.003931487910449505
231 0.004220876377075911
232 0.0038262729067355394
233 0.0035658697597682476
234 0.0037556004244834185
235 0.003916537389159203
236 0.004129039589315653
237 0.003849612781777978
238 0.0038029258139431477
239 0.003990999888628721
240 0.003921920899301767
241 0.003573595080524683
242 0.0039649722166359425
243 0.0038077072240412235
244 0.0037574726156890392
245 0.0037162676453590393
246 0.004253390245139599
247 0.004155435599386692
248 0.004010566044598818
249 0.003667233744636178
250 0.003745037131011486
251 0.0036580089945346117
252 0.0038854137528687716
253 0.00384991685859859
254 0.0037698359228670597
255 0.003686703508719802
