0 0.003845934523269534
1 0.0035351403057575226
2 0.0038769145030528307
3 0.003962411545217037
4 0.004028140101581812
5 0.003961282782256603
6 0.004039417486637831
7 0.003907823469489813
8 0.0039655533619225025
9 0.003640857758000493
10 0.004229445941746235
11 0.0038183368742465973
12 0.0036847854498773813
13 0.0036413087509572506
14 0.003763201180845499
15 0.0038778958842158318
16 0.003937266301363707
17 0.003831785637885332
18 0.0038443836383521557
19 0.003829074092209339
20 0.004053286276757717
21 0.004110313486307859
22 0.004042008426040411
23 0.003782490501180291
24 0.003972479607909918
25 0.004150725901126862
26 0.004005316644906998
27 0.0040078237652778625
28 0.004120753146708012
29 0.003872159169986844
30 0.0041532255709171295
31 0.0039106071926653385
32 0.0035882857628166676
33 0.003722043242305517
34 0.0036346521228551865
35 0.004050141200423241
36 0.0042739612981677055
37 0.0037046759389340878
38 0.003861014498397708
39 0.00415086979046464
40 0.003991903271526098
41 0.003253205446526408
42 0.003853738773614168
43 0.003843685844913125
44 0.003994876053184271
45 0.003780055558308959
46 0.004131583496928215
47 0.004142518620938063
48 0.003813117975369096
49 0.003893421031534672
50 0.004249428864568472
51 0.0035503488034009933
52 0.004073968157172203
53 0.0036581633612513542
54 0.0037700864486396313
55 0.0041100038215518
56 0.003975059371441603
57 0.003749507712200284
58 0.0037979683838784695
59 0.0038601839914917946
60 0.003880475414916873
61 0.003882136894389987
62 0.004059541039168835
63 0.004048741888254881
64 0.003945331089198589
65 0.0037160420324653387
66 0.0038688990753144026
67 0.0039231739938259125
68 0.0038003430236130953
69 0.0039998316206038
70 0.0042824107222259045
71 0.004103253595530987
72 0.003989857621490955
73 0.00364913628436625
74 0.003977539017796516
75 0.004280297085642815
76 0.004143815953284502
77 0.004005415365099907
78 0.003985850606113672
79 0.00379062257707119
80 0.003823238192126155
81 0.004088302608579397
82 0.003981525544077158
83 0.0038080313242971897
84 0.004092375747859478
85 0.0037237650249153376
86 0.003871892811730504
87 0.003868924919515848
88 0.003593595465645194
89 0.0035933207254856825
90 0.0041328538209199905
91 0.0038325784262269735
92 0.004127823747694492
93 0.004162698518484831
94 0.0038142381235957146
95 0.00395261449739337
96 0.003820289159193635
97 0.00400284118950367
98 0.0040978495962917805
99 0.0040106577798724174
100 0.003913623280823231
101 0.004197059199213982
102 0.003737175837159157
103 0.003921360708773136
104 0.0038609968032687902
105 0.004047014284878969
106 0.0037785484455525875
107 0.004226502031087875
108 0.004291491117328405
109 0.0039512719959020615
110 0.0038935665506869555
111 0.003730206284672022
112 0.00398777611553669
113 0.004039344843477011
114 0.003941867500543594
115 0.0036813179031014442
116 0.0039117708802223206
117 0.004044072236865759
118 0.003713183104991913
119 0.004046541638672352
120 0.003980130422860384
121 0.004071306437253952
122 0.0043206363916397095
123 0.0038156630471348763
124 0.003947552293539047
125 0.003912094980478287
126 0.004163182340562344
127 0.003978478256613016
128 0.003710669931024313
129 0.0037712231278419495
130 0.0038216272369027138
131 0.0037774948868900537
132 0.0038743664044886827
133 0.004221105016767979
134 0.003835436189547181
135 0.003505478845909238
136 0.004307764116674662
137 0.003839805256575346
138 0.004018367268145084
139 0.0038969353772699833
140 0.0037840825971215963
141 0.0034666256979107857
142 0.003936218097805977
143 0.0037269091699272394
144 0.003553237998858094
145 0.004066911060363054
146 0.003957847598940134
147 0.003999464213848114
148 0.003882496152073145
149 0.003807410830631852
150 0.003726044436916709
151 0.004013012163341045
152 0.0036549463402479887
153 0.004019804298877716
154 0.003970507066696882
155 0.0035317789297550917
156 0.0037052675615996122
157 0.0037009480874985456
158 0.004106420092284679
159 0.00375164533033967
160 0.0035766400396823883
161 0.0037407497875392437
162 0.00424937391653657
163 0.0036633526906371117
164 0.0037741141859441996
165 0.003888626117259264
166 0.004019813612103462
167 0.0038455838803201914
168 0.004236617591232061
169 0.003979000728577375
170 0.003715112339705229
171 0.0037389725912362337
172 0.0038097526412457228
173 0.003734062658622861
174 0.003973739687353373
175 0.004072112962603569
176 0.00420208228752017
177 0.0037258530501276255
178 0.0036007766611874104
179 0.003467613598331809
180 0.0037258383817970753
181 0.004184072371572256
182 0.004069560673087835
183 0.003771434770897031
184 0.003989379853010178
185 0.004226373974233866
186 0.0038148958701640368
187 0.003912125248461962
188 0.004020435269922018
189 0.0038424718659371138
190 0.0038907343987375498
191 0.0037444799672812223
192 0.0038520353846251965
193 0.003924157004803419
194 0.004120853263884783
195 0.00417686440050602
196 0.004126174375414848
197 0.0036626867949962616
198 0.003919861279428005
199 0.003903326578438282
200 0.0036426156293600798
201 0.0036992316599935293
202 0.003869163105264306
203 0.0037009723018854856
204 0.0035834263544529676
205 0.0036704044323414564
206 0.003713661339133978
207 0.004056763835251331
208 0.004091176204383373
209 0.003879786003381014
210 0.003698364831507206
211 0.0040879142470657825
212 0.0037005299236625433
213 0.004040672443807125
214 0.004116878844797611
215 0.0039409464225173
216 0.004040979780256748
217 0.003993399441242218
218 0.003952242899686098
219 0.003747999668121338
220 0.004105357453227043
221 0.0040062665939331055
222 0.0036655867006629705
223 0.004222464747726917
224 0.003743705339729786
225 0.003933507949113846
226 0.004012605641037226
227 0.0037510336842387915
228 0.004090215545147657
229 0.004063876811414957
230 0.00396561436355114
231 0.004179328214377165
232 0.004025994334369898
233 0.0037614102475345135
234 0.0037778846453875303
235 0.0037481917534023523
236 0.004157640505582094
237 0.003787775756791234
238 0.003860941156744957
239 0.0040399134159088135
240 0.004112703260034323
241 0.004101125989109278
242 0.0038714255206286907
243 0.003712631296366453
244 0.0039030511397868395
245 0.003953882958739996
246 0.004231074824929237
247 0.0039659771136939526
248 0.003974169492721558
249 0.004128092434257269
250 0.0037548078689724207
251 0.003639502450823784
252 0.0037993083242326975
253 0.003666226752102375
254 0.0038076231721788645
255 0.003701901761814952
