0 0.0037908463273197412
1 0.0032573167700320482
2 0.0037526548840105534
3 0.003975171595811844
4 0.004172373563051224
5 0.0038487804122269154
6 0.00408791983500123
7 0.003976400941610336
8 0.004219422582536936
9 0.003679034300148487
10 0.004076102282851934
11 0.0041279844008386135
12 0.0036905568558722734
13 0.0037850651424378157
14 0.003940295893698931
15 0.003950623795390129
16 0.004124084487557411
17 0.00402773218229413
18 0.0037481882609426975
19 0.0037379388231784105
20 0.00416640704497695
21 0.0039843288250267506
22 0.003875437658280134
23 0.00382725871168077
24 0.003852071473374963
25 0.003865770995616913
26 0.0038665293250232935
27 0.003921144641935825
28 0.0038565953727811575
29 0.00378570263274014
30 0.004075442906469107
31 0.003999519627541304
32 0.00354118668474257
33 0.003571963869035244
34 0.0036025261506438255
35 0.003963503520935774
36 0.004218840040266514
37 0.0037288933526724577
38 0.003960388246923685
39 0.004152665846049786
40 0.003929527476429939
41 0.0034204968251287937
42 0.004095388576388359
43 0.0037852295208722353
44 0.0038901735097169876
45 0.0039050353225320578
46 0.00428732018917799
47 0.00426553376019001
48 0.0037401604931801558
49 0.0037505149375647306
50 0.0040224045515060425
51 0.0036093825474381447
52 0.003951911814510822
53 0.003791411407291889
54 0.004129165317863226
55 0.003920034505426884
56 0.004280641674995422
57 0.0038685479667037725
58 0.004058416001498699
59 0.0035555337090045214
60 0.003859784919768572
61 0.004307410214096308
62 0.0044674379751086235
63 0.0037214073818176985
64 0.003916627261787653
65 0.004031518939882517
66 0.003800614271312952
67 0.003904413664713502
68 0.004041427746415138
69 0.003893654327839613
70 0.004197363276034594
71 0.0043230559676885605
72 0.004000680986791849
73 0.0037333595100790262
74 0.0038501068484038115
75 0.0043456945568323135
76 0.0038456954061985016
77 0.003993147052824497
78 0.003698333166539669
79 0.003640315029770136
80 0.003646416123956442
81 0.0039120567962527275
82 0.0038152786437422037
83 0.00370882754214108
84 0.00397010101005435
85 0.003821185091510415
86 0.003770258044824004
87 0.003974601626396179
88 0.0036031147465109825
89 0.0037053890991955996
90 0.0038878931663930416
91 0.0037914863787591457
92 0.003831918817013502
93 0.004311791621148586
94 0.0037644957192242146
95 0.003944759722799063
96 0.004016090650111437
97 0.004166277591139078
98 0.003920975606888533
99 0.00414887722581625
100 0.004152797162532806
101 0.004052889533340931
102 0.0037307324819266796
103 0.004326895345002413
104 0.0036333182360976934
105 0.0039844997227191925
106 0.0039234282448887825
107 0.0045326934196054935
108 0.004262491129338741
109 0.004068084992468357
110 0.0040880548767745495
111 0.0037839366123080254
112 0.003630571998655796
113 0.004164811223745346
114 0.004037914332002401
115 0.0036479372065514326
116 0.004080240149050951
117 0.0038632042706012726
118 0.003553095506504178
119 0.003657738445326686
120 0.003983972128480673
121 0.004210705403238535
122 0.004565896466374397
123 0.0038218353874981403
124 0.0039512598887085915
125 0.0035640476271510124
126 0.004342096857726574
127 0.0038519666995853186
128 0.003610067069530487
129 0.0036983476020395756
130 0.0038394408766180277
131 0.0036730957217514515
132 0.003942999988794327
133 0.004257171880453825
134 0.003915200009942055
135 0.00345316412858665
136 0.004392237868160009
137 0.003924470394849777
138 0.003818417200818658
139 0.004023742396384478
140 0.0037638007197529078
141 0.003490587929263711
142 0.003739834763109684
143 0.003756181104108691
144 0.003627436002716422
145 0.0042910464107990265
146 0.003960483241826296
147 0.003725750371813774
148 0.004069482441991568
149 0.004034430719912052
150 0.004029822535812855
151 0.004396169446408749
152 0.00360909104347229
153 0.0037658142391592264
154 0.0037623473908752203
155 0.003713793819770217
156 0.003765886416658759
157 0.0033732668962329626
158 0.004162739962339401
159 0.003686805022880435
160 0.0038010585121810436
161 0.003850111737847328
162 0.004569024313241243
163 0.003537091426551342
164 0.0035590261686593294
165 0.003909064456820488
166 0.003938740584999323
167 0.004009488504379988
168 0.0040039187297225
169 0.004101153928786516
170 0.003792335046455264
171 0.0038777950685471296
172 0.0036899717524647713
173 0.0038667195476591587
174 0.0037567138206213713
175 0.004127073101699352
176 0.00426572235301137
177 0.003768571885302663
178 0.003624268341809511
179 0.0036617277655750513
180 0.0038391840644180775
181 0.004198551643639803
182 0.004055788740515709
183 0.003771816613152623
184 0.003991843666881323
185 0.004182692151516676
186 0.003618464805185795
187 0.0038685083854943514
188 0.0034659705124795437
189 0.004098181612789631
190 0.003977853339165449
191 0.003931105136871338
192 0.003723415080457926
193 0.004203347954899073
194 0.004128423053771257
195 0.004217536188662052
196 0.004230896942317486
197 0.003967081196606159
198 0.0038870167918503284
199 0.0038844675291329622
200 0.0039861914701759815
201 0.0035617826506495476
202 0.004024611320346594
203 0.003809169167652726
204 0.003852219320833683
205 0.0037145724054425955
206 0.003844519844278693
207 0.004098088946193457
208 0.003901140531525016
209 0.00401722127571702
210 0.0035994513891637325
211 0.0040591140277683735
212 0.0034530714619904757
213 0.003743292298167944
214 0.004256825428456068
215 0.003885831218212843
216 0.004186885431408882
217 0.004266634117811918
218 0.003954969812184572
219 0.0037680307868868113
220 0.0038258980493992567
221 0.004007814917713404
222 0.0037879478186368942
223 0.0043649529106915
224 0.0036642011255025864
225 0.004042253363877535
226 0.004034567624330521
227 0.0037770515773445368
228 0.0038934978656470776
229 0.004436238668859005
230 0.003787362715229392
231 0.004069219343364239
232 0.00394093431532383
233 0.003731323406100273
234 0.003864641534164548
235 0.0036902697756886482
236 0.0039626844227313995
237 0.0038663994055241346
238 0.003668020246550441
239 0.003751838579773903
240 0.0039946893230080605
241 0.0037781582213938236
242 0.003970826510339975
243 0.0035780034959316254
244 0.003727639326825738
245 0.004040716681629419
246 0.004198913462460041
247 0.004072265233844519
248 0.004015094600617886
249 0.0036866413429379463
250 0.0035118611995130777
251 0.0036386305000633
252 0.0037644128315150738
253 0.00353875569999218
254 0.0036472203209996223
255 0.003668168094009161
