0 0.004042921122163534
1 0.0033703248482197523
2 0.003623377298936248
3 0.003936422523111105
4 0.004071315750479698
5 0.003863799851387739
6 0.0040161265060305595
7 0.003937842790037394
8 0.00422431668266654
9 0.003717668354511261
10 0.004087178502231836
11 0.0038048846181482077
12 0.0037386734038591385
13 0.0036747350823134184
14 0.003709648735821247
15 0.0038334333803504705
16 0.004195255693048239
17 0.0037314898800104856
18 0.0038586710579693317
19 0.004023131914436817
20 0.004002122674137354
21 0.004068256821483374
22 0.003969254437834024
23 0.0037691290490329266
24 0.003934556618332863
25 0.0040407259948551655
26 0.00398310087621212
27 0.003873583395034075
28 0.003956016153097153
29 0.003996128682047129
30 0.004181834869086742
31 0.003903617151081562
32 0.003431599820032716
33 0.003534067189320922
34 0.003819109871983528
35 0.003964566625654697
36 0.004045374691486359
37 0.003710443153977394
38 0.003994041588157415
39 0.004213378299027681
40 0.004160698503255844
41 0.003300560638308525
42 0.003723099594935775
43 0.003707089927047491
44 0.003910466562956572
45 0.0038387803360819817
46 0.004498070105910301
47 0.004224811214953661
48 0.0037418599240481853
49 0.003848341526463628
50 0.004065331537276506
51 0.003508536145091057
52 0.004027599468827248
53 0.004033582750707865
54 0.003842469770461321
55 0.003964895848184824
56 0.0043568238615989685
57 0.003925358410924673
58 0.003929757047444582
59 0.0040358733385801315
60 0.0038869353011250496
61 0.0037954230792820454
62 0.004225681070238352
63 0.0038051761221140623
64 0.0039031803607940674
65 0.0037141661159694195
66 0.003664822783321142
67 0.004045276902616024
68 0.004210672341287136
69 0.004023060668259859
70 0.004220781847834587
71 0.0038154798094183207
72 0.003936788998544216
73 0.0034844193141907454
74 0.004041179548949003
75 0.004454229027032852
76 0.004037206526845694
77 0.0038204442244023085
78 0.003832173300907016
79 0.003609888721257448
80 0.003884380217641592
81 0.004055477678775787
82 0.004016903229057789
83 0.0038045605178922415
84 0.003860719269141555
85 0.0037579191848635674
86 0.003759966930374503
87 0.0037360216956585646
88 0.003649334190413356
89 0.003869350766763091
90 0.004143006633967161
91 0.003866120707243681
92 0.0038062219973653555
93 0.0041615781374275684
94 0.0039023710414767265
95 0.0038771938998252153
96 0.0038260759320110083
97 0.004151606000959873
98 0.003855614922940731
99 0.004156359005719423
100 0.0038476765621453524
101 0.00413891114294529
102 0.0037669965531677008
103 0.003985187038779259
104 0.003735701320692897
105 0.004003928042948246
106 0.0038299590814858675
107 0.004367014858871698
108 0.004148642998188734
109 0.003927380312234163
110 0.00410232599824667
111 0.0038530337624251842
112 0.0037023862823843956
113 0.0042429156601428986
114 0.003922675736248493
115 0.003928150050342083
116 0.004003910813480616
117 0.004082482308149338
118 0.0035302515607327223
119 0.003915850073099136
120 0.0037852840032428503
121 0.004073490388691425
122 0.004227437078952789
123 0.003819160396233201
124 0.004177764989435673
125 0.003937931265681982
126 0.0040183961391448975
127 0.003898196155205369
128 0.0036677299067378044
129 0.003868120489642024
130 0.00374689232558012
131 0.003744948422536254
132 0.0036939927376806736
133 0.004543832037597895
134 0.0037758341059088707
135 0.0035792330745607615
136 0.004302251152694225
137 0.003979416564106941
138 0.004131271969527006
139 0.0041315583512187
140 0.0036345866974443197
141 0.003620912553742528
142 0.0037178033962845802
143 0.003669025143608451
144 0.003798572812229395
145 0.004098241217434406
146 0.003913197200745344
147 0.004018500447273254
148 0.0039087398909032345
149 0.003950525540858507
150 0.004060815088450909
151 0.004123253747820854
152 0.0036005780566483736
153 0.003747960552573204
154 0.0037591669242829084
155 0.0035338918678462505
156 0.0036982439924031496
157 0.0036400090903043747
158 0.004310599062591791
159 0.003566634375602007
160 0.0038156425580382347
161 0.0038319954182952642
162 0.004267645999789238
163 0.0037097346503287554
164 0.0036102349404245615
165 0.004015146289020777
166 0.003958684392273426
167 0.003677596338093281
168 0.004242416471242905
169 0.004055348690599203
170 0.0036277640610933304
171 0.003602623473852873
172 0.003590038511902094
173 0.0039904359728097916
174 0.003911176696419716
175 0.0038352166302502155
176 0.004102278966456652
177 0.0036786114796996117
178 0.003528732806444168
179 0.003738728119060397
180 0.0035709263756871223
181 0.004346372094005346
182 0.0041262018494307995
183 0.0038044964894652367
184 0.004087652079761028
185 0.0042682234197855
186 0.0035147308371961117
187 0.0039472272619605064
188 0.0038965092971920967
189 0.003811076283454895
190 0.004036804661154747
191 0.0038367346860468388
192 0.0037538157775998116
193 0.004026507027447224
194 0.004129844252020121
195 0.004263143055140972
196 0.0042188167572021484
197 0.003703194437548518
198 0.0035929817240685225
199 0.0038596612866967916
200 0.0038842298090457916
201 0.003732148790732026
202 0.003892818931490183
203 0.003920094575732946
204 0.003579090116545558
205 0.0038518731016665697
206 0.0037129903212189674
207 0.004004262387752533
208 0.00419708713889122
209 0.004092916380614042
210 0.003849623491987586
211 0.004115927033126354
212 0.003547193016856909
213 0.003967027645558119
214 0.004367792047560215
215 0.004044041037559509
216 0.004195581190288067
217 0.004311193712055683
218 0.0038678953424096107
219 0.003961300477385521
220 0.0038917504716664553
221 0.003755988320335746
222 0.003910502418875694
223 0.004153913352638483
224 0.003902963362634182
225 0.0037671809550374746
226 0.0039003053680062294
227 0.0038546202704310417
228 0.003921197727322578
229 0.00401371018961072
230 0.003921212162822485
231 0.0040803332813084126
232 0.003997070249170065
233 0.003883512457832694
234 0.003577397670596838
235 0.003949742764234543
236 0.003765266155824065
237 0.003953315783292055
238 0.003800172358751297
239 0.004047351889312267
240 0.004024758469313383
241 0.0037932810373604298
242 0.003807967761531472
243 0.00366855482570827
244 0.004031569696962833
245 0.003847456304356456
246 0.004103034734725952
247 0.0039178431034088135
248 0.00376119208522141
249 0.0038590067997574806
250 0.0037474415730684996
251 0.0035102779511362314
252 0.004094943404197693
253 0.0036641955375671387
254 0.0041153645142912865
255 0.0036522920709103346
