0 0.003752968506887555
1 0.0032900364603847265
2 0.003511401591822505
3 0.003871556604281068
4 0.0040457891300320625
5 0.0036869943141937256
6 0.003931989893317223
7 0.004202591720968485
8 0.004169285297393799
9 0.0035004920791834593
10 0.004178278148174286
11 0.0038615430239588022
12 0.0035791308619081974
13 0.0037777761463075876
14 0.003760878462344408
15 0.0038854561280459166
16 0.0038805354852229357
17 0.003966455347836018
18 0.0036412905901670456
19 0.004021507687866688
20 0.004009165335446596
21 0.004059857223182917
22 0.00410460215061903
23 0.0037962014321237803
24 0.003918454982340336
25 0.003902936354279518
26 0.0038229881320148706
27 0.004080101847648621
28 0.003802888561040163
29 0.0039776903577148914
30 0.004149692598730326
31 0.003967000637203455
32 0.003501651342958212
33 0.003651185194030404
34 0.0036025980953127146
35 0.003980154171586037
36 0.004154765047132969
37 0.003686868119984865
38 0.0040651834569871426
39 0.004150028340518475
40 0.004153343383222818
41 0.0036886490415781736
42 0.003865153295919299
43 0.00395928742364049
44 0.004010805860161781
45 0.0037486539222300053
46 0.004244260024279356
47 0.004374181851744652
48 0.003923524171113968
49 0.003711944678798318
50 0.004100000485777855
51 0.0034166481345891953
52 0.004055746830999851
53 0.003832572139799595
54 0.0038107025902718306
55 0.004205512814223766
56 0.004287903197109699
57 0.003749079303815961
58 0.0038749228697270155
59 0.003848390420898795
60 0.00367821310646832
61 0.003866486018523574
62 0.004321321379393339
63 0.003659783396869898
64 0.0037684983108192682
65 0.0037542160134762526
66 0.0038345204666256905
67 0.0037819058634340763
68 0.0038293027319014072
69 0.003998488187789917
70 0.004303513560444117
71 0.003994971513748169
72 0.004036882892251015
73 0.0037795198149979115
74 0.0036360735539346933
75 0.004423768725246191
76 0.003962020389735699
77 0.0038224069867283106
78 0.0037287112791091204
79 0.003819745732471347
80 0.0035991377662867308
81 0.004210667684674263
82 0.0038100779056549072
83 0.003703686175867915
84 0.003916965331882238
85 0.0039990670047700405
86 0.003883236087858677
87 0.003712787525728345
88 0.0035483739338815212
89 0.0037060920149087906
90 0.0038323502521961927
91 0.0038794816937297583
92 0.003939097281545401
93 0.004272432066500187
94 0.0042027016170322895
95 0.003822148311883211
96 0.004002416506409645
97 0.004177496302872896
98 0.003622242482379079
99 0.004211124032735825
100 0.003917925991117954
101 0.00409683957695961
102 0.0036587028298527002
103 0.004064517095685005
104 0.003862345591187477
105 0.00429766857996583
106 0.0038879476487636566
107 0.004374168813228607
108 0.00421900674700737
109 0.004045272711664438
110 0.003960737492889166
111 0.0036496713291853666
112 0.003660953836515546
113 0.004222392104566097
114 0.00404120609164238
115 0.0038526759017258883
116 0.0041136471554636955
117 0.0038542994298040867
118 0.003489749738946557
119 0.003923334646970034
120 0.003966656047850847
121 0.004104973748326302
122 0.004669778048992157
123 0.004011582583189011
124 0.0039218817837536335
125 0.004030750133097172
126 0.004195944871753454
127 0.003961651120334864
128 0.0035461238585412502
129 0.0037806485779583454
130 0.00379479443654418
131 0.0038066012784838676
132 0.003868398256599903
133 0.003973501268774271
134 0.00405612587928772
135 0.0034811461810022593
136 0.00432669697329402
137 0.0037964561488479376
138 0.004046871326863766
139 0.003939656540751457
140 0.003780077211558819
141 0.0036979641299694777
142 0.0038130893371999264
143 0.0037153775338083506
144 0.0036741942167282104
145 0.0038760886527597904
146 0.003964087925851345
147 0.0037704312708228827
148 0.004171289503574371
149 0.004014577716588974
150 0.0038730264641344547
151 0.004193989094346762
152 0.003570128930732608
153 0.004000200890004635
154 0.003685801522806287
155 0.0036274867597967386
156 0.0038462879601866007
157 0.003526828484609723
158 0.004102825652807951
159 0.0037836898118257523
160 0.003738713450729847
161 0.003664039308205247
162 0.004443288780748844
163 0.003700106870383024
164 0.0033898456022143364
165 0.003951244056224823
166 0.004065437708050013
167 0.0037825549952685833
168 0.004159929696470499
169 0.004228495992720127
170 0.003915386274456978
171 0.0038733670953661203
172 0.0038184328004717827
173 0.0038486288394778967
174 0.0037880560848861933
175 0.0038402678910642862
176 0.00438043475151062
177 0.0037700054235756397
178 0.003556479001417756
179 0.00392990792170167
180 0.003724513342604041
181 0.004159820731729269
182 0.004081168677657843
183 0.00393951591104269
184 0.004007572308182716
185 0.0043988642282783985
186 0.003516090102493763
187 0.003858194686472416
188 0.0037591997534036636
189 0.0037489880342036486
190 0.003935560584068298
191 0.003734505269676447
192 0.003846790175884962
193 0.004053541459143162
194 0.004137384705245495
195 0.004586697090417147
196 0.004103743936866522
197 0.0035724262706935406
198 0.003945519216358662
199 0.0036154058761894703
200 0.0036433085333555937
201 0.003912054002285004
202 0.004031355958431959
203 0.0037209014408290386
204 0.004023171029984951
205 0.0036672824062407017
206 0.003699174616485834
207 0.003994877450168133
208 0.004008378833532333
209 0.004257938824594021
210 0.003770449198782444
211 0.004194620065391064
212 0.003863753518089652
213 0.004023976624011993
214 0.0038561595138162374
215 0.003897780319675803
216 0.003866966348141432
217 0.003933747764676809
218 0.0037394147366285324
219 0.003997278865426779
220 0.00411026319488883
221 0.004076553042978048
222 0.003791752504184842
223 0.004234768450260162
224 0.003949994686990976
225 0.0037818599957972765
226 0.004056083504110575
227 0.003608876606449485
228 0.004101356957107782
229 0.0041737426072359085
230 0.0037981057539582253
231 0.004240101203322411
232 0.003990490455180407
233 0.003788658883422613
234 0.0037114873994141817
235 0.0037105984520167112
236 0.004114518407732248
237 0.003644721582531929
238 0.003686691401526332
239 0.004086787346750498
240 0.003976106643676758
241 0.004019560758024454
242 0.003909403458237648
243 0.0035970499739050865
244 0.003880393924191594
245 0.0038030806463211775
246 0.004053634125739336
247 0.0039942702278494835
248 0.003998111933469772
249 0.003762965090572834
250 0.0038985430728644133
251 0.0034209662117064
252 0.003848847933113575
253 0.0036161344032734632
254 0.0040353164076805115
255 0.003881570417433977
