0 0.004063497297465801
1 0.003329699393361807
2 0.0038969945162534714
3 0.003902688855305314
4 0.004242763854563236
5 0.0038731449749320745
6 0.003895942121744156
7 0.004080950282514095
8 0.004272924270480871
9 0.0036087690386921167
10 0.00419733626767993
11 0.0037929152604192495
12 0.0037504981737583876
13 0.003900500014424324
14 0.0037479475140571594
15 0.003961204085499048
16 0.003844710299745202
17 0.0038528686854988337
18 0.0039116148836910725
19 0.004135865718126297
20 0.004010957665741444
21 0.0038441349752247334
22 0.003994137980043888
23 0.0038372885901480913
24 0.003911112435162067
25 0.004094377160072327
26 0.004011245444417
27 0.004082448314875364
28 0.0040548015385866165
29 0.00406225910410285
30 0.004163420293480158
31 0.003844146616756916
32 0.003444655565544963
33 0.0036879887338727713
34 0.0039291661232709885
35 0.0038835974410176277
36 0.004066069610416889
37 0.0037181635852903128
38 0.003949281293898821
39 0.004303517751395702
40 0.004299464635550976
41 0.0034991854336112738
42 0.003734156023710966
43 0.003807103494182229
44 0.003935129381716251
45 0.0038127743173390627
46 0.0040457420982420444
47 0.004240767098963261
48 0.004175173584371805
49 0.003769552567973733
50 0.0042655011638998985
51 0.0035594585351645947
52 0.003998756408691406
53 0.003861786099150777
54 0.003596829017624259
55 0.004235113505274057
56 0.004169713705778122
57 0.003966499585658312
58 0.0037392224185168743
59 0.0038757838774472475
60 0.0037159756757318974
61 0.0038879779167473316
62 0.004223374649882317
63 0.003905404591932893
64 0.0038530630990862846
65 0.0037335483357310295
66 0.00385725824162364
67 0.0038573550991714
68 0.003842220874503255
69 0.004205379635095596
70 0.004321025684475899
71 0.003738642670214176
72 0.004068364389240742
73 0.0038604133296757936
74 0.0039703999646008015
75 0.004317466169595718
76 0.004157868679612875
77 0.0041574956849217415
78 0.003769374219700694
79 0.004053601063787937
80 0.0037987357936799526
81 0.00416108313947916
82 0.0040242332033813
83 0.00364930578507483
84 0.003882611868903041
85 0.0036833963822573423
86 0.004014691337943077
87 0.003959225490689278
88 0.0036264981608837843
89 0.0035849050618708134
90 0.0039890785701572895
91 0.0038071242161095142
92 0.003963638097047806
93 0.0042082201689481735
94 0.0038414003793150187
95 0.0037713374476879835
96 0.004052267875522375
97 0.004079811275005341
98 0.003722443711012602
99 0.003987116739153862
100 0.003904827404767275
101 0.004200558643788099
102 0.0035645768512040377
103 0.0042211380787193775
104 0.003837033873423934
105 0.00403415784239769
106 0.003842555219307542
107 0.004572553560137749
108 0.004209908191114664
109 0.003975431900471449
110 0.004009641241282225
111 0.0039728498086333275
112 0.003599605755880475
113 0.004254113417118788
114 0.004048782866448164
115 0.0038746327627450228
116 0.003988977521657944
117 0.003913714550435543
118 0.0038265998009592295
119 0.003753933124244213
120 0.004101959522813559
121 0.004136780276894569
122 0.00442743394523859
123 0.003824796061962843
124 0.00415770011022687
125 0.004001749213784933
126 0.004081644117832184
127 0.0038879422936588526
128 0.0035725198686122894
129 0.0036005317233502865
130 0.0036345324479043484
131 0.0035158346872776747
132 0.003873283974826336
133 0.004233952611684799
134 0.0038261087611317635
135 0.003452025353908539
136 0.0041967821307480335
137 0.003874372923746705
138 0.004175922367721796
139 0.003989236894994974
140 0.0037906537763774395
141 0.0035784002393484116
142 0.0037139831110835075
143 0.0036668721586465836
144 0.0037279678508639336
145 0.004076915327459574
146 0.0040080351755023
147 0.003846213221549988
148 0.0038064138498157263
149 0.0037543349899351597
150 0.0038490036968141794
151 0.004017469938844442
152 0.00348379067145288
153 0.0036528874188661575
154 0.003818904748186469
155 0.003448856296017766
156 0.0038852328434586525
157 0.003702665213495493
158 0.004030988551676273
159 0.0036877342499792576
160 0.0038011474534869194
161 0.0038005150854587555
162 0.004249201621860266
163 0.0037143139634281397
164 0.0038603825960308313
165 0.003731756703928113
166 0.004111240617930889
167 0.003618707647547126
168 0.004170763771981001
169 0.004076438024640083
170 0.003779651829972863
171 0.0037118454929441214
172 0.0037829321809113026
173 0.0037325567100197077
174 0.003951702732592821
175 0.0038439370691776276
176 0.00407398771494627
177 0.0037559540942311287
178 0.003464912064373493
179 0.0037676384672522545
180 0.003581213764846325
181 0.004138731863349676
182 0.00399435218423605
183 0.0040097529999911785
184 0.0039914329536259174
185 0.004136689938604832
186 0.003553198417648673
187 0.0037704671267420053
188 0.0042044902220368385
189 0.0037000810261815786
190 0.0039335256442427635
191 0.0037028449587523937
192 0.0037879138253629208
193 0.004004522692412138
194 0.004130979534238577
195 0.004160105716437101
196 0.004307752009481192
197 0.003786122426390648
198 0.00403332244604826
199 0.003880047705024481
200 0.0036648998502641916
201 0.0035973116755485535
202 0.003781624836847186
203 0.003769936505705118
204 0.0038879639469087124
205 0.003643186530098319
206 0.0034941716585308313
207 0.004127955995500088
208 0.003982968162745237
209 0.0038829126860946417
210 0.003902697702869773
211 0.003954251296818256
212 0.0037326845340430737
213 0.003966895863413811
214 0.004037021659314632
215 0.00401727668941021
216 0.004175459500402212
217 0.004162232857197523
218 0.0038629311602562666
219 0.0038984762504696846
220 0.003976630978286266
221 0.003994095604866743
222 0.0036585992202162743
223 0.004068055655807257
224 0.003803092986345291
225 0.004116936586797237
226 0.003932338673621416
227 0.0037254085764288902
228 0.00396250793710351
229 0.004211075138300657
230 0.00378869054839015
231 0.004308461211621761
232 0.003817244665697217
233 0.0038493992760777473
234 0.003492179326713085
235 0.0036859570536762476
236 0.00393707538023591
237 0.0038025518879294395
238 0.003756178542971611
239 0.00438414653763175
240 0.004043138585984707
241 0.004077314864844084
242 0.003709994489327073
243 0.00371133373118937
244 0.003667097073048353
245 0.0038564414717257023
246 0.004221986047923565
247 0.004132874775677919
248 0.003803545841947198
249 0.003900176612660289
250 0.003637833520770073
251 0.003543834900483489
252 0.003837976371869445
253 0.00376412202604115
254 0.003987759817391634
255 0.0037192816380411386
