0 0.0039987387135624886
1 0.0035014748573303223
2 0.004070252180099487
3 0.0039018229581415653
4 0.004196640569716692
5 0.0038753869011998177
6 0.003956975881010294
7 0.004057832062244415
8 0.004094677045941353
9 0.003738108091056347
10 0.004138178192079067
11 0.0035946648567914963
12 0.003841455327346921
13 0.0038735358975827694
14 0.0038554512429982424
15 0.003937318921089172
16 0.003981169778853655
17 0.003866347251459956
18 0.003863489255309105
19 0.004050043877214193
20 0.004022792913019657
21 0.004140320234000683
22 0.004079507198184729
23 0.0038108688313513994
24 0.0038599208928644657
25 0.004046664573252201
26 0.003971892409026623
27 0.003908922430127859
28 0.004181979224085808
29 0.003934708423912525
30 0.00431848457083106
31 0.003836081363260746
32 0.003698851214721799
33 0.0037122720386832952
34 0.0035309777595102787
35 0.00399146880954504
36 0.00404805364087224
37 0.0037643981631845236
38 0.004110906273126602
39 0.004251349717378616
40 0.004248663783073425
41 0.0035723650362342596
42 0.0037677858490496874
43 0.003872570814564824
44 0.0039247446693480015
45 0.0037871322128921747
46 0.004057011101394892
47 0.004143198486417532
48 0.004205390345305204
49 0.003704584902152419
50 0.004206123296171427
51 0.0037418012507259846
52 0.0039364551194012165
53 0.003851664252579212
54 0.0039243814535439014
55 0.0038145636208355427
56 0.004080166108906269
57 0.003821292193606496
58 0.003614495974034071
59 0.0037367301993072033
60 0.003684515133500099
61 0.00408050836995244
62 0.004105355124920607
63 0.0038023917004466057
64 0.004058962222188711
65 0.003697796491906047
66 0.003856671741232276
67 0.0037947252858430147
68 0.003783617867156863
69 0.004288033582270145
70 0.004124166443943977
71 0.0037434750702232122
72 0.003761075437068939
73 0.003836594521999359
74 0.003994205500930548
75 0.004300836939364672
76 0.004162979312241077
77 0.003962340764701366
78 0.0038174253422766924
79 0.003774646669626236
80 0.0037571049761027098
81 0.003981501795351505
82 0.003959574270993471
83 0.0038471207953989506
84 0.00400280999019742
85 0.0038586105220019817
86 0.003820131765678525
87 0.003841098165139556
88 0.0036622292827814817
89 0.0038197021931409836
90 0.004006790928542614
91 0.0038856444880366325
92 0.004031742922961712
93 0.004134696442633867
94 0.0038133920170366764
95 0.003705293172970414
96 0.004007063806056976
97 0.004240064881742001
98 0.003592098131775856
99 0.00406618183478713
100 0.0039807092398405075
101 0.0039004883728921413
102 0.0034424199257045984
103 0.004305472131818533
104 0.003841120284050703
105 0.004047023132443428
106 0.0036771835293620825
107 0.004528889898210764
108 0.00411612493917346
109 0.0036373953334987164
110 0.003808044595643878
111 0.004164175596088171
112 0.003930830396711826
113 0.004435950890183449
114 0.0039003067649900913
115 0.003669062862172723
116 0.004064014647156
117 0.003989616874605417
118 0.003735334612429142
119 0.004123370628803968
120 0.0038802691269665956
121 0.0043621971271932125
122 0.004501851741224527
123 0.0038365614600479603
124 0.004090962000191212
125 0.004048170987516642
126 0.004151162691414356
127 0.0038656743708997965
128 0.0038166684098541737
129 0.0036048623733222485
130 0.0036685040686279535
131 0.0037497144658118486
132 0.003986781928688288
133 0.0042008389718830585
134 0.003862373298034072
135 0.0037701991386711597
136 0.004091623704880476
137 0.003824743675068021
138 0.0041760592721402645
139 0.0038785459473729134
140 0.0038430504500865936
141 0.0037876779679208994
142 0.004201223142445087
143 0.003580875229090452
144 0.0034452679101377726
145 0.004143287893384695
146 0.003950054291635752
147 0.0039186072535812855
148 0.003782299580052495
149 0.003858895506709814
150 0.003991631790995598
151 0.004045308567583561
152 0.003493823343887925
153 0.003883983939886093
154 0.003846685867756605
155 0.003819128032773733
156 0.003784139873459935
157 0.0036448128521442413
158 0.004129812587052584
159 0.003643384203314781
160 0.003939146175980568
161 0.003604400670155883
162 0.004085239488631487
163 0.0035243425518274307
164 0.003749318653717637
165 0.0038221338763833046
166 0.003941550850868225
167 0.003825115505605936
168 0.004022281616926193
169 0.004236234351992607
170 0.004052492789924145
171 0.0037745835725218058
172 0.003828583750873804
173 0.00387465488165617
174 0.004466569051146507
175 0.003949036821722984
176 0.004112790804356337
177 0.0037931338883936405
178 0.003570911008864641
179 0.003666798584163189
180 0.003672010498121381
181 0.004522301722317934
182 0.003984599839895964
183 0.0040895151905715466
184 0.0037425397895276546
185 0.004186284262686968
186 0.003432435914874077
187 0.0035932001192122698
188 0.0038040410727262497
189 0.003650658531114459
190 0.0040528904646635056
191 0.003970773424953222
192 0.003889657324180007
193 0.003884801873937249
194 0.0042059579864144325
195 0.00447330716997385
196 0.00428303238004446
197 0.003567376174032688
198 0.003819849109277129
199 0.003810561029240489
200 0.0036415914073586464
201 0.004015150014311075
202 0.003998651169240475
203 0.0035466481931507587
204 0.0037222052924335003
205 0.003529800334945321
206 0.0036276846658438444
207 0.003955107647925615
208 0.0041654459200799465
209 0.0038710497319698334
210 0.0037745684385299683
211 0.00439325999468565
212 0.0034130613785237074
213 0.0038111635949462652
214 0.00380443106405437
215 0.003991836681962013
216 0.0038673793897032738
217 0.0038960918318480253
218 0.003867589868605137
219 0.003779769642278552
220 0.003713386133313179
221 0.003924543038010597
222 0.0035110297612845898
223 0.004016347695142031
224 0.003913325723260641
225 0.003769436152651906
226 0.003875099355354905
227 0.003890774678438902
228 0.00403600325807929
229 0.004087319131940603
230 0.0036886974703520536
231 0.004051284398883581
232 0.003855837741866708
233 0.00346774747595191
234 0.003563870908692479
235 0.0036802433896809816
236 0.004122740589082241
237 0.0036359403748065233
238 0.003893535351380706
239 0.00404474837705493
240 0.003988892305642366
241 0.004018418025225401
242 0.0037504155188798904
243 0.0037590600550174713
244 0.0040127248503267765
245 0.0038821548223495483
246 0.004329471383243799
247 0.003954763058573008
248 0.0038607465103268623
249 0.003771852469071746
250 0.0038001120556145906
251 0.0037841808516532183
252 0.0040400284342467785
253 0.003785226959735155
254 0.003925483673810959
255 0.0036994165275245905
