0 0.00392710417509079
1 0.003387396689504385
2 0.0037824567407369614
3 0.00381694408133626
4 0.004038249608129263
5 0.003924013581126928
6 0.003995602019131184
7 0.004128692671656609
8 0.004063052125275135
9 0.00361019023694098
10 0.004219574388116598
11 0.0038443126250058413
12 0.0033995744306594133
13 0.003996428567916155
14 0.003659607609733939
15 0.0038679037243127823
16 0.00397980771958828
17 0.0037955245934426785
18 0.003798689693212509
19 0.0039769322611391544
20 0.003853945527225733
21 0.004163152072578669
22 0.0039339130744338036
23 0.0037780017592012882
24 0.003962608519941568
25 0.00403633201494813
26 0.00392078747972846
27 0.004113470669835806
28 0.004200696479529142
29 0.0042384616099298
30 0.004089082591235638
31 0.004097325261682272
32 0.003627632511779666
33 0.003668347606435418
34 0.003521398175507784
35 0.0037704084534198046
36 0.00404073903337121
37 0.0038904023822396994
38 0.003855308750644326
39 0.003941948525607586
40 0.0040697199292480946
41 0.0036185942590236664
42 0.0038605488371104
43 0.003917019348591566
44 0.0039445990696549416
45 0.0037474269047379494
46 0.003937666770070791
47 0.004387576133012772
48 0.004242823924869299
49 0.0038074480835348368
50 0.0041299122385680676
51 0.003653998952358961
52 0.004038483370095491
53 0.0038256586994975805
54 0.0038406793028116226
55 0.00402814382687211
56 0.003986197989434004
57 0.0037766338791698217
58 0.0037824877072125673
59 0.003979036584496498
60 0.0036898343823850155
61 0.004026548936963081
62 0.004177015740424395
63 0.003941226750612259
64 0.004088826477527618
65 0.0037032184191048145
66 0.0038377316668629646
67 0.003972805570811033
68 0.003771353280171752
69 0.003978395368903875
70 0.0042829508893191814
71 0.0038417219184339046
72 0.003857711795717478
73 0.003966960124671459
74 0.003981705289334059
75 0.004290039651095867
76 0.004382650833576918
77 0.003851014655083418
78 0.0037552048452198505
79 0.00396614708006382
80 0.003576631424948573
81 0.004113935399800539
82 0.003968328237533569
83 0.0037286824081093073
84 0.00376302981749177
85 0.003921046387404203
86 0.004111787304282188
87 0.003770231967791915
88 0.003645519958809018
89 0.0036586809437721968
90 0.0039013284258544445
91 0.003913224674761295
92 0.0037394219543784857
93 0.00417952798306942
94 0.003707233816385269
95 0.0038592354394495487
96 0.003995245322585106
97 0.004179606679826975
98 0.003565562656149268
99 0.004335328470915556
100 0.00398799404501915
101 0.004284899681806564
102 0.003759610466659069
103 0.004072159994393587
104 0.003971019759774208
105 0.004249866120517254
106 0.003914603963494301
107 0.004509031306952238
108 0.004302154295146465
109 0.0039780461229383945
110 0.004241201560944319
111 0.003932761028409004
112 0.0038311637472361326
113 0.004187647253274918
114 0.004007955547422171
115 0.003778378712013364
116 0.0037839547730982304
117 0.0038822274655103683
118 0.0038698927965015173
119 0.003862421726807952
120 0.004035756923258305
121 0.004235018044710159
122 0.004393656738102436
123 0.0036858879029750824
124 0.004259344656020403
125 0.003993712831288576
126 0.004104603547602892
127 0.0037490527611225843
128 0.003651161678135395
129 0.003557097865268588
130 0.0036262779030948877
131 0.0036703161895275116
132 0.003993206191807985
133 0.0042660534381866455
134 0.0037900302559137344
135 0.0035819231998175383
136 0.004482888616621494
137 0.003932822961360216
138 0.00393058592453599
139 0.003970069345086813
140 0.0037101118359714746
141 0.003618441056460142
142 0.004043931607156992
143 0.003779606893658638
144 0.003593440167605877
145 0.003857833333313465
146 0.003921325318515301
147 0.0038565662689507008
148 0.003944357857108116
149 0.0038697158452123404
150 0.0038857250474393368
151 0.0038417174946516752
152 0.0035656855907291174
153 0.003971465397626162
154 0.0037045448552817106
155 0.0036800154484808445
156 0.003865178907290101
157 0.003753319848328829
158 0.004156883805990219
159 0.0035434123128652573
160 0.0038257413543760777
161 0.003695406951010227
162 0.004340039566159248
163 0.003766516922041774
164 0.0037198716308921576
165 0.0039731599390506744
166 0.004020647145807743
167 0.003842846257612109
168 0.00398922897875309
169 0.003985815215855837
170 0.00407324219122529
171 0.0038859215565025806
172 0.003999548032879829
173 0.0038779389578849077
174 0.004106242675334215
175 0.004036822821944952
176 0.004067911766469479
177 0.0038043681997805834
178 0.003524652449414134
179 0.0036928197368979454
180 0.0035703317262232304
181 0.004088864661753178
182 0.004047130700200796
183 0.003939272835850716
184 0.0037808006163686514
185 0.003971932455897331
186 0.0037019846495240927
187 0.003725225804373622
188 0.003972573671489954
189 0.0037712762132287025
190 0.0039420826360583305
191 0.003811042523011565
192 0.00359020521864295
193 0.0037713907659053802
194 0.004136545583605766
195 0.004124963190406561
196 0.00441143149510026
197 0.003656703745946288
198 0.0037812544032931328
199 0.0039159804582595825
200 0.0036773481406271458
201 0.0038917907513678074
202 0.0036677387543022633
203 0.0037918235175311565
204 0.0036504422314465046
205 0.0037428289651870728
206 0.0037349143531173468
207 0.0038991463370621204
208 0.004183897282928228
209 0.003877365030348301
210 0.003696911269798875
211 0.004003814421594143
212 0.0036514122039079666
213 0.0037076661828905344
214 0.003971332684159279
215 0.00413808086887002
216 0.004017954226583242
217 0.003800309496000409
218 0.0037137509789317846
219 0.0037390419747680426
220 0.0039304387755692005
221 0.004029423464089632
222 0.0037688331212848425
223 0.004080578684806824
224 0.0040178680792450905
225 0.0038823357317596674
226 0.003920033108443022
227 0.003733425633981824
228 0.003698463551700115
229 0.004077533725649118
230 0.00391450896859169
231 0.004194905981421471
232 0.0037928768433630466
233 0.0036996775306761265
234 0.003639309899881482
235 0.0037554632872343063
236 0.004049866460263729
237 0.0035822317004203796
238 0.003916128072887659
239 0.004047995433211327
240 0.003970474936068058
241 0.004133465234190226
242 0.003817191580310464
243 0.003944480791687965
244 0.004030580632388592
245 0.0037902432959526777
246 0.004277047235518694
247 0.004065601620823145
248 0.0039780535735189915
249 0.0037555773742496967
250 0.003767512971535325
251 0.0035478391218930483
252 0.00396514730527997
253 0.0038125691935420036
254 0.004189115017652512
255 0.003758847014978528
