0 0.0037399153225123882
1 0.0036043189465999603
2 0.0038269232027232647
3 0.004043989814817905
4 0.0042192223481833935
5 0.004009897820651531
6 0.004102663602679968
7 0.004002442117780447
8 0.004225649870932102
9 0.003709843149408698
10 0.004157988354563713
11 0.0038487426936626434
12 0.003819612553343177
13 0.003786124987527728
14 0.003920719027519226
15 0.0037998377811163664
16 0.0039365775883197784
17 0.003859925316646695
18 0.0037736608646810055
19 0.0038789878599345684
20 0.004041297361254692
21 0.004221114329993725
22 0.004186195321381092
23 0.0036647203378379345
24 0.003828438464552164
25 0.004129474051296711
26 0.00398830184713006
27 0.003897926304489374
28 0.004096084740012884
29 0.0039369394071400166
30 0.004027278162539005
31 0.004029035102576017
32 0.0037014505360275507
33 0.0036826771683990955
34 0.00372493639588356
35 0.003919643349945545
36 0.004017564468085766
37 0.003864813130348921
38 0.0038608156610280275
39 0.004166725091636181
40 0.004123593680560589
41 0.0033141726162284613
42 0.0038842661306262016
43 0.003618815215304494
44 0.003818361321464181
45 0.0038825231604278088
46 0.004317010752856731
47 0.004094481933861971
48 0.004069762770086527
49 0.0038274952676147223
50 0.003928187303245068
51 0.003537581069394946
52 0.004025896079838276
53 0.003785155713558197
54 0.003911052364856005
55 0.004097700119018555
56 0.004163444973528385
57 0.003672476392239332
58 0.0038697554264217615
59 0.0038459959905594587
60 0.0039129238575696945
61 0.003969311248511076
62 0.004210894461721182
63 0.0037963739596307278
64 0.0037037695292383432
65 0.0039148274809122086
66 0.003885981859639287
67 0.003960955888032913
68 0.0038999784737825394
69 0.004016786813735962
70 0.004121264908462763
71 0.004176018293946981
72 0.0039039512630552053
73 0.003710725111886859
74 0.004054055083543062
75 0.00441336166113615
76 0.00404213834553957
77 0.0038590962067246437
78 0.0039960360154509544
79 0.0037918007001280785
80 0.0037547957617789507
81 0.004058876074850559
82 0.0038867448456585407
83 0.0037107509560883045
84 0.004078834317624569
85 0.003724904963746667
86 0.0038623742293566465
87 0.003893802873790264
88 0.0036447097081691027
89 0.0036294187884777784
90 0.00399654358625412
91 0.004086145665496588
92 0.0039471653290092945
93 0.004383624531328678
94 0.003891295986250043
95 0.003902951953932643
96 0.0038456215988844633
97 0.004108383320271969
98 0.0037730555050075054
99 0.003926864825189114
100 0.0037415744736790657
101 0.004054440185427666
102 0.0035399042535573244
103 0.004157117567956448
104 0.003724447451531887
105 0.004031884949654341
106 0.004006100352853537
107 0.004421655088663101
108 0.00430125929415226
109 0.0037340624257922173
110 0.004187065176665783
111 0.003951785154640675
112 0.0037532513961195946
113 0.004435301758348942
114 0.003750437870621681
115 0.0036917466204613447
116 0.003732541808858514
117 0.003944984171539545
118 0.0037966049276292324
119 0.003998585045337677
120 0.004096019547432661
121 0.004080073442310095
122 0.00444000493735075
123 0.0038883464876562357
124 0.003955601714551449
125 0.004042888060212135
126 0.0039617824368178844
127 0.003704748349264264
128 0.0036636570002883673
129 0.0037708678282797337
130 0.0038266999181360006
131 0.0036162061151117086
132 0.003982181195169687
133 0.004251251928508282
134 0.003724917070940137
135 0.0037672764156013727
136 0.004355786833912134
137 0.0038389372639358044
138 0.003981851972639561
139 0.003955082967877388
140 0.003701508976519108
141 0.0035912173334509134
142 0.003833378665149212
143 0.0038051691371947527
144 0.0034432054962962866
145 0.004183743614703417
146 0.004022813867777586
147 0.0039619873277843
148 0.003809412242844701
149 0.0036907547619193792
150 0.0039591602981090546
151 0.004194408655166626
152 0.00340105127543211
153 0.00393889332190156
154 0.0037867792416363955
155 0.0038995181676000357
156 0.003896123729646206
157 0.0036388200242072344
158 0.004195681773126125
159 0.003961957059800625
160 0.0037112904246896505
161 0.003721358021721244
162 0.0040618740022182465
163 0.0035955195780843496
164 0.003941010218113661
165 0.003799526719376445
166 0.004126923158764839
167 0.0038211687933653593
168 0.0041029867716133595
169 0.004275511018931866
170 0.00390528398565948
171 0.0036485246382653713
172 0.003785939421504736
173 0.0036782585084438324
174 0.0038538663648068905
175 0.003924517426639795
176 0.004202286247164011
177 0.003681052941828966
178 0.0034605544060468674
179 0.003719300962984562
180 0.003792085684835911
181 0.004320232197642326
182 0.0038848272524774075
183 0.003925650846213102
184 0.003905516117811203
185 0.00423017144203186
186 0.0036886020097881556
187 0.0037929792888462543
188 0.004009884782135487
189 0.0038601818960160017
190 0.003852940397337079
191 0.0036656991578638554
192 0.003931237850338221
193 0.0038573271594941616
194 0.004105617757886648
195 0.00416673393920064
196 0.003934175707399845
197 0.0038243241142481565
198 0.003862988669425249
199 0.003989155404269695
200 0.003693868638947606
201 0.0036989962682127953
202 0.0038490688893944025
203 0.003761471016332507
204 0.003956006374210119
205 0.0037632740568369627
206 0.00377837591804564
207 0.00391099089756608
208 0.003921089693903923
209 0.00403465423732996
210 0.003731092903763056
211 0.00394392991438508
212 0.0036241800989955664
213 0.003928746096789837
214 0.004049872048199177
215 0.003949600271880627
216 0.00405978923663497
217 0.004245827440172434
218 0.003896841313689947
219 0.003771503921598196
220 0.003969971556216478
221 0.0037890528328716755
222 0.003689177567139268
223 0.004149145912379026
224 0.003809648333117366
225 0.003968208096921444
226 0.0038469352293759584
227 0.0037732720375061035
228 0.004004847723990679
229 0.004255625884979963
230 0.003768858965486288
231 0.004149795509874821
232 0.003959895111620426
233 0.0038097731303423643
234 0.0037492101546376944
235 0.003949414938688278
236 0.003939862363040447
237 0.0038910661824047565
238 0.0036821227986365557
239 0.004092935472726822
240 0.003906311001628637
241 0.0039480156265199184
242 0.0037411183584481478
243 0.003518825164064765
244 0.0038742024917155504
245 0.00377617753110826
246 0.004189660772681236
247 0.003911387640982866
248 0.004207412246614695
249 0.0036782908719033003
250 0.003844383405521512
251 0.003593453671783209
252 0.0036590087693184614
253 0.0037415700498968363
254 0.0040116021409630775
255 0.0037016996648162603
