0 0.0037110191769897938
1 0.0033130142837762833
2 0.0038533343467861414
3 0.004043716937303543
4 0.004102534148842096
5 0.0037677681539207697
6 0.003997570835053921
7 0.0041698613204061985
8 0.004127655178308487
9 0.003540927777066827
10 0.004027987364679575
11 0.003996610641479492
12 0.003670001868158579
13 0.003911738283932209
14 0.0038112339098006487
15 0.0037787745241075754
16 0.003812064416706562
17 0.004041681997478008
18 0.003838330740109086
19 0.003852254943922162
20 0.004146467428654432
21 0.0041488041169941425
22 0.0038471221923828125
23 0.0037545962259173393
24 0.0037997004110366106
25 0.004144418053328991
26 0.003960509784519672
27 0.0039690956473350525
28 0.004173274151980877
29 0.004106416366994381
30 0.004171157255768776
31 0.003772662952542305
32 0.0038634822703897953
33 0.003714449005201459
34 0.003488867310807109
35 0.004216071683913469
36 0.003994151018559933
37 0.0038385943043977022
38 0.004190357401967049
39 0.0040836818516254425
40 0.004059548489749432
41 0.0035299083683639765
42 0.003953390754759312
43 0.0037660282105207443
44 0.003865638514980674
45 0.0038497012574225664
46 0.004185461904853582
47 0.004377854987978935
48 0.0040302760899066925
49 0.0037799759302288294
50 0.003988336306065321
51 0.0036020828410983086
52 0.003940125927329063
53 0.0036986209452152252
54 0.003932944033294916
55 0.0040404051542282104
56 0.003951070364564657
57 0.0036806093994528055
58 0.003790878225117922
59 0.003953489940613508
60 0.0038037269841879606
61 0.004179174546152353
62 0.004246707074344158
63 0.0036983622703701258
64 0.004012630321085453
65 0.0037355790846049786
66 0.0039033801294863224
67 0.003844310063868761
68 0.0038205317687243223
69 0.004072004929184914
70 0.004268285818397999
71 0.004029770847409964
72 0.004078585188835859
73 0.003633724059909582
74 0.00387715850956738
75 0.004145836923271418
76 0.003921000752598047
77 0.0037664754781872034
78 0.003807691391557455
79 0.0038716618437319994
80 0.003749067196622491
81 0.004271545447409153
82 0.0036498713307082653
83 0.0035477641504257917
84 0.004009247291833162
85 0.0037882598116993904
86 0.003994692582637072
87 0.003925644792616367
88 0.0035613568034023046
89 0.00375526980496943
90 0.004108798690140247
91 0.0038450604770332575
92 0.0037609823048114777
93 0.0042845821008086205
94 0.003747559618204832
95 0.004118687938898802
96 0.0038945158012211323
97 0.004203920718282461
98 0.0038248023483902216
99 0.004003175999969244
100 0.004035644698888063
101 0.004099210724234581
102 0.0036106714978814125
103 0.004034376237541437
104 0.003822650760412216
105 0.004228537902235985
106 0.003970153629779816
107 0.004279044456779957
108 0.004273321013897657
109 0.003886530874297023
110 0.00408399011939764
111 0.003844956401735544
112 0.0036004576832056046
113 0.004191796761006117
114 0.004183928947895765
115 0.0038833231665194035
116 0.003955270163714886
117 0.003861841047182679
118 0.003734674770385027
119 0.003957781475037336
120 0.004014149773865938
121 0.003995092120021582
122 0.004496919456869364
123 0.0038579583633691072
124 0.003923673182725906
125 0.004004978574812412
126 0.004127413034439087
127 0.003956822212785482
128 0.0037446252536028624
129 0.003635991830378771
130 0.003628876991569996
131 0.0036443935241550207
132 0.004148484207689762
133 0.004044404719024897
134 0.00392354279756546
135 0.0036691329441964626
136 0.004300025757402182
137 0.003708289237692952
138 0.0038921432569622993
139 0.0040916395373642445
140 0.003794877091422677
141 0.003458841238170862
142 0.003824006300419569
143 0.0038352978881448507
144 0.003673254745081067
145 0.004169514402747154
146 0.003920583054423332
147 0.0039360662922263145
148 0.00406384514644742
149 0.004047287628054619
150 0.0038478574715554714
151 0.004226057790219784
152 0.0035167112946510315
153 0.003849596017971635
154 0.0037890311796218157
155 0.003680117428302765
156 0.0037593941669911146
157 0.003440476953983307
158 0.0040616607293486595
159 0.003724373411387205
160 0.003696128260344267
161 0.003732425393536687
162 0.004107613582164049
163 0.003781556850299239
164 0.0036466477904468775
165 0.0041475240141153336
166 0.0038199606351554394
167 0.004052154719829559
168 0.004175965674221516
169 0.0040556141175329685
170 0.003812706796452403
171 0.0038052645977586508
172 0.003962380345910788
173 0.003691131016239524
174 0.0038611367344856262
175 0.0038566512521356344
176 0.004205205477774143
177 0.0038195946253836155
178 0.0034097174648195505
179 0.0039156838320195675
180 0.003746840637177229
181 0.004122425802052021
182 0.0039039936382323503
183 0.003891392145305872
184 0.0037792965304106474
185 0.004193580709397793
186 0.0035758893936872482
187 0.0039064157754182816
188 0.003786860965192318
189 0.0038919919170439243
190 0.0038932955358177423
191 0.003744425717741251
192 0.003845726139843464
193 0.0038497145287692547
194 0.004159829579293728
195 0.004599043168127537
196 0.004242083989083767
197 0.0036013456992805004
198 0.0038490910083055496
199 0.0037784643936902285
200 0.0037732585333287716
201 0.0038120157551020384
202 0.0039990125223994255
203 0.003831824753433466
204 0.0038472723681479692
205 0.0036963692400604486
206 0.0037760729901492596
207 0.00395117187872529
208 0.003904151264578104
209 0.004028273746371269
210 0.003702697344124317
211 0.003999497275799513
212 0.0036496296525001526
213 0.0037567419931292534
214 0.003975884523242712
215 0.0038867562543600798
216 0.003781295148655772
217 0.0038744346238672733
218 0.00388580490835011
219 0.003924805670976639
220 0.003876553615555167
221 0.0041780173778533936
222 0.0037603937089443207
223 0.004155907779932022
224 0.003880248172208667
225 0.0038224230520427227
226 0.004106985870748758
227 0.0038781443145126104
228 0.003924068529158831
229 0.004159766715019941
230 0.003804202890023589
231 0.004052376840263605
232 0.003781760111451149
233 0.0037498008459806442
234 0.0036758221685886383
235 0.0037250095047056675
236 0.003957934677600861
237 0.0036411257460713387
238 0.003812156617641449
239 0.00384251750074327
240 0.0038900102954357862
241 0.004156272392719984
242 0.004079203121364117
243 0.0036814785562455654
244 0.003915559034794569
245 0.0038387265522032976
246 0.004369426518678665
247 0.003904283745214343
248 0.004177379887551069
249 0.0038501175586134195
250 0.0039030243642628193
251 0.003505741711705923
252 0.0038140746764838696
253 0.0038781538605690002
254 0.003889652667567134
255 0.003932701423764229
