0 0.004180717747658491
1 0.00324563798494637
2 0.003848201595246792
3 0.003902209224179387
4 0.003859885036945343
5 0.004007969982922077
6 0.003947691060602665
7 0.0040511321276426315
8 0.004105920437723398
9 0.003693304257467389
10 0.004038809332996607
11 0.0040416656993329525
12 0.0034847843926399946
13 0.003744920017197728
14 0.0039152423851192
15 0.003942331299185753
16 0.003822052152827382
17 0.004065267276018858
18 0.003852389520034194
19 0.00390836363658309
20 0.004133653361350298
21 0.003973114769905806
22 0.003906131023541093
23 0.003707257332280278
24 0.0040293000638484955
25 0.004065943416208029
26 0.003914392087608576
27 0.004133615642786026
28 0.00410092668607831
29 0.004011631943285465
30 0.004269106313586235
31 0.0038597332313656807
32 0.0037035176064819098
33 0.004040905274450779
34 0.003585416590794921
35 0.003973725251853466
36 0.0040104323998093605
37 0.004134040791541338
38 0.00408516637980938
39 0.003907488659024239
40 0.004245181102305651
41 0.0037950915284454823
42 0.00401338143274188
43 0.003738183295354247
44 0.0038024233654141426
45 0.003823446575552225
46 0.00424871314316988
47 0.00411975709721446
48 0.00416390597820282
49 0.003690415760502219
50 0.004281135275959969
51 0.0038512442260980606
52 0.004045668989419937
53 0.0036686512175947428
54 0.00388449733145535
55 0.0038954736664891243
56 0.004130538087338209
57 0.003760583233088255
58 0.003681371221318841
59 0.0037448510993272066
60 0.0036725078243762255
61 0.004039091523736715
62 0.004180187825113535
63 0.0037596470210701227
64 0.004270555451512337
65 0.0039039188995957375
66 0.0035901598166674376
67 0.003914539702236652
68 0.0038124206475913525
69 0.004220477305352688
70 0.004261191003024578
71 0.0036426277365535498
72 0.003684918861836195
73 0.0038495385088026524
74 0.003977248445153236
75 0.003814084455370903
76 0.003969462588429451
77 0.003861259436234832
78 0.003605109406635165
79 0.003878353163599968
80 0.0037548718973994255
81 0.004135442432016134
82 0.003756909631192684
83 0.0038046312984079123
84 0.0038645542226731777
85 0.0037727223243564367
86 0.0037311387713998556
87 0.003810240188613534
88 0.003839365905150771
89 0.0037201850209385157
90 0.004035875201225281
91 0.00404552835971117
92 0.0036156917922198772
93 0.0041066743433475494
94 0.003671502461656928
95 0.0038886007387191057
96 0.00408626114949584
97 0.0042509534396231174
98 0.003604601137340069
99 0.004202558193355799
100 0.003858532290905714
101 0.004260112997144461
102 0.0036794734187424183
103 0.004346233326941729
104 0.0036349929869174957
105 0.004223824478685856
106 0.003978928551077843
107 0.004480467177927494
108 0.0041264756582677364
109 0.0038818051107227802
110 0.004078267607837915
111 0.003813371993601322
112 0.003925887867808342
113 0.004326529800891876
114 0.0043695587664842606
115 0.003963778261095285
116 0.00395762175321579
117 0.0038584035355597734
118 0.0035053330939263105
119 0.003732285462319851
120 0.00387513916939497
121 0.004124229308217764
122 0.004484792239964008
123 0.003919771872460842
124 0.004205267410725355
125 0.003804354928433895
126 0.004231093917042017
127 0.0037731172051280737
128 0.0036445583682507277
129 0.003506771055981517
130 0.003533522132784128
131 0.003629965241998434
132 0.004070342984050512
133 0.004033055622130632
134 0.003875607857480645
135 0.0038841550704091787
136 0.004037417005747557
137 0.0038398331962525845
138 0.004009973723441362
139 0.0037431782111525536
140 0.00381301948800683
141 0.00369382300414145
142 0.003938548732548952
143 0.003747930284589529
144 0.0034879224840551615
145 0.003960489295423031
146 0.0038201063871383667
147 0.003940889611840248
148 0.003877194132655859
149 0.004006329458206892
150 0.004157371819019318
151 0.0042346687987446785
152 0.0036771143786609173
153 0.004111302550882101
154 0.0037288973107934
155 0.0035766393411904573
156 0.003689943579956889
157 0.0034781768918037415
158 0.003872555447742343
159 0.003435365157201886
160 0.003634372726082802
161 0.003928772173821926
162 0.004044090397655964
163 0.003625021083280444
164 0.003921901807188988
165 0.0038710220251232386
166 0.003951735328882933
167 0.004129724111407995
168 0.003916783723980188
169 0.004062911961227655
170 0.0037926037330180407
171 0.0037627480924129486
172 0.003562855301424861
173 0.003733020043000579
174 0.004029394593089819
175 0.00420452980324626
176 0.004130106884986162
177 0.0038144823629409075
178 0.00333196809515357
179 0.0036479036789387465
180 0.003607128281146288
181 0.004179451148957014
182 0.004026711452752352
183 0.003944444935768843
184 0.003987206611782312
185 0.004179331939667463
186 0.0034704823046922684
187 0.0037761188577860594
188 0.0038431917782872915
189 0.003923285286873579
190 0.003819299628958106
191 0.003610831219702959
192 0.003928597085177898
193 0.003768719732761383
194 0.004134721122682095
195 0.004136594012379646
196 0.0045428648591041565
197 0.003870623419061303
198 0.0036951510701328516
199 0.004052565433084965
200 0.003949841950088739
201 0.0041470699943602085
202 0.004128274507820606
203 0.003774111857637763
204 0.003924806602299213
205 0.0034213378094136715
206 0.0037204413674771786
207 0.004104608669877052
208 0.0041181668639183044
209 0.003863981692120433
210 0.0037496890872716904
211 0.004101217724382877
212 0.0038395391311496496
213 0.003588833613321185
214 0.004038494545966387
215 0.003880108939483762
216 0.004230384714901447
217 0.0039435578510165215
218 0.003936642315238714
219 0.003718593157827854
220 0.003647001925855875
221 0.004049097187817097
222 0.003850565291941166
223 0.004123803693801165
224 0.0038276445120573044
225 0.003790202783420682
226 0.004090463276952505
227 0.003995956853032112
228 0.004000373184680939
229 0.0041573005728423595
230 0.0037373218219727278
231 0.004007164388895035
232 0.003867803607136011
233 0.0038206088356673717
234 0.0036646989174187183
235 0.0038978499360382557
236 0.0042495569214224815
237 0.003868693485856056
238 0.00371192442253232
239 0.00386011297814548
240 0.004068938083946705
241 0.0038272938691079617
242 0.0037753598298877478
243 0.0038312962278723717
244 0.003839395474642515
245 0.0038151033222675323
246 0.004328372422605753
247 0.0040417504496872425
248 0.00404301006346941
249 0.003718008054420352
250 0.003815491683781147
251 0.0036233540158718824
252 0.003812284441664815
253 0.0038332371041178703
254 0.003913168795406818
255 0.0038523897528648376
