0 0.0037874793633818626
1 0.003497530473396182
2 0.0037577073089778423
3 0.003650721162557602
4 0.004185774363577366
5 0.003824351355433464
6 0.00410405034199357
7 0.004012306220829487
8 0.004005870781838894
9 0.0034315846860408783
10 0.003936516121029854
11 0.003830669680610299
12 0.0038976676296442747
13 0.003798126708716154
14 0.004066187422722578
15 0.003975052386522293
16 0.003906254656612873
17 0.003993123769760132
18 0.0038234442472457886
19 0.003632811363786459
20 0.004160755779594183
21 0.004026643466204405
22 0.003903836477547884
23 0.003763805376365781
24 0.0036908104084432125
25 0.003983798436820507
26 0.0038061048835515976
27 0.004047316033393145
28 0.00409663375467062
29 0.0037775267846882343
30 0.004138045012950897
31 0.003513009287416935
32 0.003775210352614522
33 0.003520234953612089
34 0.0036055431701242924
35 0.004123803693801165
36 0.004046268295496702
37 0.003779940539970994
38 0.003928844351321459
39 0.004149941261857748
40 0.003963277209550142
41 0.0033050421625375748
42 0.0038466642145067453
43 0.0038892761804163456
44 0.0039807455614209175
45 0.003930489998310804
46 0.004379930440336466
47 0.004051211290061474
48 0.0037908516824245453
49 0.0037939187604933977
50 0.004319887608289719
51 0.003758943174034357
52 0.003892977721989155
53 0.0037528101820498705
54 0.004128332249820232
55 0.004000603221356869
56 0.003959224093705416
57 0.0038384173531085253
58 0.003923638258129358
59 0.004006275907158852
60 0.003652322106063366
61 0.003892288776114583
62 0.004213289357721806
63 0.0036142878234386444
64 0.0038911367300897837
65 0.0037729288451373577
66 0.0037676284555345774
67 0.003837133990600705
68 0.003872992703691125
69 0.0040783025324344635
70 0.003992789424955845
71 0.0038471457082778215
72 0.0038002266082912683
73 0.0039070285856723785
74 0.003855928545817733
75 0.004183644894510508
76 0.0038714639376848936
77 0.0038121016696095467
78 0.003916499670594931
79 0.0036283577792346478
80 0.0039000562392175198
81 0.004118704702705145
82 0.0037462515756487846
83 0.0036823207046836615
84 0.0042625917121768
85 0.003602209035307169
86 0.0038727533537894487
87 0.0038662655279040337
88 0.003388664685189724
89 0.0038165508303791285
90 0.0040109348483383656
91 0.004153108689934015
92 0.003920252434909344
93 0.004391768015921116
94 0.0038312126416713
95 0.003942264709621668
96 0.003855048678815365
97 0.004032548516988754
98 0.0037718976382166147
99 0.003935179207473993
100 0.0038476265035569668
101 0.0038823727518320084
102 0.003855507355183363
103 0.0042427717708051205
104 0.0037764052394777536
105 0.004180029034614563
106 0.003927138634026051
107 0.004429870285093784
108 0.004202710464596748
109 0.0038444427773356438
110 0.0039885942824184895
111 0.003637099638581276
112 0.003567153587937355
113 0.004308946430683136
114 0.004015852231532335
115 0.003878077259287238
116 0.0037935113068670034
117 0.003993360325694084
118 0.0034615718759596348
119 0.0040277475491166115
120 0.0037599981296807528
121 0.004239876754581928
122 0.00415423046797514
123 0.003642197698354721
124 0.004154988098889589
125 0.004041226115077734
126 0.004187570419162512
127 0.003910013474524021
128 0.003634220687672496
129 0.003777099307626486
130 0.0034920021425932646
131 0.0038479298818856478
132 0.0040244958363473415
133 0.004130606073886156
134 0.0041448515839874744
135 0.0035041647497564554
136 0.004544817376881838
137 0.003750838339328766
138 0.003986435942351818
139 0.003820188110694289
140 0.0036776585038751364
141 0.0038239064160734415
142 0.003954356536269188
143 0.003828212385997176
144 0.0037231219466775656
145 0.0041166204027831554
146 0.004031839780509472
147 0.004038866609334946
148 0.004028864670544863
149 0.004035342484712601
150 0.0039674644358456135
151 0.004363102838397026
152 0.003555652219802141
153 0.0039050502236932516
154 0.003998083062469959
155 0.0035475867334753275
156 0.003811176400631666
157 0.003547615371644497
158 0.0038687987253069878
159 0.0039121476002037525
160 0.0038048033602535725
161 0.0038675975520163774
162 0.004055937752127647
163 0.003655378008261323
164 0.0036256902385503054
165 0.003805553074926138
166 0.004023658577352762
167 0.003980457782745361
168 0.004242956638336182
169 0.004245758056640625
170 0.0037308817263692617
171 0.0037784907035529613
172 0.0037826397456228733
173 0.003870116313919425
174 0.004007399547845125
175 0.0038081915117800236
176 0.004094109404832125
177 0.0039800964295864105
178 0.003419172950088978
179 0.0038464299868792295
180 0.0036308257840573788
181 0.004239560570567846
182 0.004018331412225962
183 0.003938161768019199
184 0.003985976334661245
185 0.004309253301471472
186 0.0037357325199991465
187 0.003973358776420355
188 0.003652905346825719
189 0.0038540316745638847
190 0.0036815719213336706
191 0.003801713464781642
192 0.003925591707229614
193 0.004038652870804071
194 0.0039199297316372395
195 0.004310096614062786
196 0.004221959970891476
197 0.0038721917662769556
198 0.0039922576397657394
199 0.003737032413482666
200 0.003927442245185375
201 0.0037211899179965258
202 0.004193979315459728
203 0.003780447645112872
204 0.0038800546899437904
205 0.003802338382229209
206 0.0036398121155798435
207 0.004057465586811304
208 0.0038763266056776047
209 0.004054010845720768
210 0.0037468429654836655
211 0.004057104233652353
212 0.0034379626158624887
213 0.0037540660705417395
214 0.004065869376063347
215 0.003907317295670509
216 0.004168567713350058
217 0.0042254445143043995
218 0.003769391216337681
219 0.0036872385535389185
220 0.003816432785242796
221 0.004187540616840124
222 0.003668430494144559
223 0.00455052824690938
224 0.003928328864276409
225 0.00394955649971962
226 0.003821758786216378
227 0.0037354808300733566
228 0.004199497401714325
229 0.0040803770534694195
230 0.004005062859505415
231 0.004202382173389196
232 0.0038056550547480583
233 0.003506766166538
234 0.003755379468202591
235 0.003825580468401313
236 0.003867172636091709
237 0.0038295681588351727
238 0.003839473705738783
239 0.004041591193526983
240 0.004211441148072481
241 0.004050202202051878
242 0.004114158917218447
243 0.003742692293599248
244 0.0038792158011347055
245 0.00367183075286448
246 0.004221449606120586
247 0.004160251468420029
248 0.004166504833847284
249 0.003910786006599665
250 0.003854834008961916
251 0.003527226625010371
252 0.003903909819200635
253 0.00372405000962317
254 0.004012030083686113
255 0.0036955918185412884
