0 0.0038549371529370546
1 0.003620259929448366
2 0.0036809155717492104
3 0.003844707738608122
4 0.00435072835534811
5 0.0037691656034439802
6 0.0042538754642009735
7 0.0039039559196680784
8 0.00425513694062829
9 0.003442749148234725
10 0.004206424113363028
11 0.004018014296889305
12 0.0038171333726495504
13 0.0037460194434970617
14 0.003940767142921686
15 0.003900520270690322
16 0.004123246762901545
17 0.0037568698171526194
18 0.004117229487746954
19 0.004031256772577763
20 0.004204697906970978
21 0.004024024587124586
22 0.003746817586943507
23 0.003728140378370881
24 0.0038151841145008802
25 0.003934979904443026
26 0.004055809695273638
27 0.0040112934075295925
28 0.0043342458084225655
29 0.003961827140301466
30 0.0040142773650586605
31 0.003734785132110119
32 0.0037149768322706223
33 0.0034092662390321493
34 0.0037974936421960592
35 0.0038863879162818193
36 0.0038958480581641197
37 0.0036094372626394033
38 0.003820739919319749
39 0.004123798105865717
40 0.004206655081361532
41 0.003304197918623686
42 0.003826656611636281
43 0.004014309961348772
44 0.0037618898786604404
45 0.0035452423617243767
46 0.004457967821508646
47 0.003996573388576508
48 0.003906663507223129
49 0.0037078368477523327
50 0.003996125888079405
51 0.003897117916494608
52 0.004003728739917278
53 0.004146400839090347
54 0.0037784231826663017
55 0.00405153026804328
56 0.004092987161129713
57 0.003748395247384906
58 0.003745929105207324
59 0.00402024295181036
60 0.003803352592512965
61 0.003561616875231266
62 0.004024670459330082
63 0.003831042442470789
64 0.0038740597665309906
65 0.00375151913613081
66 0.0036778028588742018
67 0.004041668027639389
68 0.003995814360678196
69 0.004155487287789583
70 0.004126285668462515
71 0.003809304442256689
72 0.003869768464937806
73 0.0036926267202943563
74 0.0038533981423825026
75 0.004571121651679277
76 0.004045487847179174
77 0.0036790864542126656
78 0.0038627295289188623
79 0.003917835187166929
80 0.003873990848660469
81 0.004150116816163063
82 0.004159375559538603
83 0.003674783743917942
84 0.00402044877409935
85 0.003921698313206434
86 0.0035958169028162956
87 0.0038373954594135284
88 0.003827535780146718
89 0.003679845482110977
90 0.004067547619342804
91 0.0038289157673716545
92 0.004155789036303759
93 0.004298198036849499
94 0.004004968795925379
95 0.003873055800795555
96 0.003607572289183736
97 0.004244338255375624
98 0.004027801100164652
99 0.004142783582210541
100 0.0038323071785271168
101 0.004225497599691153
102 0.0036951578222215176
103 0.0039786421693861485
104 0.003682444803416729
105 0.0043839868158102036
106 0.0038260750006884336
107 0.0042741731740534306
108 0.0043530832044780254
109 0.0037091034464538097
110 0.0038655903190374374
111 0.003884577192366123
112 0.003575018374249339
113 0.004567058756947517
114 0.0040183053351938725
115 0.0035123606212437153
116 0.0038309942465275526
117 0.004106879234313965
118 0.003529361914843321
119 0.004133217036724091
120 0.003781403647735715
121 0.004133475013077259
122 0.004284287802875042
123 0.0038173457141965628
124 0.003926499746739864
125 0.0038765505887567997
126 0.0039765541441738605
127 0.0038795291911810637
128 0.0036803619004786015
129 0.003839449491351843
130 0.0038284631446003914
131 0.0038999426178634167
132 0.0038591998163610697
133 0.004760890267789364
134 0.003607146441936493
135 0.0037282544653862715
136 0.004573298152536154
137 0.003786325454711914
138 0.00402034679427743
139 0.004163685720413923
140 0.0038099586963653564
141 0.003556804498657584
142 0.0038079526275396347
143 0.0037605229299515486
144 0.003574012080207467
145 0.004120361991226673
146 0.004018954932689667
147 0.004146492574363947
148 0.0037615320179611444
149 0.0037694070488214493
150 0.004110229201614857
151 0.004189618397504091
152 0.0035914566833525896
153 0.0037980417255312204
154 0.004073441494256258
155 0.0035684779286384583
156 0.003869293024763465
157 0.0033004810102283955
158 0.004077487159520388
159 0.0037147782277315855
160 0.0036331946030259132
161 0.003796885721385479
162 0.004116924479603767
163 0.0035345531068742275
164 0.0037906651850789785
165 0.0036877186503261328
166 0.00406738230958581
167 0.003878039075061679
168 0.0043564834631979465
169 0.004062767140567303
170 0.003519895253702998
171 0.0038283984176814556
172 0.003748830407857895
173 0.0038510768208652735
174 0.004069456830620766
175 0.003944807220250368
176 0.004303447436541319
177 0.0038329767994582653
178 0.003573768539354205
179 0.003842801321297884
180 0.003636874258518219
181 0.0044431486167013645
182 0.004078893922269344
183 0.0037844330072402954
184 0.003802885301411152
185 0.004205831326544285
186 0.0034611534792929888
187 0.0037878036964684725
188 0.003926742356270552
189 0.003784467000514269
190 0.0041977050714194775
191 0.0035613009240478277
192 0.003872448578476906
193 0.00406039971858263
194 0.004049185197800398
195 0.0043593221344053745
196 0.004216482397168875
197 0.0034960226621478796
198 0.003855988150462508
199 0.0038624266162514687
200 0.004061829764395952
201 0.0035367265809327364
202 0.003926317673176527
203 0.0037691842298954725
204 0.0038479010108858347
205 0.0038896279875189066
206 0.0038517662324011326
207 0.0037575813475996256
208 0.004193530417978764
209 0.004080356564372778
210 0.0039674825966358185
211 0.00432372372597456
212 0.0035263728350400925
213 0.003964203875511885
214 0.003958903253078461
215 0.003852525958791375
216 0.003878591116517782
217 0.0042460886761546135
218 0.003905256511643529
219 0.003586436854675412
220 0.0037386263720691204
221 0.003967347554862499
222 0.0038745945785194635
223 0.004040825180709362
224 0.004046740010380745
225 0.0038507382851094007
226 0.0038782800547778606
227 0.003755708923563361
228 0.004346536472439766
229 0.004096607211977243
230 0.0038147110026329756
231 0.004092962481081486
232 0.003880399977788329
233 0.0038687349297106266
234 0.0035875944886356592
235 0.0037299159448593855
236 0.003952082712203264
237 0.0038051623851060867
238 0.0035673980601131916
239 0.004458996932953596
240 0.003876723814755678
241 0.003873282577842474
242 0.003967114258557558
243 0.003618766786530614
244 0.0037957823369652033
245 0.003750164294615388
246 0.003971986006945372
247 0.004075125325471163
248 0.003758820006623864
249 0.003910329658538103
250 0.0035688048228621483
251 0.0034586279653012753
252 0.003959516063332558
253 0.003755292622372508
254 0.003812845330685377
255 0.003655184293165803
