0 0.004140871111303568
1 0.003252587979659438
2 0.003939174115657806
3 0.004259701352566481
4 0.004401393234729767
5 0.0038877062033861876
6 0.004196148365736008
7 0.0039568874053657055
8 0.004275231156498194
9 0.0037743039429187775
10 0.004225424025207758
11 0.004094285890460014
12 0.0035999019164592028
13 0.0038322466425597668
14 0.0035622164141386747
15 0.0038925118278712034
16 0.003918694332242012
17 0.003979893866926432
18 0.003711800556629896
19 0.003995422273874283
20 0.003952937666326761
21 0.0039529562927782536
22 0.003921506926417351
23 0.003667666343972087
24 0.004148798529058695
25 0.004073807504028082
26 0.004052841104567051
27 0.0038522405084222555
28 0.004043864086270332
29 0.003917293157428503
30 0.004162775352597237
31 0.003850682871416211
32 0.0035287230275571346
33 0.003543064696714282
34 0.003690399695187807
35 0.003924082964658737
36 0.004086075816303492
37 0.003957963548600674
38 0.004226171877235174
39 0.004193744622170925
40 0.0040726144798099995
41 0.0033518325071781874
42 0.0039009167812764645
43 0.003646849887445569
44 0.0038764849305152893
45 0.004102329723536968
46 0.004250168800354004
47 0.004025631118565798
48 0.00405389629304409
49 0.003901962423697114
50 0.004031213000416756
51 0.0037270968314260244
52 0.0040056719444692135
53 0.0038214917294681072
54 0.003800762817263603
55 0.004011627286672592
56 0.004237004555761814
57 0.003955480642616749
58 0.003837544471025467
59 0.003672391176223755
60 0.003819138277322054
61 0.004032206255942583
62 0.004259427543729544
63 0.0036891631316393614
64 0.0037292316555976868
65 0.003796657547354698
66 0.0037433544639497995
67 0.003789617447182536
68 0.0038481862284243107
69 0.0038458690978586674
70 0.004276571329683065
71 0.004069161601364613
72 0.004127655643969774
73 0.0035562096163630486
74 0.003947511315345764
75 0.004293947014957666
76 0.00401247339323163
77 0.004015688318759203
78 0.003685701871290803
79 0.004035429563373327
80 0.0037152913864701986
81 0.0039061778225004673
82 0.0037737179081887007
83 0.003586223814636469
84 0.003985338844358921
85 0.0036338046193122864
86 0.00365770747885108
87 0.003810946363955736
88 0.003651747480034828
89 0.003455753205344081
90 0.004026168491691351
91 0.003838398028165102
92 0.0038477685302495956
93 0.004292799159884453
94 0.0036597091238945723
95 0.0036324860993772745
96 0.003936181776225567
97 0.00414228904992342
98 0.0037009327206760645
99 0.004165041260421276
100 0.0039376686327159405
101 0.004151534289121628
102 0.0035391903948038816
103 0.0043853819370269775
104 0.003571746638044715
105 0.00409898953512311
106 0.003903529606759548
107 0.004557376261800528
108 0.004122112412005663
109 0.003990203607827425
110 0.004363711457699537
111 0.003951913211494684
112 0.0037014014087617397
113 0.0045115458779037
114 0.0044292123056948185
115 0.0036569160874933004
116 0.004108064342290163
117 0.003751627169549465
118 0.0034533534198999405
119 0.0036928262561559677
120 0.0041740890592336655
121 0.003933608997613192
122 0.004400880541652441
123 0.004001856315881014
124 0.0040667373687028885
125 0.0038263429887592793
126 0.004095799755305052
127 0.0036820287350565195
128 0.003735890844836831
129 0.003711995668709278
130 0.003759610466659069
131 0.0035752735566347837
132 0.0038257066626101732
133 0.0043386961333453655
134 0.003813612973317504
135 0.003616966772824526
136 0.004177016671746969
137 0.003793978365138173
138 0.00389975868165493
139 0.003955403342843056
140 0.003608567873016
141 0.003344664117321372
142 0.003658940549939871
143 0.0037595483008772135
144 0.0034281627740710974
145 0.004167885519564152
146 0.0038765911012887955
147 0.0039978730492293835
148 0.0038489429280161858
149 0.003989359363913536
150 0.004088021349161863
151 0.004242585971951485
152 0.003954380750656128
153 0.0037988126277923584
154 0.003805675311014056
155 0.003539174795150757
156 0.0036876846570521593
157 0.0036143730394542217
158 0.003934965468943119
159 0.0036600721068680286
160 0.003697494976222515
161 0.003970329649746418
162 0.0044179679825901985
163 0.0036917850375175476
164 0.003923540003597736
165 0.0039701322093605995
166 0.003980080131441355
167 0.004022319335490465
168 0.0038052131421864033
169 0.004116570111364126
170 0.0037782543804496527
171 0.003960374277085066
172 0.003692059312015772
173 0.0036084624007344246
174 0.004038136452436447
175 0.00397925078868866
176 0.004170381464064121
177 0.0038608608301728964
178 0.003546561114490032
179 0.003750101663172245
180 0.00404195673763752
181 0.004146837629377842
182 0.004164471291005611
183 0.003874751040711999
184 0.004046878311783075
185 0.004258007742464542
186 0.003625200130045414
187 0.003880611155182123
188 0.003952298313379288
189 0.004314871970564127
190 0.003912027459591627
191 0.0038515168707817793
192 0.003827475244179368
193 0.00397785659879446
194 0.0041523464024066925
195 0.004187108017504215
196 0.004485878627747297
197 0.004096243064850569
198 0.003958831541240215
199 0.004058219958096743
200 0.003710383316501975
201 0.003938465379178524
202 0.004103419836610556
203 0.0039330399595201015
204 0.003721610875800252
205 0.0036207318771630526
206 0.003771139308810234
207 0.003826416563242674
208 0.0036965166218578815
209 0.003956610802561045
210 0.0037972133141011
211 0.003818515921011567
212 0.00358708412386477
213 0.003626796882599592
214 0.004092590883374214
215 0.00388179044239223
216 0.004128647968173027
217 0.00393120339140296
218 0.003692464902997017
219 0.003856521798297763
220 0.003828637069091201
221 0.003858509473502636
222 0.0038426502142101526
223 0.004079415462911129
224 0.003482081461697817
225 0.00367261772044003
226 0.004196865018457174
227 0.0039281235076487064
228 0.00410846434533596
229 0.0043045650236308575
230 0.003942021634429693
231 0.003870161948725581
232 0.004067824687808752
233 0.003824385115876794
234 0.0036966977640986443
235 0.0037965562660247087
236 0.004060427658259869
237 0.003998700063675642
238 0.0038053221069276333
239 0.004236618522554636
240 0.0040664346888661385
241 0.0037920677568763494
242 0.003970182966440916
243 0.0036174298729747534
244 0.003806196851655841
245 0.003873655805364251
246 0.004354247357696295
247 0.0040352740325033665
248 0.0038270647637546062
249 0.003574845613911748
250 0.003548289183527231
251 0.0034038559533655643
252 0.003642094088718295
253 0.003524740459397435
254 0.004006273113191128
255 0.0036837614607065916
