0 0.0038476779591292143
1 0.003435413120314479
2 0.003995088394731283
3 0.003936887718737125
4 0.004151321016252041
5 0.003995183389633894
6 0.0039019519463181496
7 0.00411343714222312
8 0.00409691734239459
9 0.0036275829188525677
10 0.0040884679183363914
11 0.003911842592060566
12 0.003853576024994254
13 0.003798667574301362
14 0.0037285287398844957
15 0.003940483555197716
16 0.00405909912660718
17 0.0037145742680877447
18 0.003968469798564911
19 0.003900187322869897
20 0.004181051626801491
21 0.004114498384296894
22 0.0038620480336248875
23 0.0036178859882056713
24 0.003877590410411358
25 0.003969921730458736
26 0.003952913451939821
27 0.003912913613021374
28 0.004076290410012007
29 0.0039975401014089584
30 0.00417462270706892
31 0.0036107287742197514
32 0.0037043020129203796
33 0.0036987471394240856
34 0.0036285838577896357
35 0.004151515197008848
36 0.004022953100502491
37 0.003846021369099617
38 0.004145239479839802
39 0.004181041847914457
40 0.004155980423092842
41 0.003399522276595235
42 0.0038730339147150517
43 0.0037155153695493937
44 0.004053951241075993
45 0.004122843034565449
46 0.004404377192258835
47 0.004299779422581196
48 0.004121117293834686
49 0.0038068341091275215
50 0.00416202936321497
51 0.00381728308275342
52 0.003982747904956341
53 0.003763435874134302
54 0.0039481474086642265
55 0.003868240164592862
56 0.00410155626013875
57 0.0037926500663161278
58 0.003766685491427779
59 0.00398142309859395
60 0.003534750547260046
61 0.0039288681000471115
62 0.004313154146075249
63 0.0036200194153934717
64 0.004314969759434462
65 0.003658765461295843
66 0.0037697500083595514
67 0.0037319851107895374
68 0.003932069521397352
69 0.004058425780385733
70 0.004186317790299654
71 0.003649170510470867
72 0.003725251881405711
73 0.003775213146582246
74 0.0040115066803991795
75 0.004043752793222666
76 0.003946503158658743
77 0.003951705992221832
78 0.003689792472869158
79 0.003716033883392811
80 0.003919709473848343
81 0.004288390278816223
82 0.0036162917967885733
83 0.0037231366150081158
84 0.004064806271344423
85 0.0035448067355901003
86 0.003985384479165077
87 0.00387257756665349
88 0.0035584880970418453
89 0.0039018543902784586
90 0.003929668106138706
91 0.003904457902535796
92 0.0034964510705322027
93 0.004511274863034487
94 0.0036815027706325054
95 0.0038079265505075455
96 0.003739883890375495
97 0.004012342542409897
98 0.003574706381186843
99 0.0038758027367293835
100 0.0038064359687268734
101 0.003954693675041199
102 0.0038489149883389473
103 0.004292596597224474
104 0.003784911008551717
105 0.004468908067792654
106 0.003860273864120245
107 0.004432126879692078
108 0.0039391596801579
109 0.0038918715436011553
110 0.004203914664685726
111 0.003767491551116109
112 0.0037097244057804346
113 0.00451064296066761
114 0.004324082750827074
115 0.0038275441620498896
116 0.003959703724831343
117 0.004164331592619419
118 0.003825506893917918
119 0.003934804815798998
120 0.0038479003123939037
121 0.004276294726878405
122 0.0044180466793477535
123 0.0038719680160284042
124 0.004301822744309902
125 0.003953299485146999
126 0.003886813297867775
127 0.003833816386759281
128 0.0037018980365246534
129 0.003617031266912818
130 0.00364633253775537
131 0.0036536192055791616
132 0.00406865356490016
133 0.0041181426495313644
134 0.003882630728185177
135 0.003533650189638138
136 0.0042327833361923695
137 0.003670977894216776
138 0.00403331033885479
139 0.003861274803057313
140 0.0037272318731993437
141 0.0034984778612852097
142 0.0038338720332831144
143 0.003915469627827406
144 0.0037238106597214937
145 0.004203762859106064
146 0.003986440598964691
147 0.004081964027136564
148 0.003647955134510994
149 0.0038929441943764687
150 0.003863503457978368
151 0.004041094798594713
152 0.003527544904500246
153 0.004017507191747427
154 0.003667927347123623
155 0.0037694221828132868
156 0.003767901798710227
157 0.0038096499629318714
158 0.004126972518861294
159 0.003454257035627961
160 0.003907875157892704
161 0.003756534541025758
162 0.00406883517280221
163 0.0036539235152304173
164 0.0035015048924833536
165 0.0038657879922538996
166 0.003868992207571864
167 0.003823839593678713
168 0.00416357209905982
169 0.004419805482029915
170 0.003745513502508402
171 0.0038260642904788256
172 0.003585748840123415
173 0.0036938360426574945
174 0.00404430041089654
175 0.003942929208278656
176 0.004195901565253735
177 0.003949703183025122
178 0.0035216996911913157
179 0.00386296259239316
180 0.0035514014307409525
181 0.004327544942498207
182 0.004181060008704662
183 0.003947645891457796
184 0.004153840709477663
185 0.0039909700863063335
186 0.003741609398275614
187 0.003942974843084812
188 0.003936419263482094
189 0.0037721446715295315
190 0.004055990371853113
191 0.0034740660339593887
192 0.003909924533218145
193 0.0039448849856853485
194 0.004043408203870058
195 0.004085952881723642
196 0.004197692032903433
197 0.0037354466039687395
198 0.0035787858068943024
199 0.003924257587641478
200 0.0040562874637544155
201 0.0036495558451861143
202 0.004038958810269833
203 0.004034130368381739
204 0.0039769550785422325
205 0.0038852649740874767
206 0.0037966854870319366
207 0.004124392755329609
208 0.004138438496738672
209 0.0038548444863408804
210 0.003633423475548625
211 0.004125278443098068
212 0.003511871211230755
213 0.003807252971455455
214 0.004100286867469549
215 0.003925355616956949
216 0.0039046539459377527
217 0.00390788447111845
218 0.003975184168666601
219 0.003797760931774974
220 0.0036670751869678497
221 0.004174368921667337
222 0.00373551482334733
223 0.004156860988587141
224 0.0039030974730849266
225 0.003930612001568079
226 0.00401275372132659
227 0.0038312154356390238
228 0.003813345916569233
229 0.003936534281820059
230 0.003850184381008148
231 0.004124687518924475
232 0.0038173911161720753
233 0.00356276030652225
234 0.003821619553491473
235 0.00354017224162817
236 0.004169470630586147
237 0.003766928566619754
238 0.0038319947198033333
239 0.004014471545815468
240 0.003963490482419729
241 0.003657898399978876
242 0.0038956303615123034
243 0.003845339873805642
244 0.003780750324949622
245 0.0037964426446706057
246 0.004327347967773676
247 0.004130200482904911
248 0.0042156740091741085
249 0.003871186636388302
250 0.003693958977237344
251 0.0035687098279595375
252 0.0038071018643677235
253 0.004019822925329208
254 0.00399357546120882
255 0.0036600122693926096
