0 0.003988861571997404
1 0.0033871361520141363
2 0.003739657811820507
3 0.003942734561860561
4 0.0041795228607952595
5 0.003620497416704893
6 0.004053251817822456
7 0.0038981223478913307
8 0.00405872892588377
9 0.0038020212668925524
10 0.0042893714271485806
11 0.003746660193428397
12 0.0037052431143820286
13 0.0037633494939655066
14 0.003935884218662977
15 0.003876790404319763
16 0.004053651820868254
17 0.00394212594255805
18 0.003766236826777458
19 0.004102590959519148
20 0.0041176131926476955
21 0.00390644371509552
22 0.0040372638031840324
23 0.0038191652856767178
24 0.0040003713220357895
25 0.00420606741681695
26 0.004219038411974907
27 0.004048951435834169
28 0.004101283382624388
29 0.003993933089077473
30 0.00429820129647851
31 0.0038291937671601772
32 0.003706990508362651
33 0.0037402308080345392
34 0.003750343807041645
35 0.004009639844298363
36 0.004023532383143902
37 0.00397916603833437
38 0.004115741234272718
39 0.004131508059799671
40 0.004037039820104837
41 0.0036254660226404667
42 0.00410893140360713
43 0.003635836998000741
44 0.003989002201706171
45 0.003995323553681374
46 0.004263411741703749
47 0.004159684292972088
48 0.0039568208158016205
49 0.003619169117882848
50 0.0040816739201545715
51 0.003674450097605586
52 0.003910441417247057
53 0.003718558931723237
54 0.0036291468422859907
55 0.003910752013325691
56 0.004120720084756613
57 0.003795409109443426
58 0.0037692212499678135
59 0.003585643833503127
60 0.0038142672274261713
61 0.0041406042873859406
62 0.004187060985714197
63 0.0036079902201890945
64 0.0037000239826738834
65 0.0038224903400987387
66 0.0038922224193811417
67 0.003843241836875677
68 0.0037698475643992424
69 0.003999733366072178
70 0.004260556772351265
71 0.003842956619337201
72 0.004005886148661375
73 0.00399065064266324
74 0.003928165417164564
75 0.004207166377454996
76 0.004062548745423555
77 0.004024139139801264
78 0.003931256476789713
79 0.003814342897385359
80 0.0038868084084242582
81 0.00402603205293417
82 0.003896693466231227
83 0.0037574926391243935
84 0.004055413883179426
85 0.003935464192181826
86 0.003860746743157506
87 0.003917348571121693
88 0.0036021030973643064
89 0.0037747870665043592
90 0.0039684283547103405
91 0.003965969663113356
92 0.004107759799808264
93 0.004174676723778248
94 0.003904731711372733
95 0.0038190865889191628
96 0.004004809074103832
97 0.004156220704317093
98 0.003809128887951374
99 0.00393395172432065
100 0.003866798710078001
101 0.0042069945484399796
102 0.003686136333271861
103 0.004233564715832472
104 0.00366353802382946
105 0.0042350804433226585
106 0.00393712380900979
107 0.004469077102839947
108 0.0042401887476444244
109 0.004011954180896282
110 0.003855119226500392
111 0.003859070362523198
112 0.003604552475735545
113 0.004319049883633852
114 0.003973319195210934
115 0.00379410432651639
116 0.004083140287548304
117 0.0038819583132863045
118 0.0034807531628757715
119 0.003886080114170909
120 0.00400466937571764
121 0.004249694757163525
122 0.004614382982254028
123 0.003971932455897331
124 0.004012671764940023
125 0.003762585809454322
126 0.004183766432106495
127 0.004008966963738203
128 0.0037901820614933968
129 0.0033300104551017284
130 0.0035660257562994957
131 0.003405709518119693
132 0.004018597304821014
133 0.004217280074954033
134 0.0038396271411329508
135 0.003398314118385315
136 0.004350817296653986
137 0.003940615803003311
138 0.003968766424804926
139 0.004033002071082592
140 0.0035459131468087435
141 0.0035283113829791546
142 0.0037194916512817144
143 0.003780358238145709
144 0.0035635328385978937
145 0.004220166243612766
146 0.003999315667897463
147 0.003933164291083813
148 0.003775372402742505
149 0.00388995255343616
150 0.0038784747011959553
151 0.004254226107150316
152 0.0035107815638184547
153 0.0038466358091682196
154 0.003723850706592202
155 0.0035332359839230776
156 0.003513023955747485
157 0.0034774865489453077
158 0.0039524598978459835
159 0.003632389008998871
160 0.00378836109302938
161 0.00375004718080163
162 0.003947921562939882
163 0.003593160305172205
164 0.0037658794317394495
165 0.0039484379813075066
166 0.0040405625477433205
167 0.0037026561331003904
168 0.004069055430591106
169 0.00414106622338295
170 0.0037578397896140814
171 0.0037478511221706867
172 0.0036500846035778522
173 0.0036897878162562847
174 0.0038988066371530294
175 0.003920319955796003
176 0.004220966249704361
177 0.003792428644374013
178 0.0035413994919508696
179 0.003721361281350255
180 0.00387338874861598
181 0.004110885784029961
182 0.003821113146841526
183 0.003997708670794964
184 0.003819157835096121
185 0.004036290571093559
186 0.003407347248867154
187 0.003604298457503319
188 0.003864020574837923
189 0.003772712778300047
190 0.004058151505887508
191 0.003699541324749589
192 0.00410139374434948
193 0.004017976578325033
194 0.004132903181016445
195 0.004220730159431696
196 0.004420962184667587
197 0.003847716376185417
198 0.004010770469903946
199 0.0039911954663693905
200 0.0035631333012133837
201 0.0038081470411270857
202 0.003937010653316975
203 0.003625722834840417
204 0.0037534902803599834
205 0.0035556356888264418
206 0.0036435588262975216
207 0.003860256401821971
208 0.004211114719510078
209 0.003926031291484833
210 0.0038503881078213453
211 0.0039330655708909035
212 0.0036856424994766712
213 0.0038874936290085316
214 0.004103181883692741
215 0.003957110457122326
216 0.004011319484561682
217 0.004159483127295971
218 0.003923548851162195
219 0.003836321411654353
220 0.003954779356718063
221 0.003933941945433617
222 0.0036480645649135113
223 0.004122370854020119
224 0.003743727458640933
225 0.0042026652954518795
226 0.0041411034762859344
227 0.0038127615116536617
228 0.004179065115749836
229 0.004374150652438402
230 0.003733268240466714
231 0.004078662022948265
232 0.0038266542833298445
233 0.003795007010921836
234 0.0038995840586721897
235 0.0038171301130205393
236 0.003962412476539612
237 0.003906673286110163
238 0.0038970746099948883
239 0.003924826625734568
240 0.004098082426935434
241 0.004006937146186829
242 0.0037938538007438183
243 0.0036489712074398994
244 0.0039856028743088245
245 0.0037858919240534306
246 0.004295735154300928
247 0.00418359087780118
248 0.0038584466092288494
249 0.0038848656695336103
250 0.0036162917967885733
251 0.003547958331182599
252 0.003937818575650454
253 0.0037969094701111317
254 0.00390994967892766
255 0.0038572223857045174
