0 0.0038799841422587633
1 0.0035723382607102394
2 0.003792350646108389
3 0.003992660436779261
4 0.00415354548022151
5 0.003905525431036949
6 0.0040546986274421215
7 0.004089935217052698
8 0.00415796460583806
9 0.0035300033632665873
10 0.004190763458609581
11 0.004000621382147074
12 0.0036110670771449804
13 0.0038916971534490585
14 0.003902241587638855
15 0.003971925470978022
16 0.003958938643336296
17 0.003934296779334545
18 0.0036660556215792894
19 0.003926037810742855
20 0.003969347104430199
21 0.0041203489527106285
22 0.004090098664164543
23 0.0039393119513988495
24 0.004027684684842825
25 0.0040383534505963326
26 0.004068270791321993
27 0.003993300721049309
28 0.004064197652041912
29 0.0038788451347500086
30 0.0042471555061638355
31 0.003945492673665285
32 0.0036627482622861862
33 0.003596876049414277
34 0.0036905871238559484
35 0.0038923725951462984
36 0.0039580208249390125
37 0.003675987711176276
38 0.0038630857598036528
39 0.004038835410028696
40 0.004117214120924473
41 0.0033451253548264503
42 0.0040180739015340805
43 0.004128941334784031
44 0.0039526959881186485
45 0.003854358335956931
46 0.004218487534672022
47 0.004214211367070675
48 0.004202526994049549
49 0.0037528686225414276
50 0.004231608007103205
51 0.003516453318297863
52 0.004112615715712309
53 0.0038257997948676348
54 0.0036981776356697083
55 0.004076122306287289
56 0.0039003619458526373
57 0.0039419145323336124
58 0.003986091818660498
59 0.00386738870292902
60 0.0036719352938234806
61 0.003999053966253996
62 0.003990195691585541
63 0.0037507950328290462
64 0.003915095701813698
65 0.003765800967812538
66 0.0040185111574828625
67 0.003969019278883934
68 0.003756584133952856
69 0.004079113714396954
70 0.004183956887573004
71 0.0038992727641016245
72 0.003918614238500595
73 0.004097142722457647
74 0.0037931357510387897
75 0.004304840229451656
76 0.004028962459415197
77 0.003846174106001854
78 0.004045724403113127
79 0.0038347309455275536
80 0.0037818672135472298
81 0.003957456909120083
82 0.0038776437286287546
83 0.0036107487976551056
84 0.004038021434098482
85 0.0036000327672809362
86 0.003674127394333482
87 0.003939589019864798
88 0.003512459807097912
89 0.003864587051793933
90 0.004057163372635841
91 0.0037968538235872984
92 0.003970327787101269
93 0.004155870992690325
94 0.0038090157322585583
95 0.003906131722033024
96 0.004057044163346291
97 0.004119408316910267
98 0.003871788503602147
99 0.004110488574951887
100 0.0040852343663573265
101 0.004074203781783581
102 0.0036795020569115877
103 0.004127637483179569
104 0.0038436215836554766
105 0.004249835852533579
106 0.004032056778669357
107 0.0041140057146549225
108 0.004163255915045738
109 0.0037829414941370487
110 0.003911538980901241
111 0.0036524364259094
112 0.0037305839359760284
113 0.004021061584353447
114 0.004114379175007343
115 0.003746316535398364
116 0.0038978862576186657
117 0.003966696560382843
118 0.0035966262221336365
119 0.003947740886360407
120 0.003927233163267374
121 0.003993920981884003
122 0.004513408523052931
123 0.0038626643363386393
124 0.0040098014287650585
125 0.0037412443198263645
126 0.004347513895481825
127 0.0038990688044577837
128 0.003480214159935713
129 0.003643366042524576
130 0.0035097121726721525
131 0.0037854707334190607
132 0.003683442948386073
133 0.00401435187086463
134 0.0037637464702129364
135 0.003690666751936078
136 0.004400839563459158
137 0.004001818597316742
138 0.004080147482454777
139 0.003990877419710159
140 0.0037079299800097942
141 0.0034605979453772306
142 0.0038424336817115545
143 0.003909759223461151
144 0.003462064079940319
145 0.003949036356061697
146 0.0038657397963106632
147 0.0038424411322921515
148 0.003889123909175396
149 0.0038619302213191986
150 0.0040104272775352
151 0.003977966029196978
152 0.0038072739262133837
153 0.0038457100745290518
154 0.0037720128893852234
155 0.0034976608585566282
156 0.0038036026526242495
157 0.003801700659096241
158 0.003938427660614252
159 0.0037153190933167934
160 0.0036428836174309254
161 0.0038394208531826735
162 0.004152160603553057
163 0.003586518345400691
164 0.003850839100778103
165 0.003789950395002961
166 0.004092715680599213
167 0.003910273313522339
168 0.004221227485686541
169 0.003968416713178158
170 0.003883607219904661
171 0.0038951095193624496
172 0.0037723963614553213
173 0.0038754348643124104
174 0.004136753734201193
175 0.00403393991291523
176 0.0043525416404008865
177 0.003955439664423466
178 0.0036269384436309338
179 0.0037198220379650593
180 0.0037650384474545717
181 0.004147584084421396
182 0.003939470741897821
183 0.004008308053016663
184 0.003922056872397661
185 0.003998368512839079
186 0.0036481895949691534
187 0.003686419688165188
188 0.0040006814524531364
189 0.003751917276531458
190 0.003798901801928878
191 0.0037347686011344194
192 0.003780902596190572
193 0.00408107740804553
194 0.004115397110581398
195 0.004166886210441589
196 0.004255739506334066
197 0.003697474952787161
198 0.0038540647365152836
199 0.0037882935721427202
200 0.003703604219481349
201 0.003989766351878643
202 0.003813608316704631
203 0.0037301357369869947
204 0.0037377341650426388
205 0.0037542213685810566
206 0.003777461824938655
207 0.003950580023229122
208 0.003892424050718546
209 0.004181332886219025
210 0.0037252590991556644
211 0.004112923517823219
212 0.0035587879829108715
213 0.0038631600327789783
214 0.004071190021932125
215 0.004055378958582878
216 0.0038839250337332487
217 0.003908454906195402
218 0.003885965794324875
219 0.003566483501344919
220 0.003952742088586092
221 0.003859490156173706
222 0.003728155978024006
223 0.004139048047363758
224 0.0038494036998599768
225 0.003757905913516879
226 0.004057308658957481
227 0.003843533806502819
228 0.004060336388647556
229 0.0042815073393285275
230 0.0038729102816432714
231 0.004207491409033537
232 0.0038833071012049913
233 0.0037921080365777016
234 0.0039000266697257757
235 0.0038116693031042814
236 0.0041149938479065895
237 0.003734008874744177
238 0.0035978863015770912
239 0.004155866336077452
240 0.004169666673988104
241 0.004063036292791367
242 0.003846121486276388
243 0.0037306861486285925
244 0.0037987136747688055
245 0.003606966231018305
246 0.003998142201453447
247 0.004333428107202053
248 0.003990583121776581
249 0.0036813279148191214
250 0.003776360070332885
251 0.0036144847981631756
252 0.003975213505327702
253 0.003675118088722229
254 0.00413889903575182
255 0.003869143547490239
