0 0.003990302328020334
1 0.0034403440076857805
2 0.0038653789088129997
3 0.003992657642811537
4 0.004147155676037073
5 0.003845506114885211
6 0.004213674925267696
7 0.004159098491072655
8 0.004075514618307352
9 0.0037306672893464565
10 0.004349659662693739
11 0.0038009812124073505
12 0.003785427426919341
13 0.0037423507310450077
14 0.003909172955900431
15 0.0037807144690304995
16 0.0038672019727528095
17 0.003906700294464827
18 0.003638477995991707
19 0.003950807731598616
20 0.004017939791083336
21 0.0038800097536295652
22 0.004251057282090187
23 0.003677496686577797
24 0.003841607365757227
25 0.0039019654504954815
26 0.0038423174992203712
27 0.003824834479019046
28 0.0037309504114091396
29 0.003938454203307629
30 0.0043053459376096725
31 0.0039049088954925537
32 0.0035068518482148647
33 0.0038416385650634766
34 0.0037365308962762356
35 0.004037820268422365
36 0.004054677672684193
37 0.0037208162248134613
38 0.0038290154188871384
39 0.0038958957884460688
40 0.0038738097064197063
41 0.0034014254342764616
42 0.0039405422285199165
43 0.0036122582387179136
44 0.004078920464962721
45 0.0037177090998739004
46 0.004020444117486477
47 0.004389547742903233
48 0.0038287993520498276
49 0.003869835752993822
50 0.004307863302528858
51 0.0035180137492716312
52 0.004012381657958031
53 0.0037705018185079098
54 0.003975093364715576
55 0.004135584458708763
56 0.004311388358473778
57 0.003816083772107959
58 0.004029207397252321
59 0.0038755645509809256
60 0.0037503810599446297
61 0.004126168321818113
62 0.004324485547840595
63 0.003790246555581689
64 0.00393772404640913
65 0.0037548202089965343
66 0.003886982100084424
67 0.003893994726240635
68 0.003950299229472876
69 0.0041151451878249645
70 0.00405818410217762
71 0.003916508983820677
72 0.004050704184919596
73 0.003901334945112467
74 0.0037628908175975084
75 0.004484323784708977
76 0.003994321450591087
77 0.003946690820157528
78 0.0039830575697124004
79 0.0037223489489406347
80 0.0037106410600245
81 0.0041570705361664295
82 0.0038972184993326664
83 0.0035328539088368416
84 0.003979438915848732
85 0.0037616512272506952
86 0.003777905134484172
87 0.003815213218331337
88 0.0036231873091310263
89 0.003668206511065364
90 0.0038787645753473043
91 0.004003025125712156
92 0.003988525364547968
93 0.004180164076387882
94 0.0038673183880746365
95 0.004151970613747835
96 0.003909214865416288
97 0.004032541997730732
98 0.00383661943487823
99 0.003971888683736324
100 0.0038330217357724905
101 0.0041959029622375965
102 0.0037195782642811537
103 0.004246364813297987
104 0.0038601949345320463
105 0.004022264387458563
106 0.00413896469399333
107 0.004467648454010487
108 0.00427534244954586
109 0.003854263573884964
110 0.00405273400247097
111 0.0036767954006791115
112 0.0035911109298467636
113 0.0041050175204873085
114 0.0038860365748405457
115 0.0038015812169760466
116 0.004102231469005346
117 0.003909121733158827
118 0.0036170952953398228
119 0.0038312794640660286
120 0.003878891235217452
121 0.0039032138884067535
122 0.004471727181226015
123 0.0038796481676399708
124 0.003973139449954033
125 0.003667068900540471
126 0.004268242511898279
127 0.0038376287557184696
128 0.0037494876887649298
129 0.0037622391246259212
130 0.00386238400824368
131 0.003516832133755088
132 0.0039652492851018906
133 0.004312050063163042
134 0.0038072243332862854
135 0.003380568465217948
136 0.004539198707789183
137 0.003995128441601992
138 0.003958426881581545
139 0.003908261191099882
140 0.0034569476265460253
141 0.003638705937191844
142 0.003849404864013195
143 0.0039004506543278694
144 0.0038048741407692432
145 0.004073521122336388
146 0.0038609816692769527
147 0.003772551426663995
148 0.0037904158234596252
149 0.0039266059175133705
150 0.003884117817506194
151 0.004157973453402519
152 0.0035317956935614347
153 0.003918933216482401
154 0.0036944430321455
155 0.0034964843653142452
156 0.003842143574729562
157 0.0035113391932100058
158 0.0040757255628705025
159 0.003788618603721261
160 0.003865170991048217
161 0.0038186029996722937
162 0.004165038000792265
163 0.0036890762858092785
164 0.003653026418760419
165 0.0038205732125788927
166 0.004040569998323917
167 0.0037407209165394306
168 0.004096334800124168
169 0.004171246662735939
170 0.0039432961493730545
171 0.0037581746000796556
172 0.003728517098352313
173 0.003959608729928732
174 0.003881296841427684
175 0.003935083281248808
176 0.004407690372318029
177 0.0037083327770233154
178 0.00350518012419343
179 0.0036212068516761065
180 0.0035802044440060854
181 0.004211031831800938
182 0.0042284815572202206
183 0.0038850707933306694
184 0.003871410619467497
185 0.004208170808851719
186 0.0035437156911939383
187 0.004200492985546589
188 0.0036307822447270155
189 0.0036854087375104427
190 0.004059006460011005
191 0.0038140895776450634
192 0.003941441886126995
193 0.0039010175969451666
194 0.003919805400073528
195 0.004225518088787794
196 0.0042440760880708694
197 0.0036390586756169796
198 0.0038193725049495697
199 0.0038958084769546986
200 0.003672344610095024
201 0.0035343857016414404
202 0.003761383006349206
203 0.0037451814860105515
204 0.003787902183830738
205 0.0037389167118817568
206 0.003669096389785409
207 0.0039942157454788685
208 0.003935681656002998
209 0.004178458359092474
210 0.003858755109831691
211 0.0038899013306945562
212 0.003594685811549425
213 0.0038405191153287888
214 0.004368970636278391
215 0.003990907222032547
216 0.003952159080654383
217 0.004131074529141188
218 0.004033389966934919
219 0.003874389687553048
220 0.00409581558778882
221 0.0037936365697532892
222 0.003922754433006048
223 0.00401898380368948
224 0.0038440139032900333
225 0.004119429271668196
226 0.003929667174816132
227 0.003719800617545843
228 0.0038290407974272966
229 0.004237096756696701
230 0.0036977832205593586
231 0.0040632146410644054
232 0.004175076261162758
233 0.0038348936941474676
234 0.0037546800449490547
235 0.0039521935395896435
236 0.003955224994570017
237 0.004030982032418251
238 0.003660481655970216
239 0.004077869933098555
240 0.0041623287834227085
241 0.00415412150323391
242 0.0038408515974879265
243 0.003574359929189086
244 0.003850423963740468
245 0.0038680960424244404
246 0.003999015782028437
247 0.004082588944584131
248 0.004117516800761223
249 0.003866430139169097
250 0.003789897309616208
251 0.0036476869136095047
252 0.0038384711369872093
253 0.0037000440061092377
254 0.0040255356580019
255 0.003894789842888713
