0 0.003934147302061319
1 0.0033230255357921124
2 0.003923641052097082
3 0.003797642420977354
4 0.004268016200512648
5 0.0037637159693986177
6 0.004026719368994236
7 0.003838207572698593
8 0.003915741108357906
9 0.003546997206285596
10 0.003968346863985062
11 0.003962928429245949
12 0.003802133956924081
13 0.0038499082438647747
14 0.003843295853585005
15 0.003999003209173679
16 0.0039699487388134
17 0.0037664221599698067
18 0.0040356493555009365
19 0.0039105224423110485
20 0.004115857183933258
21 0.004165190737694502
22 0.0038778302259743214
23 0.0036842182744294405
24 0.003815615549683571
25 0.004047722090035677
26 0.004306335002183914
27 0.00397714227437973
28 0.004244787152856588
29 0.0037661639507859945
30 0.004203218501061201
31 0.0037856686394661665
32 0.0035180789418518543
33 0.003468550043180585
34 0.003544811625033617
35 0.003931653220206499
36 0.004210104700177908
37 0.0038584594149142504
38 0.004297433886677027
39 0.004271811340004206
40 0.004111004527658224
41 0.003361194860190153
42 0.0037237955257296562
43 0.003785796696320176
44 0.004009511787444353
45 0.004083228297531605
46 0.004308642819523811
47 0.004115902353078127
48 0.004047120921313763
49 0.003676772816106677
50 0.0040636747144162655
51 0.003633606480434537
52 0.004011940211057663
53 0.003768569091334939
54 0.003782709361985326
55 0.0039471411146223545
56 0.0039832317270338535
57 0.0036743476521223783
58 0.0037729342002421618
59 0.0038142830599099398
60 0.0037918691523373127
61 0.004142426420003176
62 0.004320771433413029
63 0.0037468017544597387
64 0.004119856748729944
65 0.0037478820886462927
66 0.003784006228670478
67 0.004023674409836531
68 0.003651515580713749
69 0.0041854847222566605
70 0.004377903416752815
71 0.004031194839626551
72 0.004062501713633537
73 0.003678692039102316
74 0.004018840845674276
75 0.003928307443857193
76 0.004039102233946323
77 0.003877683077007532
78 0.00386919011361897
79 0.0035418833140283823
80 0.003695105668157339
81 0.004035597201436758
82 0.0037671634927392006
83 0.003729327581822872
84 0.004082370549440384
85 0.003962969407439232
86 0.00372006231918931
87 0.003821925725787878
88 0.0037860178854316473
89 0.0036665720399469137
90 0.004297430627048016
91 0.0038296894636005163
92 0.0038534600753337145
93 0.004283212125301361
94 0.003765835426747799
95 0.0037723409477621317
96 0.0038663046434521675
97 0.004123367369174957
98 0.0037771398201584816
99 0.004009599331766367
100 0.004018742591142654
101 0.004049521870911121
102 0.0037235403433442116
103 0.004193675238639116
104 0.0038136637303978205
105 0.004303188994526863
106 0.0038549238815903664
107 0.004473272245377302
108 0.0040917168371379375
109 0.003966915886849165
110 0.004109458066523075
111 0.003964819945394993
112 0.0037725709844380617
113 0.00425662100315094
114 0.004069097805768251
115 0.004039064049720764
116 0.003982072230428457
117 0.004011956509202719
118 0.0037010395899415016
119 0.0041039506904780865
120 0.0038010524585843086
121 0.004238080233335495
122 0.0043541737832129
123 0.0037684824783354998
124 0.004161005839705467
125 0.003922358155250549
126 0.004196280147880316
127 0.00378964701667428
128 0.0035180530976504087
129 0.003693216247484088
130 0.0036372491158545017
131 0.0038542572874575853
132 0.003851214423775673
133 0.0042001488618552685
134 0.0038730863016098738
135 0.003547919448465109
136 0.0042019197717309
137 0.0037543545477092266
138 0.003956593107432127
139 0.003915281500667334
140 0.003831974696367979
141 0.0035539523232728243
142 0.0038763463962823153
143 0.003737810766324401
144 0.00337455072440207
145 0.00430663675069809
146 0.003809911897405982
147 0.004118648357689381
148 0.003796215634793043
149 0.003878080053254962
150 0.004194390028715134
151 0.004261605441570282
152 0.0036137483548372984
153 0.004099535755813122
154 0.0038424478843808174
155 0.003570709377527237
156 0.003929629921913147
157 0.0035429999697953463
158 0.0036820194218307734
159 0.0036821099929511547
160 0.003560047596693039
161 0.0036920735146850348
162 0.0043546948581933975
163 0.003701874753460288
164 0.0037064100615680218
165 0.0038322757463902235
166 0.003927957266569138
167 0.0041832211427390575
168 0.003976259380578995
169 0.0038420981727540493
170 0.0036413846537470818
171 0.003792452858760953
172 0.0035975610371679068
173 0.003608518047258258
174 0.00407521054148674
175 0.003948402591049671
176 0.003919084090739489
177 0.0037754415534436703
178 0.003776303492486477
179 0.003840796649456024
180 0.003788105910643935
181 0.004616072401404381
182 0.0038833471480757
183 0.00401975167915225
184 0.003938034176826477
185 0.004116539377719164
186 0.003581111552193761
187 0.0037936135195195675
188 0.0038847560063004494
189 0.0038874601013958454
190 0.004160131327807903
191 0.0037452755495905876
192 0.003923315089195967
193 0.00385650503449142
194 0.0042844791896641254
195 0.004241450689733028
196 0.004316949285566807
197 0.003662112634629011
198 0.003631476778537035
199 0.0038871332071721554
200 0.003562006400898099
201 0.004260254092514515
202 0.004055263474583626
203 0.0038743361365050077
204 0.0038689798675477505
205 0.0035107277799397707
206 0.0037668701261281967
207 0.003908088430762291
208 0.004000674933195114
209 0.003843033453449607
210 0.0035845900420099497
211 0.004269641358405352
212 0.0037929899990558624
213 0.003935978282243013
214 0.0038163485005497932
215 0.003966004122048616
216 0.003958594519644976
217 0.003991879988461733
218 0.003918745089322329
219 0.003844519378617406
220 0.0038561848923563957
221 0.004071010742336512
222 0.003635443514212966
223 0.004330779891461134
224 0.0038033307064324617
225 0.0035179834812879562
226 0.0040383292362093925
227 0.003973869141191244
228 0.004161875694990158
229 0.004289362113922834
230 0.0036408440209925175
231 0.004196351859718561
232 0.003732506185770035
233 0.003829280147328973
234 0.0036043596919625998
235 0.00371731398627162
236 0.0039974395185709
237 0.0036553177051246166
238 0.0038149410393089056
239 0.004080049693584442
240 0.0040106866508722305
241 0.0037595760077238083
242 0.004027646034955978
243 0.004008230287581682
244 0.0038175794761627913
245 0.0038466323167085648
246 0.004314681980758905
247 0.003963787574321032
248 0.003866377053782344
249 0.004090055823326111
250 0.0037158585619181395
251 0.0036927880719304085
252 0.0038847066462039948
253 0.0036046819295734167
254 0.0037093355786055326
255 0.0036069173365831375
