0 0.003984504379332066
1 0.0034805210307240486
2 0.0039170910604298115
3 0.004006469622254372
4 0.004224787000566721
5 0.00376203958876431
6 0.004049216862767935
7 0.00408653449267149
8 0.0041707842610776424
9 0.003661711234599352
10 0.0039889817126095295
11 0.0038440118078142405
12 0.0038723223842680454
13 0.0040627894923090935
14 0.0039008406456559896
15 0.0038550589233636856
16 0.003967790864408016
17 0.0039048653561621904
18 0.0040470315143466
19 0.004001016728579998
20 0.004149227403104305
21 0.0038715985137969255
22 0.003924494609236717
23 0.003808235051110387
24 0.003973441664129496
25 0.004244971554726362
26 0.00405854731798172
27 0.00393318384885788
28 0.004199550487101078
29 0.004002688452601433
30 0.004210114479064941
31 0.0037708808667957783
32 0.0038003709632903337
33 0.003690385026857257
34 0.0036742528900504112
35 0.004119256976991892
36 0.0041011665016412735
37 0.0038249457720667124
38 0.004024369642138481
39 0.0043023028410971165
40 0.0043686749413609505
41 0.003357798559591174
42 0.003845987841486931
43 0.0038039651699364185
44 0.0038946704007685184
45 0.0038431347347795963
46 0.00418862234801054
47 0.00416709715500474
48 0.0039507560431957245
49 0.003701557172462344
50 0.0038568819873034954
51 0.003656090935692191
52 0.003943209070712328
53 0.003733741817995906
54 0.003724141279235482
55 0.004020347725600004
56 0.0039743646048009396
57 0.0038329954259097576
58 0.003723148023709655
59 0.0035695673432201147
60 0.0036873321514576674
61 0.0038811240810900927
62 0.004150466062128544
63 0.0037025685887783766
64 0.004020747262984514
65 0.0039044152945280075
66 0.004035149700939655
67 0.003785122884437442
68 0.0038113179616630077
69 0.004213742446154356
70 0.004153132438659668
71 0.0038170055486261845
72 0.003904302604496479
73 0.003681807778775692
74 0.0038819408509880304
75 0.004183440003544092
76 0.004129649605602026
77 0.00372169422917068
78 0.003900974290445447
79 0.0038307870272547007
80 0.0037850700318813324
81 0.004075703676789999
82 0.003934928216040134
83 0.0036922809667885303
84 0.004079987294971943
85 0.0038361044134944677
86 0.0037879927549511194
87 0.004006264265626669
88 0.0036573922261595726
89 0.0036571722012013197
90 0.004148404113948345
91 0.0036746265832334757
92 0.004076789133250713
93 0.0042398469522595406
94 0.0039229486137628555
95 0.003937607165426016
96 0.0037183670792728662
97 0.004101165104657412
98 0.0037988752592355013
99 0.003953220788389444
100 0.0038730299565941095
101 0.004091356880962849
102 0.003640603506937623
103 0.004057359416037798
104 0.0038290631491690874
105 0.004182182718068361
106 0.0037259715609252453
107 0.004534426145255566
108 0.004128587432205677
109 0.0037320347037166357
110 0.0040548741817474365
111 0.004002444911748171
112 0.0036363257095217705
113 0.0044736796990036964
114 0.003976823296397924
115 0.0036857330705970526
116 0.004039409104734659
117 0.004042843822389841
118 0.0035357188899070024
119 0.003941531293094158
120 0.0038382650818675756
121 0.004152962937951088
122 0.0044592902995646
123 0.0038559124805033207
124 0.004097914323210716
125 0.004010623320937157
126 0.00410377886146307
127 0.00398190738633275
128 0.0036655652802437544
129 0.003712217090651393
130 0.0038514602929353714
131 0.0035547767765820026
132 0.0037973986472934484
133 0.004240484442561865
134 0.0037705476861447096
135 0.003677781205624342
136 0.004219176713377237
137 0.003673119004815817
138 0.004338208585977554
139 0.003967363387346268
140 0.003714075544849038
141 0.003632547566667199
142 0.00379044353030622
143 0.0036330795846879482
144 0.0036029310431331396
145 0.004244867246598005
146 0.003857308067381382
147 0.003946781158447266
148 0.0037265473511070013
149 0.003845631843432784
150 0.004146984312683344
151 0.0039758458733558655
152 0.0036166210193187
153 0.0038025241810828447
154 0.003909849561750889
155 0.0034461261238902807
156 0.0038012037985026836
157 0.0036787809804081917
158 0.004076831974089146
159 0.003591625252738595
160 0.0038288990035653114
161 0.00380490580573678
162 0.004277237690985203
163 0.003589693922549486
164 0.0037943560164421797
165 0.0039025142323225737
166 0.0039205108769237995
167 0.0038835478480905294
168 0.004039558116346598
169 0.003931053914129734
170 0.003666357370093465
171 0.003781805047765374
172 0.003633344080299139
173 0.0037508627865463495
174 0.004167397040873766
175 0.003814461873844266
176 0.004366910085082054
177 0.00394526356831193
178 0.003644144395366311
179 0.0038478283677250147
180 0.003870131215080619
181 0.004107233602553606
182 0.003878816030919552
183 0.0040054586715996265
184 0.003843987826257944
185 0.00400540791451931
186 0.0033949173521250486
187 0.003839105600491166
188 0.003970026504248381
189 0.0037726713344454765
190 0.0038367740344256163
191 0.003775890450924635
192 0.0038367861416190863
193 0.0038731200620532036
194 0.004172985441982746
195 0.004408619366586208
196 0.004323297180235386
197 0.003711339784786105
198 0.003953731618821621
199 0.0037061343900859356
200 0.003650464816018939
201 0.0036974428221583366
202 0.003998013213276863
203 0.003939781337976456
204 0.003690255107358098
205 0.0035921670496463776
206 0.003892984939739108
207 0.0039045289158821106
208 0.004051797091960907
209 0.0039011689368635416
210 0.0036332313902676105
211 0.004001104272902012
212 0.003738420782610774
213 0.0037570048589259386
214 0.003926703240722418
215 0.004066587425768375
216 0.0038103973492980003
217 0.003965599928051233
218 0.003767934162169695
219 0.0038258926942944527
220 0.0037418899592012167
221 0.004028515890240669
222 0.0036269400734454393
223 0.004051046911627054
224 0.0037089865654706955
225 0.003926148172467947
226 0.00410039909183979
227 0.0038935437332838774
228 0.004190748557448387
229 0.0042963530868291855
230 0.00376408314332366
231 0.004144900478422642
232 0.003922233358025551
233 0.0035935421474277973
234 0.003777852049097419
235 0.0038358806632459164
236 0.004132031928747892
237 0.003867045044898987
238 0.0038099419325590134
239 0.004214071668684483
240 0.003879550378769636
241 0.004003638867288828
242 0.003976435400545597
243 0.003777439007535577
244 0.003911382984369993
245 0.003909959923475981
246 0.004222279880195856
247 0.004217308014631271
248 0.0039438954554498196
249 0.00398581987246871
250 0.0036388433072715998
251 0.0036336046177893877
252 0.0038771142717450857
253 0.0037766576278954744
254 0.003890030551701784
255 0.0037373872473835945
