0 0.003926984965801239
1 0.0032090977765619755
2 0.0037969513796269894
3 0.0042165848426520824
4 0.004438489675521851
5 0.0036179861053824425
6 0.004108572378754616
7 0.004324256908148527
8 0.004263764712959528
9 0.0036459185648709536
10 0.004330962430685759
11 0.003998737316578627
12 0.003691058373078704
13 0.0037086319644004107
14 0.0037930035032331944
15 0.0039175571873784065
16 0.004131317138671875
17 0.0036388675216585398
18 0.00365716521628201
19 0.004008816089481115
20 0.004073555581271648
21 0.003932198043912649
22 0.003908339887857437
23 0.003910890780389309
24 0.004175665322691202
25 0.003964478615671396
26 0.003997176885604858
27 0.0037537452299147844
28 0.003654732368886471
29 0.00417636102065444
30 0.004219844006001949
31 0.003925000783056021
32 0.0037001685705035925
33 0.0034998871851712465
34 0.00375307141803205
35 0.004029040690511465
36 0.003965164069086313
37 0.003676893189549446
38 0.0040894765406847
39 0.004133505281060934
40 0.003980354871600866
41 0.003432197729125619
42 0.00413922406733036
43 0.003889714600518346
44 0.0041532027535140514
45 0.00374587276019156
46 0.004470540676265955
47 0.0045129344798624516
48 0.003975351341068745
49 0.004037346225231886
50 0.004205669276416302
51 0.003433676203712821
52 0.0038425205275416374
53 0.0038346757646650076
54 0.0037312188651412725
55 0.0037818150594830513
56 0.00428787712007761
57 0.00395439937710762
58 0.004011068027466536
59 0.003765754634514451
60 0.003527133958414197
61 0.004248985089361668
62 0.004297174047678709
63 0.003692842088639736
64 0.003968988545238972
65 0.004024775233119726
66 0.003807074623182416
67 0.004111314192414284
68 0.004328307695686817
69 0.0040440927259624004
70 0.00412677600979805
71 0.0037897122092545033
72 0.0038048047572374344
73 0.0039068846963346004
74 0.003823347855359316
75 0.004604887217283249
76 0.004250963218510151
77 0.003748130053281784
78 0.004000967834144831
79 0.003752804361283779
80 0.003955709747970104
81 0.003925544675439596
82 0.003945542499423027
83 0.0037620537914335728
84 0.003978467546403408
85 0.0037349339108914137
86 0.003645851742476225
87 0.003868365427479148
88 0.00358604802750051
89 0.0038640196435153484
90 0.0038506602868437767
91 0.003815014148131013
92 0.003977888263761997
93 0.004521690774708986
94 0.003961004316806793
95 0.0038926599081605673
96 0.0037883848417550325
97 0.004187722224742174
98 0.0037117451429367065
99 0.0041962554678320885
100 0.003838217118754983
101 0.003837383119389415
102 0.003827714826911688
103 0.004380895756185055
104 0.0035106923896819353
105 0.004452990368008614
106 0.004079225938767195
107 0.004637052305042744
108 0.00400526262819767
109 0.0036408216692507267
110 0.00392003171145916
111 0.0038679575081914663
112 0.0035236815456300974
113 0.00438340287655592
114 0.004002350848168135
115 0.0032500126399099827
116 0.004122701473534107
117 0.0037662896793335676
118 0.0032785399816930294
119 0.0038521625101566315
120 0.0037995141465216875
121 0.004217556677758694
122 0.004620462190359831
123 0.003646042663604021
124 0.004090594127774239
125 0.0037597808986902237
126 0.004141484387218952
127 0.003870090004056692
128 0.003732472425326705
129 0.003555392613634467
130 0.003732639830559492
131 0.003459045896306634
132 0.003929343540221453
133 0.004267286974936724
134 0.003737524850293994
135 0.003629181766882539
136 0.004568793345242739
137 0.003814661642536521
138 0.0041922652162611485
139 0.004243733827024698
140 0.0035193697549402714
141 0.00354250380769372
142 0.0038119819946587086
143 0.003858841024339199
144 0.0034933360293507576
145 0.004032584838569164
146 0.003803905798122287
147 0.004053010139614344
148 0.0036746656987816095
149 0.0037816946860402822
150 0.003844189690425992
151 0.004241444636136293
152 0.003720884909853339
153 0.0038849881384521723
154 0.0036472685169428587
155 0.0035670590586960316
156 0.003638659603893757
157 0.0033724710810929537
158 0.004041205160319805
159 0.0037367113400250673
160 0.0039243632927536964
161 0.003789661917835474
162 0.00427300063893199
163 0.0034559566993266344
164 0.0034814924001693726
165 0.0038101691752672195
166 0.004122430458664894
167 0.0036911722272634506
168 0.004033653065562248
169 0.004290366545319557
170 0.0036219721660017967
171 0.004073235206305981
172 0.0037249689921736717
173 0.003685511415824294
174 0.004175348673015833
175 0.003777677658945322
176 0.004255490377545357
177 0.004112794063985348
178 0.0034996257163584232
179 0.0038115992210805416
180 0.003601214149966836
181 0.004101605620235205
182 0.004187555052340031
183 0.004073077347129583
184 0.0040121423080563545
185 0.0040844217874109745
186 0.003565269522368908
187 0.0038233832456171513
188 0.0037247920408844948
189 0.0036410661414265633
190 0.003985511604696512
191 0.003848824417218566
192 0.004022859502583742
193 0.004111831076443195
194 0.004096583463251591
195 0.004250330850481987
196 0.004580403212457895
197 0.0038493697065860033
198 0.0039774514734745026
199 0.003703516209498048
200 0.0038113410118967295
201 0.003698302200064063
202 0.003973390907049179
203 0.0037937129382044077
204 0.003970746882259846
205 0.003559770528227091
206 0.003547597909346223
207 0.003856771858409047
208 0.004041001200675964
209 0.0038738101720809937
210 0.003976485226303339
211 0.004076244775205851
212 0.003293688641861081
213 0.004008020740002394
214 0.0037143349181860685
215 0.00411029439419508
216 0.004231704864650965
217 0.003981000278145075
218 0.0037941697519272566
219 0.003941090777516365
220 0.0036075736861675978
221 0.004277427680790424
222 0.0037467533256858587
223 0.003916589077562094
224 0.003659132868051529
225 0.0040922318585217
226 0.003916338086128235
227 0.0034744099248200655
228 0.004000003915280104
229 0.004222090821713209
230 0.003730580909177661
231 0.004137597046792507
232 0.003900571260601282
233 0.0036380039528012276
234 0.00364901265129447
235 0.003769516944885254
236 0.003947848919779062
237 0.0040489016100764275
238 0.003985254559665918
239 0.004098166711628437
240 0.003984290175139904
241 0.003951352555304766
242 0.0040190936997532845
243 0.0035241395235061646
244 0.004154805094003677
245 0.004081001039594412
246 0.004254579544067383
247 0.004265378694981337
248 0.003723529865965247
249 0.0035377757158130407
250 0.0032878124620765448
251 0.00329681858420372
252 0.003981811460107565
253 0.00374449510127306
254 0.003966393880546093
255 0.003672720631584525
