0 0.003950503189116716
1 0.003531588241457939
2 0.0038663307204842567
3 0.0038660778664052486
4 0.004278630018234253
5 0.0037506476510316133
6 0.004170630127191544
7 0.003949352540075779
8 0.0038572014309465885
9 0.0036103117745369673
10 0.0038528789300471544
11 0.0037323657888919115
12 0.003941388800740242
13 0.0038099056109786034
14 0.003846439067274332
15 0.0038512898609042168
16 0.004062847699970007
17 0.003586553269997239
18 0.003945671487599611
19 0.00374549999833107
20 0.004193553235381842
21 0.003974828869104385
22 0.0039655049331486225
23 0.0036260257475078106
24 0.00367629062384367
25 0.004022406414151192
26 0.0038955402560532093
27 0.0038111750036478043
28 0.004035262856632471
29 0.003961160778999329
30 0.004107478074729443
31 0.0036923012230545282
32 0.003788839327171445
33 0.0035613863728940487
34 0.0036357480566948652
35 0.004150149878114462
36 0.004027672577649355
37 0.003818692173808813
38 0.0038335537537932396
39 0.004378288518637419
40 0.00389824528247118
41 0.0036181998439133167
42 0.003804359817877412
43 0.003676689462736249
44 0.0040340181440114975
45 0.0037940298207104206
46 0.0042535895481705666
47 0.004246050491929054
48 0.003916237037628889
49 0.0036743381060659885
50 0.004399549216032028
51 0.0035525010898709297
52 0.003934602718800306
53 0.0037821235600858927
54 0.004299849271774292
55 0.004067758098244667
56 0.0040640016086399555
57 0.0037053211126476526
58 0.003852463560178876
59 0.003931851126253605
60 0.003916511777788401
61 0.0038093160837888718
62 0.0041611469350755215
63 0.00358397769741714
64 0.0038454760797321796
65 0.003698710585013032
66 0.0036449076142162085
67 0.0038224325980991125
68 0.0037648328579962254
69 0.004184658173471689
70 0.003880651667714119
71 0.0036776545457541943
72 0.003817548742517829
73 0.0037712659686803818
74 0.003665362484753132
75 0.004272532649338245
76 0.003947827965021133
77 0.00377486040815711
78 0.004253058694303036
79 0.0034308484755456448
80 0.003870105603709817
81 0.004077046178281307
82 0.004011159762740135
83 0.0037893233820796013
84 0.004143959376960993
85 0.0037038910668343306
86 0.00392976775765419
87 0.003662731498479843
88 0.0033643003553152084
89 0.003977434244006872
90 0.004150900989770889
91 0.004100721795111895
92 0.004100267309695482
93 0.00425735441967845
94 0.003781604580581188
95 0.0037920863833278418
96 0.003741384483873844
97 0.004401215817779303
98 0.0039495439268648624
99 0.004158969037234783
100 0.003708240808919072
101 0.003809211542829871
102 0.003857099451124668
103 0.004121748730540276
104 0.003668842138722539
105 0.004297303035855293
106 0.003827189328148961
107 0.004357737023383379
108 0.0043342867866158485
109 0.0037570043932646513
110 0.0036556231789290905
111 0.004001096356660128
112 0.0037038016598671675
113 0.004311691038310528
114 0.0037752410862594843
115 0.003911723382771015
116 0.0038214216474443674
117 0.003988370765000582
118 0.003377011977136135
119 0.004034712444990873
120 0.0036766454577445984
121 0.004107497166842222
122 0.004302014596760273
123 0.0037408852949738503
124 0.0040883454494178295
125 0.004077013581991196
126 0.004030602518469095
127 0.004072871990501881
128 0.003810097463428974
129 0.003990864846855402
130 0.00363363279029727
131 0.0036724351812154055
132 0.004146345891058445
133 0.004392648581415415
134 0.003986365627497435
135 0.0033550779335200787
136 0.004539246205240488
137 0.0039453585632145405
138 0.003992930054664612
139 0.0039159879088401794
140 0.0035858293995261192
141 0.003949477802962065
142 0.004135120194405317
143 0.003766338573768735
144 0.0036865875590592623
145 0.004240396432578564
146 0.0039381226524710655
147 0.003908087965101004
148 0.003988444805145264
149 0.0037320333067327738
150 0.0038655956741422415
151 0.004160273354500532
152 0.0035623398143798113
153 0.003770717652514577
154 0.0040796129032969475
155 0.003589589148759842
156 0.0038160004187375307
157 0.003642437979578972
158 0.003927792422473431
159 0.0040947142988443375
160 0.003951529506593943
161 0.0035417377948760986
162 0.004138621501624584
163 0.0036880283150821924
164 0.003777798032388091
165 0.0039068106561899185
166 0.004182866308838129
167 0.003962233662605286
168 0.004018316511064768
169 0.004080123733729124
170 0.003757375990971923
171 0.003864479484036565
172 0.003637914080172777
173 0.0038458246272057295
174 0.00402829609811306
175 0.004064552951604128
176 0.004302523098886013
177 0.0037072403356432915
178 0.003444223664700985
179 0.003800693666562438
180 0.003722066292539239
181 0.004412229172885418
182 0.003993199672549963
183 0.0039482926949858665
184 0.0038402529899030924
185 0.004298394080251455
186 0.003720128908753395
187 0.004095759708434343
188 0.0038960017263889313
189 0.0036347913555800915
190 0.003881711745634675
191 0.0037777521647512913
192 0.0040384926833212376
193 0.003930624574422836
194 0.0037561547942459583
195 0.0044946991838514805
196 0.004316135309636593
197 0.0035808735992759466
198 0.0037970494013279676
199 0.003793118754401803
200 0.0039527700282633305
201 0.003728874260559678
202 0.004128578584641218
203 0.0036196173168718815
204 0.003933291416615248
205 0.0037181454245001078
206 0.003581470111384988
207 0.0039840335957705975
208 0.0040074181742966175
209 0.004122151527553797
210 0.0037595266476273537
211 0.0040178983472287655
212 0.003495887154713273
213 0.0037218527868390083
214 0.004160241223871708
215 0.0040397848933935165
216 0.004152392502874136
217 0.004267373587936163
218 0.003696929197758436
219 0.003868051804602146
220 0.003825468011200428
221 0.004071752540767193
222 0.0037655027117580175
223 0.004505569580942392
224 0.003970025572925806
225 0.00392514793202281
226 0.003838418982923031
227 0.0037219603545963764
228 0.003997388295829296
229 0.004034627228975296
230 0.0036831710021942854
231 0.004166407976299524
232 0.0038722411263734102
233 0.0036008774768561125
234 0.003728141076862812
235 0.0039683496579527855
236 0.003929230384528637
237 0.0039044248405843973
238 0.0038760595489293337
239 0.003947367891669273
240 0.00438391650095582
241 0.004061206243932247
242 0.003920663148164749
243 0.0035678022541105747
244 0.0039527760818600655
245 0.0036192729603499174
246 0.004240868613123894
247 0.003962360788136721
248 0.0038847150281071663
249 0.0038345856592059135
250 0.0036940285935997963
251 0.003506637178361416
252 0.00398267200216651
253 0.0039507560431957245
254 0.004024843219667673
255 0.0035047673154622316
