0 0.003981949761509895
1 0.003534778719767928
2 0.0038708942010998726
3 0.0038903478998690844
4 0.004155576229095459
5 0.00384560227394104
6 0.004084249958395958
7 0.0039995028637349606
8 0.004099566955119371
9 0.003433571895584464
10 0.004316596779972315
11 0.0036806054413318634
12 0.003758185775950551
13 0.003792308270931244
14 0.0038012713193893433
15 0.0039489492774009705
16 0.0042445180006325245
17 0.003915651235729456
18 0.0037819012068212032
19 0.004158934112638235
20 0.00420981552451849
21 0.004243248607963324
22 0.004015295300632715
23 0.003882467281073332
24 0.0037531068082898855
25 0.004056618548929691
26 0.0040179407224059105
27 0.003919100388884544
28 0.0042623295448720455
29 0.00400629173964262
30 0.004001021850854158
31 0.00383178424090147
32 0.00355284265242517
33 0.003519793041050434
34 0.0036420843098312616
35 0.003909270279109478
36 0.004070836119353771
37 0.0037149146664887667
38 0.0037959760520607233
39 0.004312253091484308
40 0.004141286946833134
41 0.0033297843765467405
42 0.0038638273254036903
43 0.0039095692336559296
44 0.0038137289229780436
45 0.003915437962859869
46 0.004240468144416809
47 0.004045969340950251
48 0.003874161746352911
49 0.0037828783970326185
50 0.003961353097110987
51 0.0035004618111997843
52 0.00404347712174058
53 0.003915479406714439
54 0.0037930032704025507
55 0.004133591428399086
56 0.004079771693795919
57 0.003609818872064352
58 0.0036117522977292538
59 0.004082651808857918
60 0.003815495641902089
61 0.0038468665443360806
62 0.00437209103256464
63 0.0039003328420221806
64 0.0038970867171883583
65 0.003650293219834566
66 0.0038602487184107304
67 0.004038981627672911
68 0.003927316516637802
69 0.004050552845001221
70 0.003979091066867113
71 0.003935817163437605
72 0.0038877225015312433
73 0.003769822418689728
74 0.003765461267903447
75 0.004420481156557798
76 0.004068325273692608
77 0.0037076815497130156
78 0.004063793923705816
79 0.003707988653331995
80 0.0038904440589249134
81 0.004139125347137451
82 0.004028462339192629
83 0.003617763053625822
84 0.00414982158690691
85 0.0037603098899126053
86 0.003794153453782201
87 0.0040591442957520485
88 0.0035778898745775223
89 0.0038787387311458588
90 0.00446222024038434
91 0.003628081176429987
92 0.004068725276738405
93 0.004248808603733778
94 0.003605951089411974
95 0.0038711908273398876
96 0.0039392015896737576
97 0.004385882522910833
98 0.0038297318387776613
99 0.0041236961260437965
100 0.003633711952716112
101 0.004348070360720158
102 0.003607361577451229
103 0.004044318106025457
104 0.00371152744628489
105 0.004292629659175873
106 0.004016324877738953
107 0.004283417481929064
108 0.004249304998666048
109 0.0036903442814946175
110 0.00372092192992568
111 0.0039520650170743465
112 0.0036406847648322582
113 0.0044608525931835175
114 0.0037764571607112885
115 0.0036893782671540976
116 0.003780386643484235
117 0.004151998087763786
118 0.003783389925956726
119 0.00394592946395278
120 0.003941098228096962
121 0.004073042422533035
122 0.004346698056906462
123 0.00379950157366693
124 0.003838274162262678
125 0.003849764820188284
126 0.004098774399608374
127 0.003976178355515003
128 0.0035906799603253603
129 0.0037995735183358192
130 0.003710540710017085
131 0.0037120638880878687
132 0.0038715514820069075
133 0.00422124657779932
134 0.0037847470957785845
135 0.003557597054168582
136 0.004384031984955072
137 0.003745183115825057
138 0.004089829977601767
139 0.0038891658186912537
140 0.003740960266441107
141 0.0036063441075384617
142 0.0036143199540674686
143 0.0036835800856351852
144 0.0034955269657075405
145 0.004093765746802092
146 0.004231787286698818
147 0.00384578388184309
148 0.003900202689692378
149 0.0035516410134732723
150 0.003799334866926074
151 0.004284674301743507
152 0.003586783306673169
153 0.0038247008342295885
154 0.004044950939714909
155 0.003717106766998768
156 0.00383041356690228
157 0.003600555472075939
158 0.0042870985344052315
159 0.0038427396211773157
160 0.0038231918588280678
161 0.00362047809176147
162 0.004187671933323145
163 0.0036209889221936464
164 0.003767536021769047
165 0.0038105566054582596
166 0.004235064145177603
167 0.003799803787842393
168 0.004218381829559803
169 0.0040616500191390514
170 0.003892258508130908
171 0.0036819186061620712
172 0.0037502541672438383
173 0.003933845553547144
174 0.00392339238896966
175 0.004131196532398462
176 0.00419800728559494
177 0.003541440237313509
178 0.0035411270800977945
179 0.0036412375047802925
180 0.003918882925063372
181 0.0044955420307815075
182 0.0038111184258013964
183 0.0038460788782685995
184 0.0038654152303934097
185 0.0043859020806849
186 0.003665176685899496
187 0.0037980354391038418
188 0.004132305737584829
189 0.003781632287427783
190 0.004124542232602835
191 0.0037300437688827515
192 0.003920799121260643
193 0.004054100252687931
194 0.004025616683065891
195 0.0043277139775455
196 0.00403290381655097
197 0.0037462019827216864
198 0.004080317914485931
199 0.003765346249565482
200 0.003720084438100457
201 0.0036037061363458633
202 0.0038933604955673218
203 0.003523991908878088
204 0.003831162815913558
205 0.0037800665013492107
206 0.003755146637558937
207 0.00399513216689229
208 0.00400197971612215
209 0.0041543045081198215
210 0.0038259150460362434
211 0.004240033216774464
212 0.0034316261298954487
213 0.003815135220065713
214 0.003989740740507841
215 0.004176304209977388
216 0.0037756217643618584
217 0.0043467446230351925
218 0.003890684572979808
219 0.0037898418959230185
220 0.0038979279343038797
221 0.0038384050130844116
222 0.003700990229845047
223 0.004341612569987774
224 0.0038764094933867455
225 0.0038433715235441923
226 0.0037619895301759243
227 0.0038205713499337435
228 0.0041128830052912235
229 0.0041336663998663425
230 0.003873595269396901
231 0.004106494598090649
232 0.0038585690781474113
233 0.003775038756430149
234 0.003754973178729415
235 0.0039077396504580975
236 0.0040326230227947235
237 0.0038138285744935274
238 0.0037282262928783894
239 0.004047203343361616
240 0.0040888190269470215
241 0.0038438928313553333
242 0.003919975366443396
243 0.0037140222266316414
244 0.0037636456545442343
245 0.0035366297233849764
246 0.004231774248182774
247 0.004206832032650709
248 0.003955009393393993
249 0.003912031184881926
250 0.0038895236793905497
251 0.0034033991396427155
252 0.003842438803985715
253 0.003512714058160782
254 0.003792466828599572
255 0.0037063707131892443
