0 0.003842281876131892
1 0.003361521754413843
2 0.00378812407143414
3 0.0036345997359603643
4 0.0040371171198785305
5 0.003966206219047308
6 0.004026309587061405
7 0.004029429983347654
8 0.004140365403145552
9 0.0034988941624760628
10 0.004139952827244997
11 0.003674232866615057
12 0.003617567475885153
13 0.0038738208822906017
14 0.0040031662210822105
15 0.003959255758672953
16 0.0039599877782166
17 0.00403167400509119
18 0.0037016537971794605
19 0.003983039874583483
20 0.004088624846190214
21 0.0041776737198233604
22 0.0038063328247517347
23 0.0038690415676683187
24 0.00399245647713542
25 0.004102115053683519
26 0.003971482161432505
27 0.004020701162517071
28 0.004120692145079374
29 0.003971833270043135
30 0.0042840889655053616
31 0.004008338786661625
32 0.0035369840916246176
33 0.0036447602324187756
34 0.0035149992909282446
35 0.003938555717468262
36 0.004220935981720686
37 0.0037166227120906115
38 0.004074355587363243
39 0.004237213637679815
40 0.004041636362671852
41 0.0033398803789168596
42 0.0037746853195130825
43 0.003926925361156464
44 0.003979534842073917
45 0.003991538658738136
46 0.00409735506400466
47 0.004323545843362808
48 0.004060305189341307
49 0.003928357269614935
50 0.004243568982928991
51 0.0034548533149063587
52 0.004108481574803591
53 0.0037797093391418457
54 0.003874522168189287
55 0.004114424344152212
56 0.004096838179975748
57 0.003887574188411236
58 0.0039086295291781425
59 0.0036963268648833036
60 0.0035583344288170338
61 0.004240497015416622
62 0.004301942884922028
63 0.003801521845161915
64 0.003905004356056452
65 0.0038608312606811523
66 0.0040669869631528854
67 0.0038368951063603163
68 0.0037657434586435556
69 0.003973170183598995
70 0.0043083964847028255
71 0.003962876740843058
72 0.0037905345670878887
73 0.00395107502117753
74 0.0037385171744972467
75 0.004461916629225016
76 0.004235757980495691
77 0.003935959655791521
78 0.003966148942708969
79 0.00395279610529542
80 0.0036712056025862694
81 0.003887374186888337
82 0.004017781000584364
83 0.0035293500404804945
84 0.004049829673022032
85 0.003764484077692032
86 0.0038073828909546137
87 0.00400484399870038
88 0.0036585202906280756
89 0.0036505318712443113
90 0.004019184038043022
91 0.004079693928360939
92 0.00396852008998394
93 0.004086594097316265
94 0.003754588309675455
95 0.003800655249506235
96 0.0040938095189630985
97 0.003978063352406025
98 0.0037089542020112276
99 0.003983562812209129
100 0.0039252303540706635
101 0.004299485124647617
102 0.003708774456754327
103 0.00412348797544837
104 0.003830451751127839
105 0.004134226590394974
106 0.00396125391125679
107 0.004336434882134199
108 0.0044011021964251995
109 0.004074036609381437
110 0.003942253068089485
111 0.0038043975364416838
112 0.003856389317661524
113 0.004250743426382542
114 0.004116923548281193
115 0.003839414333924651
116 0.00378709495998919
117 0.003992640879005194
118 0.0036132896784693003
119 0.003999107517302036
120 0.003957703243941069
121 0.004150715656578541
122 0.0044796341098845005
123 0.0037935206200927496
124 0.004043449182063341
125 0.0038655693642795086
126 0.004429233260452747
127 0.0037939550820738077
128 0.003554446157068014
129 0.0035564308054745197
130 0.0036088041961193085
131 0.003785437671467662
132 0.0039488873444497585
133 0.004169267602264881
134 0.003907729871571064
135 0.0035492575261741877
136 0.00431132223457098
137 0.0039988006465137005
138 0.0038797343149781227
139 0.0036574751138687134
140 0.0037251925095915794
141 0.0036845088470727205
142 0.0038762337062507868
143 0.0036222287453711033
144 0.003320267889648676
145 0.00403990363702178
146 0.0038113361224532127
147 0.004000443499535322
148 0.004031054675579071
149 0.003812271635979414
150 0.003974044229835272
151 0.0040587615221738815
152 0.0037205046974122524
153 0.003924976568669081
154 0.0036926912143826485
155 0.0035375235602259636
156 0.003815326141193509
157 0.0037697083316743374
158 0.003822900587692857
159 0.003668252844363451
160 0.003632121719419956
161 0.00393148185685277
162 0.004074292257428169
163 0.003687213407829404
164 0.0037732936907559633
165 0.0037596439942717552
166 0.004202304873615503
167 0.004046364221721888
168 0.004281073808670044
169 0.003975754138082266
170 0.003950714599341154
171 0.0038515969645231962
172 0.003867630148306489
173 0.003765910165384412
174 0.004014811012893915
175 0.004011086188256741
176 0.004156735725700855
177 0.0037475712597370148
178 0.003490367205813527
179 0.003618762828409672
180 0.0036524138413369656
181 0.004202369134873152
182 0.00401803944259882
183 0.004007559735327959
184 0.0038984466809779406
185 0.004108131397515535
186 0.003546613035723567
187 0.0036379583179950714
188 0.00417481129989028
189 0.003710301360115409
190 0.0037361467257142067
191 0.0037616232875734568
192 0.003892456879839301
193 0.004050984047353268
194 0.004216217435896397
195 0.0041455295868217945
196 0.004137532785534859
197 0.0038401558995246887
198 0.003979917615652084
199 0.0037794746458530426
200 0.003603811375796795
201 0.004092582035809755
202 0.003840463003143668
203 0.0036583365872502327
204 0.003752556163817644
205 0.003630679566413164
206 0.0035917526111006737
207 0.004132365342229605
208 0.003987594041973352
209 0.004098129458725452
210 0.003458748571574688
211 0.004272391088306904
212 0.003497036173939705
213 0.003885668935254216
214 0.0041179652325809
215 0.004015112761408091
216 0.003893384477123618
217 0.0038480539806187153
218 0.0039033431094139814
219 0.003738921135663986
220 0.003984085284173489
221 0.004002745728939772
222 0.003599336836487055
223 0.004228534642606974
224 0.003783643478527665
225 0.0037661390379071236
226 0.004096359480172396
227 0.003795921802520752
228 0.004098368808627129
229 0.004048437811434269
230 0.00365568813867867
231 0.004179162438958883
232 0.003932060673832893
233 0.00375282671302557
234 0.0037304575089365244
235 0.00366779463365674
236 0.003999235108494759
237 0.0036659284960478544
238 0.003736422397196293
239 0.0042438264936208725
240 0.00420940387994051
241 0.004121244885027409
242 0.0038038224447518587
243 0.0037501512560993433
244 0.003907410893589258
245 0.0037937804590910673
246 0.004057912155985832
247 0.003980455920100212
248 0.004039570223540068
249 0.003835210343822837
250 0.0036958828568458557
251 0.0036192124243825674
252 0.0038995861541479826
253 0.003535992931574583
254 0.004020777530968189
255 0.003736470825970173
