0 0.0038858677726238966
1 0.00333683704957366
2 0.00396252516657114
3 0.0037412422243505716
4 0.004206610377877951
5 0.0038130355533212423
6 0.00407653721049428
7 0.003973961342126131
8 0.004078256897628307
9 0.0035864294040948153
10 0.004165499471127987
11 0.004097912926226854
12 0.003727811388671398
13 0.0038023267406970263
14 0.0037918919697403908
15 0.004007246810942888
16 0.0038796509616076946
17 0.004002594389021397
18 0.0037039259914308786
19 0.003955396357923746
20 0.004037989303469658
21 0.0039359936490654945
22 0.0038132802583277225
23 0.0038538321387022734
24 0.004109961912035942
25 0.004026677459478378
26 0.0040938653983175755
27 0.004198950715363026
28 0.003955199848860502
29 0.004108323249965906
30 0.00398645456880331
31 0.004002678208053112
32 0.0036154647823423147
33 0.0037884963676333427
34 0.0037012307438999414
35 0.0039383419789373875
36 0.004089908208698034
37 0.003873115172609687
38 0.004098984878510237
39 0.004161614924669266
40 0.004162667319178581
41 0.003560801735147834
42 0.003882592311128974
43 0.003989501390606165
44 0.003933394327759743
45 0.003773377276957035
46 0.004325144458562136
47 0.004290122538805008
48 0.004004819318652153
49 0.004041053354740143
50 0.004059072583913803
51 0.003628449747338891
52 0.0039541348814964294
53 0.0037481978069990873
54 0.003895519534125924
55 0.0040390887297689915
56 0.004167503677308559
57 0.003970162011682987
58 0.003577138064429164
59 0.003887457773089409
60 0.0035992111079394817
61 0.004104808904230595
62 0.0040651969611644745
63 0.003985515329986811
64 0.004105063620954752
65 0.0038561392575502396
66 0.003758057951927185
67 0.003953989129513502
68 0.003879875410348177
69 0.0038957837969064713
70 0.0041331276297569275
71 0.004048771690577269
72 0.003923047333955765
73 0.003794879885390401
74 0.0038457168266177177
75 0.004207766614854336
76 0.004064461216330528
77 0.004032048396766186
78 0.003921980503946543
79 0.003896977985277772
80 0.0037630966398864985
81 0.004118545446544886
82 0.0038138371892273426
83 0.0038110108580440283
84 0.003907122183591127
85 0.0035966045688837767
86 0.00395280122756958
87 0.004012273158878088
88 0.0036435050424188375
89 0.004006650764495134
90 0.004027056973427534
91 0.0037665399722754955
92 0.003907139878720045
93 0.0043828124180436134
94 0.00373521214351058
95 0.0038699470460414886
96 0.0038794358260929585
97 0.004060594365000725
98 0.003605047008022666
99 0.004022794310003519
100 0.003941152710467577
101 0.004249547142535448
102 0.0036333659663796425
103 0.004238614346832037
104 0.003993991296738386
105 0.004238254390656948
106 0.0037712326738983393
107 0.004314393270760775
108 0.004057626239955425
109 0.0037277713418006897
110 0.004001385532319546
111 0.003945837263017893
112 0.0038592342752963305
113 0.004157647490501404
114 0.004045811016112566
115 0.00369266327470541
116 0.004003988113254309
117 0.004044779576361179
118 0.003677873406559229
119 0.003802834078669548
120 0.003993836231529713
121 0.004121730569750071
122 0.004473400302231312
123 0.003932657651603222
124 0.004153327085077763
125 0.0038661053404212
126 0.003998051397502422
127 0.0038568645250052214
128 0.0035986665170639753
129 0.003477697027847171
130 0.0035844522062689066
131 0.00371760968118906
132 0.0038678820710629225
133 0.004159215372055769
134 0.003743827808648348
135 0.0036779746878892183
136 0.004207090940326452
137 0.0038305369671434164
138 0.004105924628674984
139 0.004086433909833431
140 0.004081293009221554
141 0.0034935229923576117
142 0.0037683905102312565
143 0.0038297250866889954
144 0.0035587078891694546
145 0.004005143418908119
146 0.004040145315229893
147 0.003776374738663435
148 0.0038770134560763836
149 0.003884407225996256
150 0.003861540462821722
151 0.0040323371067643166
152 0.003726867027580738
153 0.003950134851038456
154 0.0038634471129626036
155 0.0036175563000142574
156 0.0037331932689994574
157 0.0037509743124246597
158 0.0042444816790521145
159 0.0036953964736312628
160 0.0037362794391810894
161 0.003667880082502961
162 0.0040475232526659966
163 0.0037109677214175463
164 0.003885866142809391
165 0.003775227116420865
166 0.004043064080178738
167 0.0037662950344383717
168 0.003991543781012297
169 0.004252041224390268
170 0.0037537117023020983
171 0.0037182497326284647
172 0.003750760108232498
173 0.0038276093546301126
174 0.00389492092654109
175 0.004067080561071634
176 0.004369329661130905
177 0.003956031519919634
178 0.0034533729776740074
179 0.0037377665285021067
180 0.0037409195210784674
181 0.004201192408800125
182 0.0038285204209387302
183 0.004157541785389185
184 0.004091490991413593
185 0.004100224003195763
186 0.003492537885904312
187 0.0037317266687750816
188 0.0038463559467345476
189 0.0038311746902763844
190 0.003963827155530453
191 0.003761992324143648
192 0.003896377282217145
193 0.004068474285304546
194 0.004185682162642479
195 0.004248908720910549
196 0.004230982158333063
197 0.003728999523445964
198 0.00366007536649704
199 0.003755096811801195
200 0.0036671452689915895
201 0.0035033132880926132
202 0.003954744897782803
203 0.0035746446810662746
204 0.0038543562404811382
205 0.003689543576911092
206 0.0038676827680319548
207 0.004319784697145224
208 0.0040616546757519245
209 0.0038287017960101366
210 0.0038536132778972387
211 0.0038715614937245846
212 0.003673735074698925
213 0.0039554801769554615
214 0.0040648640133440495
215 0.003929922357201576
216 0.003953816834837198
217 0.00392090855166316
218 0.0038432879373431206
219 0.003810079302638769
220 0.003956442233175039
221 0.0039956700056791306
222 0.0038192723877727985
223 0.004147216212004423
224 0.0039017340168356895
225 0.0038672760128974915
226 0.003976475913077593
227 0.0037050540558993816
228 0.003744353773072362
229 0.003955550957471132
230 0.003873896086588502
231 0.004264831077307463
232 0.0037599466741085052
233 0.003631404833868146
234 0.0038459664210677147
235 0.0036878332030028105
236 0.004025112371891737
237 0.0038368592504411936
238 0.003938591107726097
239 0.004109498579055071
240 0.0038339593447744846
241 0.004061373881995678
242 0.0036287063267081976
243 0.003814921248704195
244 0.003785428125411272
245 0.0038212768267840147
246 0.004291730932891369
247 0.003962823189795017
248 0.003878121031448245
249 0.003910921514034271
250 0.0036525744944810867
251 0.0035238247364759445
252 0.0037377497646957636
253 0.003817624179646373
254 0.003869574284180999
255 0.003567448118701577
