0 0.0040980977937579155
1 0.0033961415756493807
2 0.003923757467418909
3 0.003974435850977898
4 0.004234646912664175
5 0.003848462365567684
6 0.004052729345858097
7 0.0041446085087955
8 0.004088612273335457
9 0.0038352326955646276
10 0.0042126053012907505
11 0.003956780768930912
12 0.0036048449110239744
13 0.003897968214005232
14 0.004006108734756708
15 0.003816150361672044
16 0.00395253486931324
17 0.004022169858217239
18 0.00363226723857224
19 0.0038566607981920242
20 0.003883194411173463
21 0.003960567060858011
22 0.003921279218047857
23 0.003776891389861703
24 0.003919877577573061
25 0.004045889247208834
26 0.003857158590108156
27 0.0038213669322431087
28 0.004077720921486616
29 0.0039160349406301975
30 0.00430134916678071
31 0.004186623729765415
32 0.0037345171440392733
33 0.003665679134428501
34 0.0034023139160126448
35 0.003993673715740442
36 0.004272413440048695
37 0.003731174161657691
38 0.004071569070219994
39 0.004430381581187248
40 0.003953798208385706
41 0.0034675446804612875
42 0.0039396509528160095
43 0.0038176332600414753
44 0.0036816901993006468
45 0.003998259548097849
46 0.004512551706284285
47 0.004203397314995527
48 0.004078652244061232
49 0.003902107011526823
50 0.003991636913269758
51 0.003644366981461644
52 0.004114959854632616
53 0.0037632500752806664
54 0.0037577194161713123
55 0.004242170136421919
56 0.003929911646991968
57 0.0037864199839532375
58 0.003971259109675884
59 0.003847480285912752
60 0.003684774972498417
61 0.004026180133223534
62 0.004167592618614435
63 0.003721253713592887
64 0.003942204639315605
65 0.003829806577414274
66 0.003783722408115864
67 0.003761786036193371
68 0.0038517790380865335
69 0.004121124278753996
70 0.004353028256446123
71 0.0039109825156629086
72 0.004016048274934292
73 0.0039100972935557365
74 0.00371457077562809
75 0.0042000627145171165
76 0.004044638480991125
77 0.0038557318039238453
78 0.0039294115267694
79 0.003962746821343899
80 0.0037327606696635485
81 0.004055324010550976
82 0.003877541283145547
83 0.003734757425263524
84 0.0038304105401039124
85 0.003578288946300745
86 0.0037820034194737673
87 0.004027323331683874
88 0.0033860006369650364
89 0.0039015174843370914
90 0.004133556038141251
91 0.003979261498898268
92 0.004099336452782154
93 0.004250802099704742
94 0.003686204319819808
95 0.003869633423164487
96 0.003726107534021139
97 0.004153358284384012
98 0.003877363633364439
99 0.004060199949890375
100 0.004049376118928194
101 0.004115148913115263
102 0.003642869647592306
103 0.004250249359756708
104 0.003721061162650585
105 0.004045655019581318
106 0.0038804286159574986
107 0.004404466599225998
108 0.004140445496886969
109 0.004031873773783445
110 0.00404606107622385
111 0.003783868160098791
112 0.0035587840247899294
113 0.004132027737796307
114 0.0040128580294549465
115 0.0036040120758116245
116 0.004034384153783321
117 0.0038883965462446213
118 0.0035056944470852613
119 0.003824668237939477
120 0.004112061113119125
121 0.0041971029713749886
122 0.00451327720656991
123 0.003862429177388549
124 0.003991820849478245
125 0.003828163957223296
126 0.004211577121168375
127 0.003895067609846592
128 0.003706627059727907
129 0.003491527633741498
130 0.0036612851545214653
131 0.0035670925863087177
132 0.004062829073518515
133 0.003987364005297422
134 0.0037458452861756086
135 0.003457484534010291
136 0.004249668214470148
137 0.003750029718503356
138 0.0038979228120297194
139 0.004137923009693623
140 0.0036534930113703012
141 0.0036261926870793104
142 0.003916076850146055
143 0.0037740205880254507
144 0.00353422062471509
145 0.004231476224958897
146 0.0037851606030017138
147 0.0037855941336601973
148 0.0038673109374940395
149 0.003988911397755146
150 0.004174463450908661
151 0.004188732709735632
152 0.0036254352889955044
153 0.00379061046987772
154 0.0038705109618604183
155 0.0036678905598819256
156 0.0036773611791431904
157 0.003630775259807706
158 0.0038590114563703537
159 0.003783011808991432
160 0.0037639078218489885
161 0.0039048180915415287
162 0.004365489352494478
163 0.003569785039871931
164 0.003834400326013565
165 0.004002830944955349
166 0.003984255250543356
167 0.00400142464786768
168 0.0038282147143036127
169 0.004122482147067785
170 0.003794905496761203
171 0.004096157383173704
172 0.0036443364806473255
173 0.003721177577972412
174 0.0038538649678230286
175 0.004003315232694149
176 0.004230085760354996
177 0.0037040908355265856
178 0.0036350665614008904
179 0.0036341401282697916
180 0.003837747033685446
181 0.00404356000944972
182 0.004052659031003714
183 0.0038936620112508535
184 0.004022954031825066
185 0.004156110808253288
186 0.003725191578269005
187 0.004038375336676836
188 0.00384006486274302
189 0.0039436304941773415
190 0.003688017837703228
191 0.003897885326296091
192 0.003831622190773487
193 0.004022289998829365
194 0.0040768408216536045
195 0.004242539405822754
196 0.00427809776738286
197 0.0036813560873270035
198 0.0037870334926992655
199 0.003950183279812336
200 0.0037478767335414886
201 0.003817375283688307
202 0.003846473293378949
203 0.0037507975939661264
204 0.004018481820821762
205 0.003645789111033082
206 0.00372312986291945
207 0.00397974718362093
208 0.00395103357732296
209 0.003921662922948599
210 0.003617513459175825
211 0.004049589857459068
212 0.0036655121948570013
213 0.004047031048685312
214 0.00417291559278965
215 0.004186887294054031
216 0.004095626529306173
217 0.003963431343436241
218 0.0037483058404177427
219 0.003622340504080057
220 0.0038815250154584646
221 0.004021418280899525
222 0.0035922168754041195
223 0.004220588598400354
224 0.003544334089383483
225 0.003952702973037958
226 0.004229867830872536
227 0.003445371752604842
228 0.004015485756099224
229 0.004415510222315788
230 0.003985572140663862
231 0.004017392173409462
232 0.003799295052886009
233 0.0038936100900173187
234 0.003619769122451544
235 0.003875028109177947
236 0.003984958399087191
237 0.0038565699942409992
238 0.0037032279651612043
239 0.00402679480612278
240 0.003947930410504341
241 0.004148371051996946
242 0.0038211129140108824
243 0.003521627513691783
244 0.0038930517621338367
245 0.0036771532613784075
246 0.004299801774322987
247 0.004257186781615019
248 0.0038570305332541466
249 0.0036754687316715717
250 0.003516536671668291
251 0.003526153741404414
252 0.0037797274999320507
253 0.0037165875546634197
254 0.004132978618144989
255 0.003784011583775282
