0 0.004062440246343613
1 0.0033278088085353374
2 0.0037034384440630674
3 0.004058916587382555
4 0.004046139772981405
5 0.0038234509993344545
6 0.004029037896543741
7 0.003969390876591206
8 0.0041299015283584595
9 0.003528664819896221
10 0.004205925390124321
11 0.0037837938871234655
12 0.0036425283178687096
13 0.003694858169183135
14 0.0037279606331139803
15 0.0037347362376749516
16 0.004021689761430025
17 0.0037041485775262117
18 0.003684399649500847
19 0.0039073508232831955
20 0.0040244669653475285
21 0.004216543864458799
22 0.004188111051917076
23 0.0037910020910203457
24 0.004060795996338129
25 0.004146201070398092
26 0.004026676062494516
27 0.0037518262397497892
28 0.00404377793893218
29 0.003912238869816065
30 0.004183901473879814
31 0.003964587580412626
32 0.0036449418403208256
33 0.003773277625441551
34 0.0035712984390556812
35 0.003987910225987434
36 0.00428385054692626
37 0.0036428014282137156
38 0.0040471614338457584
39 0.0042466032318770885
40 0.003929737489670515
41 0.003490944392979145
42 0.003786868415772915
43 0.003538341959938407
44 0.004012969322502613
45 0.003938756417483091
46 0.00400500325486064
47 0.004263588692992926
48 0.003859014483168721
49 0.0036429413594305515
50 0.003947415389120579
51 0.003449216252192855
52 0.004023849032819271
53 0.003824374405667186
54 0.0039740270003676414
55 0.004180386196821928
56 0.0041535464115440845
57 0.003861465957015753
58 0.003622663440182805
59 0.0038107228465378284
60 0.003792899427935481
61 0.003815514501184225
62 0.00426445621997118
63 0.003920998424291611
64 0.003638727590441704
65 0.0036961424630135298
66 0.0036706074606627226
67 0.0038189056795090437
68 0.003721400164067745
69 0.004070633091032505
70 0.0040581198409199715
71 0.0038361125625669956
72 0.0038695395924150944
73 0.003481220453977585
74 0.003739485749974847
75 0.004496603738516569
76 0.004118024371564388
77 0.00404011458158493
78 0.00394420325756073
79 0.0037116468884050846
80 0.003612397937104106
81 0.003993552643805742
82 0.004036749247461557
83 0.003774072742089629
84 0.004194724373519421
85 0.003852159483358264
86 0.0038781960029155016
87 0.00375116104260087
88 0.0037292412016540766
89 0.0035343884956091642
90 0.004086024593561888
91 0.003955625928938389
92 0.004022627603262663
93 0.004293757025152445
94 0.003715184982866049
95 0.003893875516951084
96 0.004070348106324673
97 0.0043425955809652805
98 0.0037318679969757795
99 0.004171968437731266
100 0.003712072968482971
101 0.0042213015258312225
102 0.003643766278401017
103 0.0043214657343924046
104 0.003723412286490202
105 0.00402516545727849
106 0.0037465645000338554
107 0.00446654437109828
108 0.004262029193341732
109 0.0038972552865743637
110 0.003977990709245205
111 0.00403166888281703
112 0.00415836414322257
113 0.004120534751564264
114 0.003820031648501754
115 0.0038738970179110765
116 0.003957152832299471
117 0.004048757255077362
118 0.0038121300749480724
119 0.0038722229655832052
120 0.004323346074670553
121 0.004310956224799156
122 0.004196882713586092
123 0.003900565905496478
124 0.003939017187803984
125 0.003918660804629326
126 0.004302486311644316
127 0.003924679011106491
128 0.0037933168932795525
129 0.0036811805330216885
130 0.0037899138405919075
131 0.0036303778178989887
132 0.003835621988400817
133 0.004443252459168434
134 0.003780452301725745
135 0.003522668732330203
136 0.004419921897351742
137 0.00408895593136549
138 0.0038559280801564455
139 0.003804373787716031
140 0.0036338067147880793
141 0.0036100628785789013
142 0.003890159074217081
143 0.0036938029807060957
144 0.003463753731921315
145 0.0039350432343780994
146 0.004080548416823149
147 0.003870953805744648
148 0.004109686706215143
149 0.003912332467734814
150 0.0038875143509358168
151 0.004124565050005913
152 0.0038021274376660585
153 0.003703480353578925
154 0.0038076580967754126
155 0.0036586602218449116
156 0.0037243706174194813
157 0.003704165108501911
158 0.003946503158658743
159 0.003954095765948296
160 0.0038157221861183643
161 0.003554412629455328
162 0.0043547498062253
163 0.0036524548195302486
164 0.0037980005145072937
165 0.00396793382242322
166 0.00404027383774519
167 0.0038781289476901293
168 0.004072087351232767
169 0.004178413189947605
170 0.0039040090050548315
171 0.0036443141289055347
172 0.003735567908734083
173 0.003915716893970966
174 0.004219982773065567
175 0.004192148335278034
176 0.004314313177019358
177 0.0036033347714692354
178 0.003385783638805151
179 0.003726534778252244
180 0.003731301985681057
181 0.004203169606626034
182 0.004235589411109686
183 0.003869978478178382
184 0.003855688963085413
185 0.0042670853435993195
186 0.0036574197001755238
187 0.003758505452424288
188 0.004108744207769632
189 0.0036237204913049936
190 0.004177555441856384
191 0.003822741564363241
192 0.003976097796112299
193 0.003955543041229248
194 0.003986645489931107
195 0.004451676271855831
196 0.004309862852096558
197 0.00382852740585804
198 0.003813412506133318
199 0.0037588574923574924
200 0.003753908211365342
201 0.004086169879883528
202 0.0039145792834460735
203 0.003674970008432865
204 0.003616699017584324
205 0.0038526670541614294
206 0.0036904870066791773
207 0.0038240968715399504
208 0.004018865525722504
209 0.00407310901209712
210 0.003668390214443207
211 0.004089176654815674
212 0.003638578113168478
213 0.0037705108989030123
214 0.004107050132006407
215 0.004011284094303846
216 0.0040126689709723
217 0.004182866774499416
218 0.003564785933122039
219 0.0037871988024562597
220 0.00391777278855443
221 0.003943538758903742
222 0.003706804011017084
223 0.004162881523370743
224 0.0038079209625720978
225 0.003793691983446479
226 0.003816961543634534
227 0.0037531277630478144
228 0.003994881175458431
229 0.0041005914099514484
230 0.003797289216890931
231 0.004250606521964073
232 0.003836221294477582
233 0.0036564955953508615
234 0.0038411037530750036
235 0.003842722624540329
236 0.004044278524816036
237 0.003750039730221033
238 0.0037309799809008837
239 0.003916759975254536
240 0.0041949269361793995
241 0.004085482098162174
242 0.0036024991422891617
243 0.003590064123272896
244 0.003715634811669588
245 0.003982255235314369
246 0.004136859439313412
247 0.004081108141690493
248 0.003991493955254555
249 0.0040624323301017284
250 0.0037878951989114285
251 0.0037018130533397198
252 0.00373662612400949
253 0.003649071790277958
254 0.0038600752595812082
255 0.003848601132631302
