0 0.003922583535313606
1 0.003663982730358839
2 0.0037862956523895264
3 0.003834569128230214
4 0.00432464899495244
5 0.0036950239446014166
6 0.0038844593800604343
7 0.00396571634337306
8 0.0042592603713274
9 0.0035210908390581608
10 0.00400776881724596
11 0.0037525929510593414
12 0.0035507087595760822
13 0.003952937666326761
14 0.004053205251693726
15 0.004226692020893097
16 0.004141907207667828
17 0.0037269447930157185
18 0.0035456735640764236
19 0.0038583632558584213
20 0.004045541863888502
21 0.004184959456324577
22 0.0039695436134934425
23 0.003979549743235111
24 0.0037152592558413744
25 0.003951441962271929
26 0.0039427028968930244
27 0.003837298136204481
28 0.004120483994483948
29 0.00377070065587759
30 0.004311063326895237
31 0.0037893052212893963
32 0.0037219482474029064
33 0.003629653714597225
34 0.0036104542668908834
35 0.003961450420320034
36 0.004061055835336447
37 0.0037861012388020754
38 0.003956696484237909
39 0.004136303439736366
40 0.004021326545625925
41 0.003326918464154005
42 0.003867445047944784
43 0.003604077734053135
44 0.003969387151300907
45 0.004002662375569344
46 0.004288411233574152
47 0.004099846817553043
48 0.003923661075532436
49 0.003561134682968259
50 0.00400448776781559
51 0.0034634233452379704
52 0.003861426142975688
53 0.0038639602717012167
54 0.0039240592159330845
55 0.0038607404567301273
56 0.00408156868070364
57 0.0038417833857238293
58 0.003993460908532143
59 0.0036463576834648848
60 0.0037892903201282024
61 0.003859522519633174
62 0.004019926767796278
63 0.0036849549505859613
64 0.0038101973477751017
65 0.003850359935313463
66 0.0038808584213256836
67 0.0037696019280701876
68 0.0038846349343657494
69 0.004282415844500065
70 0.004137083422392607
71 0.003867517923936248
72 0.004088112153112888
73 0.003780635306611657
74 0.0038006596732884645
75 0.004437885247170925
76 0.004037088714540005
77 0.003964595962315798
78 0.0037218027282506227
79 0.003620074363425374
80 0.0038233252707868814
81 0.0036754149477928877
82 0.004072827752679586
83 0.0037330833729356527
84 0.00399076659232378
85 0.0037374866660684347
86 0.0037569941487163305
87 0.003903105854988098
88 0.0034558477345854044
89 0.003975468222051859
90 0.0040498352609574795
91 0.003794426331296563
92 0.00413477560505271
93 0.004237360320985317
94 0.0039938706904649734
95 0.003984174691140652
96 0.004227159079164267
97 0.004556533880531788
98 0.0038899399805814028
99 0.003983135800808668
100 0.0038862114306539297
101 0.004182842094451189
102 0.003671854268759489
103 0.004340228624641895
104 0.0035783746279776096
105 0.00397536251693964
106 0.003723468631505966
107 0.004482818301767111
108 0.004401242360472679
109 0.003836394287645817
110 0.0038780169561505318
111 0.003874503541737795
112 0.003788688452914357
113 0.004490361548960209
114 0.003988956566900015
115 0.003819272853434086
116 0.00356897059828043
117 0.004171682987362146
118 0.003797483164817095
119 0.00400066701695323
120 0.003854194190353155
121 0.0041518560610711575
122 0.004505033139139414
123 0.003665563650429249
124 0.0040723099373281
125 0.003865261562168598
126 0.004374414682388306
127 0.0038452392909675837
128 0.003416735213249922
129 0.0037806604523211718
130 0.003630212740972638
131 0.0037235678173601627
132 0.004054274410009384
133 0.003935086075216532
134 0.003886690828949213
135 0.0035056096967309713
136 0.0044241128489375114
137 0.004032447934150696
138 0.00393978925421834
139 0.0039688642136752605
140 0.003747285809367895
141 0.0035618047695606947
142 0.003975255880504847
143 0.003609345993027091
144 0.003633239073678851
145 0.004365050233900547
146 0.0039772880263626575
147 0.003989237826317549
148 0.0038647623732686043
149 0.003778432495892048
150 0.003949671518057585
151 0.004367497283965349
152 0.0034957127645611763
153 0.0037878230214118958
154 0.0037940950132906437
155 0.0036910143680870533
156 0.003981917165219784
157 0.0036661261692643166
158 0.004094927571713924
159 0.003846242092549801
160 0.0038395205046981573
161 0.0037534635048359632
162 0.004333165008574724
163 0.0035803993232548237
164 0.003990544006228447
165 0.003949642647057772
166 0.0039212871342897415
167 0.0037310186307877302
168 0.004119878634810448
169 0.004254116211086512
170 0.003767455695196986
171 0.003821317106485367
172 0.0035444158129394054
173 0.003843477228656411
174 0.0040544564835727215
175 0.004013424273580313
176 0.004194142296910286
177 0.0037311201449483633
178 0.003403128357604146
179 0.003707794239744544
180 0.003902327734977007
181 0.004211329389363527
182 0.004017031751573086
183 0.004119668155908585
184 0.0038364536594599485
185 0.0041470094583928585
186 0.0036220825277268887
187 0.0037207507994025946
188 0.0038404513616114855
189 0.003636752488091588
190 0.003868382889777422
191 0.0039009067695587873
192 0.0038941269740462303
193 0.003911013714969158
194 0.004073580726981163
195 0.004275355488061905
196 0.004419319797307253
197 0.003671193728223443
198 0.004171052016317844
199 0.003925892990082502
200 0.0037483852356672287
201 0.003961521666496992
202 0.004049122799187899
203 0.003801504382863641
204 0.003894281340762973
205 0.003571254899725318
206 0.0036210326943546534
207 0.003936030901968479
208 0.004178241826593876
209 0.004003179259598255
210 0.003676540916785598
211 0.004207428079098463
212 0.0034802944865077734
213 0.0037364759482443333
214 0.003887171857059002
215 0.004041452892124653
216 0.004065600223839283
217 0.0043601589277386665
218 0.0035887237172573805
219 0.0037653634790331125
220 0.0038559637032449245
221 0.003993735183030367
222 0.003626691410318017
223 0.004431469831615686
224 0.003738983301445842
225 0.003690526355057955
226 0.003911374602466822
227 0.00392764899879694
228 0.00415608286857605
229 0.004351628944277763
230 0.0036494783125817776
231 0.004191326908767223
232 0.0035627142060548067
233 0.0037491845432668924
234 0.0037233741022646427
235 0.003692742669954896
236 0.003901226446032524
237 0.0037522728089243174
238 0.003619489958509803
239 0.003954283427447081
240 0.004187371581792831
241 0.004032390657812357
242 0.004024001304060221
243 0.0035709491930902004
244 0.0037834043614566326
245 0.0038449561689049006
246 0.004110380541533232
247 0.004310304298996925
248 0.0041111488826572895
249 0.004014166072010994
250 0.003712425474077463
251 0.0035738714504987
252 0.003948702476918697
253 0.0035912913735955954
254 0.0037238369695842266
255 0.0037974859587848186
