0 0.0039908685721457005
1 0.0035145648289471865
2 0.0037734494544565678
3 0.004153821151703596
4 0.004118927754461765
5 0.003935639746487141
6 0.004095038864761591
7 0.003959300462156534
8 0.0039933472871780396
9 0.003711359342560172
10 0.004290987271815538
11 0.0037733365315943956
12 0.0036903065629303455
13 0.0038533799815922976
14 0.0038618275430053473
15 0.003821256570518017
16 0.004020833410322666
17 0.003928269259631634
18 0.003977782558649778
19 0.00412035221233964
20 0.003952607046812773
21 0.0038734436966478825
22 0.004049290902912617
23 0.0037032149266451597
24 0.003909241408109665
25 0.004139275290071964
26 0.004161547403782606
27 0.004098770208656788
28 0.004222342744469643
29 0.004165141377598047
30 0.004270859993994236
31 0.003919965587556362
32 0.003837615717202425
33 0.003494495525956154
34 0.0037019492592662573
35 0.003833428956568241
36 0.004156711511313915
37 0.00377792795188725
38 0.0038419391494244337
39 0.0041654072701931
40 0.004089015536010265
41 0.0033621834591031075
42 0.003909589257091284
43 0.003775981953367591
44 0.0038913956377655268
45 0.003856864757835865
46 0.004044793546199799
47 0.004090305883437395
48 0.003999206703156233
49 0.0035691026132553816
50 0.004156114533543587
51 0.003579549491405487
52 0.0039054679218679667
53 0.003791219089180231
54 0.0036597016733139753
55 0.004149109125137329
56 0.003925308585166931
57 0.0037595578469336033
58 0.003823638428002596
59 0.00392485735937953
60 0.0035971158649772406
61 0.0040601626969873905
62 0.0041018323972821236
63 0.003790703834965825
64 0.0037727004382759333
65 0.0037363239098340273
66 0.003935917280614376
67 0.0038589672185480595
68 0.0037496627774089575
69 0.003963087685406208
70 0.0043205018155276775
71 0.003733710153028369
72 0.004066456109285355
73 0.003930492326617241
74 0.003994551487267017
75 0.0041908095590770245
76 0.004262691363692284
77 0.003856159746646881
78 0.003943740390241146
79 0.003884633770212531
80 0.003701966255903244
81 0.004105726722627878
82 0.0038959381636232138
83 0.003539047436788678
84 0.0041193291544914246
85 0.0039944699965417385
86 0.003864947007969022
87 0.003844606224447489
88 0.003636769950389862
89 0.003548614215105772
90 0.004131467081606388
91 0.004003796260803938
92 0.004078058525919914
93 0.004098821431398392
94 0.0037390049546957016
95 0.003855875227600336
96 0.003947266843169928
97 0.0039743948727846146
98 0.003767028683796525
99 0.004015143029391766
100 0.003952971659600735
101 0.004178899805992842
102 0.0036741564981639385
103 0.004136576317250729
104 0.003939006943255663
105 0.003880426986142993
106 0.004010419361293316
107 0.004550187848508358
108 0.004226736258715391
109 0.003991007339209318
110 0.003928941674530506
111 0.004005217459052801
112 0.0036999357398599386
113 0.00431067543104291
114 0.003986645955592394
115 0.003912416752427816
116 0.003985626623034477
117 0.003806623164564371
118 0.0034767226316034794
119 0.003781521925702691
120 0.003963343799114227
121 0.004064065404236317
122 0.004287580028176308
123 0.0037774567026644945
124 0.004014397505670786
125 0.00404234416782856
126 0.004167715087532997
127 0.003832822199910879
128 0.0036532494705170393
129 0.0036509432829916477
130 0.0036566490307450294
131 0.0035697747953236103
132 0.004038685001432896
133 0.0043706269934773445
134 0.004077835474163294
135 0.003645728575065732
136 0.004376318771392107
137 0.0037083907518535852
138 0.003945400007069111
139 0.004162498749792576
140 0.0036757488269358873
141 0.0035217010881751776
142 0.0038489256985485554
143 0.00395043333992362
144 0.0035237898118793964
145 0.004122255370020866
146 0.004006079863756895
147 0.0038038163911551237
148 0.0039298213087022305
149 0.0038819159381091595
150 0.00416694488376379
151 0.0040825046598911285
152 0.0035531744360923767
153 0.0038199974223971367
154 0.0038475769106298685
155 0.0035134500358253717
156 0.003709946759045124
157 0.003672055434435606
158 0.003953682724386454
159 0.003556928364560008
160 0.0037534511648118496
161 0.0036805705167353153
162 0.004215996712446213
163 0.0037346433382481337
164 0.003868787083774805
165 0.003925672732293606
166 0.004111340269446373
167 0.004165675491094589
168 0.004072001203894615
169 0.004015069454908371
170 0.003779434133321047
171 0.0037472834810614586
172 0.003754460485652089
173 0.0037359739653766155
174 0.003999007400125265
175 0.003925724420696497
176 0.004132692236453295
177 0.0038311444222927094
178 0.003634140593931079
179 0.003586006350815296
180 0.0037795822136104107
181 0.0041119991801679134
182 0.003934381064027548
183 0.0037692012265324593
184 0.003866952145472169
185 0.004082594066858292
186 0.0035253195092082024
187 0.003915583249181509
188 0.0038950438611209393
189 0.003914433065801859
190 0.0038405214436352253
191 0.0038618147373199463
192 0.003903612494468689
193 0.0038132171612232924
194 0.004164028912782669
195 0.004056449048221111
196 0.0041036661714315414
197 0.003906803671270609
198 0.003982639871537685
199 0.003986383322626352
200 0.003693335223942995
201 0.003852758090943098
202 0.0036873307544738054
203 0.0039034252986311913
204 0.003766642650589347
205 0.0035739594604820013
206 0.0037933839485049248
207 0.0039023268036544323
208 0.0039151557721197605
209 0.003864803584292531
210 0.0036377455107867718
211 0.0038429717533290386
212 0.003855800721794367
213 0.003790892194956541
214 0.004002975765615702
215 0.003987113479524851
216 0.004065905697643757
217 0.0038779976312071085
218 0.003964649513363838
219 0.0038681887090206146
220 0.004024177324026823
221 0.003961412701755762
222 0.0037275715731084347
223 0.004146053455770016
224 0.003531667636707425
225 0.003932232037186623
226 0.0042045037262141705
227 0.003909007646143436
228 0.004262484610080719
229 0.004271744284778833
230 0.003867248073220253
231 0.0041687157936394215
232 0.004015795420855284
233 0.003838873701170087
234 0.0036404356360435486
235 0.0038703407626599073
236 0.003959663212299347
237 0.003745246911421418
238 0.0036688107065856457
239 0.0042329090647399426
240 0.003932861145585775
241 0.004152131732553244
242 0.003904864424839616
243 0.003682277398183942
244 0.0039906916208565235
245 0.003646317170932889
246 0.004127277061343193
247 0.00411739619448781
248 0.003871216205880046
249 0.003755636280402541
250 0.003626071149483323
251 0.0036501174326986074
252 0.003796829842031002
253 0.003811989910900593
254 0.003941601607948542
255 0.003766649402678013
