0 0.004052530508488417
1 0.003366021206602454
2 0.0038341814652085304
3 0.003813103772699833
4 0.004063119180500507
5 0.003846185514703393
6 0.004057650454342365
7 0.003785951528698206
8 0.004089149180799723
9 0.0036011124029755592
10 0.004150494933128357
11 0.00369163672439754
12 0.0036312986630946398
13 0.0038946045096963644
14 0.003967420198023319
15 0.0038748816587030888
16 0.0037741209380328655
17 0.00408221734687686
18 0.003771138144657016
19 0.003924703691154718
20 0.004247819073498249
21 0.00410845410078764
22 0.004124951083213091
23 0.0037124203518033028
24 0.004126058425754309
25 0.004075354430824518
26 0.003973522689193487
27 0.003865018719807267
28 0.003921555355191231
29 0.003868045983836055
30 0.004340518265962601
31 0.004028151743113995
32 0.003617270616814494
33 0.0035408257972449064
34 0.003612279426306486
35 0.003989065065979958
36 0.004065234214067459
37 0.004003121517598629
38 0.003942456096410751
39 0.003904007375240326
40 0.004017253406345844
41 0.003582557663321495
42 0.004001552239060402
43 0.0038072955794632435
44 0.0039078108966350555
45 0.003923205193132162
46 0.00405101478099823
47 0.004220400936901569
48 0.0038081659004092216
49 0.003769854549318552
50 0.004353068768978119
51 0.003521400038152933
52 0.004090019967406988
53 0.0037117307074368
54 0.003796045668423176
55 0.003952001687139273
56 0.003950571175664663
57 0.0038433570880442858
58 0.0038402890786528587
59 0.0036564990878105164
60 0.0038109689485281706
61 0.004010598640888929
62 0.004168610088527203
63 0.0038023660890758038
64 0.0040102750062942505
65 0.0038843853399157524
66 0.003947252407670021
67 0.003931431099772453
68 0.0037507980596274137
69 0.0040742503479123116
70 0.0040878066793084145
71 0.003832811489701271
72 0.003734205150976777
73 0.003941412083804607
74 0.0038796954322606325
75 0.004094473086297512
76 0.004081067629158497
77 0.003972101956605911
78 0.004003000911325216
79 0.0036605859640985727
80 0.003789742710068822
81 0.004009400028735399
82 0.003791138995438814
83 0.0036012858618050814
84 0.004191172309219837
85 0.003989536315202713
86 0.003669772297143936
87 0.003782466519623995
88 0.0037011071108281612
89 0.0036596180871129036
90 0.004095188807696104
91 0.004026445560157299
92 0.003908007871359587
93 0.0039144051261246204
94 0.003772892989218235
95 0.0038653395604342222
96 0.004221835173666477
97 0.004150236025452614
98 0.0037798380944877863
99 0.004159645643085241
100 0.0035955561324954033
101 0.004132676869630814
102 0.003646641969680786
103 0.004278602544218302
104 0.0037231678143143654
105 0.004044125322252512
106 0.003884555073454976
107 0.004539037588983774
108 0.00415437389165163
109 0.003930213861167431
110 0.004114729352295399
111 0.003833929542452097
112 0.003973332699388266
113 0.004254714585840702
114 0.004037462640553713
115 0.003882301039993763
116 0.0038873429875820875
117 0.003925174009054899
118 0.0036406912840902805
119 0.003928752616047859
120 0.0040570832788944244
121 0.004175097681581974
122 0.0043225218541920185
123 0.0037257017102092505
124 0.00406859302893281
125 0.00403428403660655
126 0.004319561645388603
127 0.003802173538133502
128 0.003635507309809327
129 0.0035740279126912355
130 0.0038075970951467752
131 0.0036230587866157293
132 0.003886809339746833
133 0.004266710020601749
134 0.003810715163126588
135 0.003777159610763192
136 0.004164152313023806
137 0.003921478986740112
138 0.003944510128349066
139 0.0037805833853781223
140 0.0036133271642029285
141 0.003711588680744171
142 0.003956026863306761
143 0.0037072740960866213
144 0.0034467019140720367
145 0.003911790903657675
146 0.003730619791895151
147 0.0038877539336681366
148 0.003959465306252241
149 0.003999202512204647
150 0.00397920748218894
151 0.004072709009051323
152 0.0036861246917396784
153 0.003948654979467392
154 0.0038531403988599777
155 0.003616293892264366
156 0.0038191305939108133
157 0.0035778949968516827
158 0.003784493776038289
159 0.003641412826254964
160 0.003820515936240554
161 0.003866960294544697
162 0.004275033716112375
163 0.003654631320387125
164 0.003976978827267885
165 0.003776116296648979
166 0.004037851933389902
167 0.003915369976311922
168 0.003993331454694271
169 0.004089776426553726
170 0.0037053609266877174
171 0.003789079375565052
172 0.003625550540164113
173 0.0036254667211323977
174 0.004298267886042595
175 0.004130697809159756
176 0.0043040188029408455
177 0.0039045880548655987
178 0.003626156598329544
179 0.0036205239593982697
180 0.0038294263649731874
181 0.00419413298368454
182 0.003944979514926672
183 0.003814825089648366
184 0.0038761033210903406
185 0.004183218814432621
186 0.003448318922892213
187 0.003770591923967004
188 0.004055202938616276
189 0.0038566458970308304
190 0.003912071697413921
191 0.003757819766178727
192 0.00405323039740324
193 0.00390291353687644
194 0.004176889546215534
195 0.004407776519656181
196 0.004385989625006914
197 0.003848165040835738
198 0.003999671433120966
199 0.0038846307434141636
200 0.0035823830403387547
201 0.003995015285909176
202 0.0039223479107022285
203 0.003673950210213661
204 0.0036822583060711622
205 0.0035452628508210182
206 0.0036695809103548527
207 0.004032817203551531
208 0.00390934431925416
209 0.004063828848302364
210 0.0036525707691907883
211 0.004135769791901112
212 0.0036495879758149385
213 0.0037105923984199762
214 0.003795561846345663
215 0.004019384738057852
216 0.004151721019297838
217 0.004090373404324055
218 0.003836559597402811
219 0.0037448876537382603
220 0.0038442304357886314
221 0.0040779500268399715
222 0.003676343709230423
223 0.004188660532236099
224 0.0037433060351759195
225 0.003942892886698246
226 0.004070634953677654
227 0.004011287819594145
228 0.004310013260692358
229 0.004295579623430967
230 0.0038010748103260994
231 0.004237851593643427
232 0.003870453452691436
233 0.0036087112966924906
234 0.003794893389567733
235 0.0038524616975337267
236 0.0040928637608885765
237 0.00375560624524951
238 0.0037348740734159946
239 0.003885847982019186
240 0.004049945157021284
241 0.003965817857533693
242 0.0038517897482961416
243 0.003950015176087618
244 0.003888059174641967
245 0.004011766519397497
246 0.0039963498711586
247 0.004121727310121059
248 0.0040048882365226746
249 0.0038329206872731447
250 0.0036362463142722845
251 0.0034396506380289793
252 0.0038613579235970974
253 0.003784321714192629
254 0.003941583912819624
255 0.0037588889244943857
