0 0.004060227889567614
1 0.0034388562198728323
2 0.0038058131467550993
3 0.003928405232727528
4 0.004209553357213736
5 0.003907439764589071
6 0.0038868708070367575
7 0.004052210599184036
8 0.003932145424187183
9 0.003621489740908146
10 0.003708773059770465
11 0.003779573831707239
12 0.0035494822077453136
13 0.0037180588115006685
14 0.00397827010601759
15 0.00422858539968729
16 0.0036674130242317915
17 0.0037553522270172834
18 0.0038066604174673557
19 0.004136028233915567
20 0.004084418527781963
21 0.0039140526205301285
22 0.0038985302671790123
23 0.0036801344249397516
24 0.0039942506700754166
25 0.004233002662658691
26 0.004306113813072443
27 0.004325691610574722
28 0.0038907222915440798
29 0.004066398832947016
30 0.0042801909148693085
31 0.003811964998021722
32 0.003668626770377159
33 0.0035910396836698055
34 0.0037143900990486145
35 0.0038543324917554855
36 0.004135927651077509
37 0.003666435834020376
38 0.004248466808348894
39 0.004423260688781738
40 0.004033267498016357
41 0.0033533640671521425
42 0.0038705698680132627
43 0.0040064319036901
44 0.003791793482378125
45 0.0037341411225497723
46 0.004316809121519327
47 0.004193606786429882
48 0.0038980611134320498
49 0.003694038838148117
50 0.003971410449594259
51 0.0036859603133052588
52 0.004035523161292076
53 0.0038250901270657778
54 0.003709865501150489
55 0.003988201264292002
56 0.003949365578591824
57 0.0038233986124396324
58 0.003912362735718489
59 0.0036847416777163744
60 0.0037822150625288486
61 0.003776710480451584
62 0.004230407532304525
63 0.00374259939417243
64 0.00405797827988863
65 0.003960462752729654
66 0.0037975471932440996
67 0.0038994101341813803
68 0.003746944945305586
69 0.004174408037215471
70 0.004280541092157364
71 0.003886779071763158
72 0.0040575480088591576
73 0.0037873152177780867
74 0.003942945972084999
75 0.004387900233268738
76 0.003974811173975468
77 0.003950323443859816
78 0.003759749000892043
79 0.003870711661875248
80 0.003578567411750555
81 0.004191582091152668
82 0.003875394817441702
83 0.00356085947714746
84 0.004027897026389837
85 0.004102177917957306
86 0.0035034120082855225
87 0.003833446651697159
88 0.0036926954053342342
89 0.003767847316339612
90 0.004103416111320257
91 0.004239436239004135
92 0.003915425855666399
93 0.003981997724622488
94 0.003701111301779747
95 0.0036208350211381912
96 0.0039039140101522207
97 0.004338904749602079
98 0.0038203911390155554
99 0.00406506285071373
100 0.003916102461516857
101 0.004241354297846556
102 0.0038795259315520525
103 0.00383673794567585
104 0.0038179755210876465
105 0.004133039619773626
106 0.0034992059227079153
107 0.004478515591472387
108 0.004276130348443985
109 0.003981413319706917
110 0.004088640678673983
111 0.004022998735308647
112 0.004029819276183844
113 0.00471486896276474
114 0.004085372667759657
115 0.003962257876992226
116 0.003966910298913717
117 0.003979532979428768
118 0.0037437493447214365
119 0.0038325670175254345
120 0.0038796872831881046
121 0.0042101601138710976
122 0.004052568227052689
123 0.0037648482248187065
124 0.004210788756608963
125 0.0038610585033893585
126 0.004382426384836435
127 0.0038811289705336094
128 0.003546713385730982
129 0.003780571511015296
130 0.0040270183235406876
131 0.0037253114860504866
132 0.003935115411877632
133 0.0044668265618383884
134 0.0037192136514931917
135 0.003576782764866948
136 0.0042572314850986
137 0.0036500273272395134
138 0.0038710767403244972
139 0.003978412598371506
140 0.0038641139399260283
141 0.0036723350640386343
142 0.003750203177332878
143 0.003640525508671999
144 0.0036764848046004772
145 0.004029044881463051
146 0.004133773501962423
147 0.00399439362809062
148 0.003957103006541729
149 0.003852410241961479
150 0.004082029219716787
151 0.003919337410479784
152 0.003491814248263836
153 0.003975544590502977
154 0.003843355691060424
155 0.0034923083148896694
156 0.003951114136725664
157 0.003580262418836355
158 0.004198707174509764
159 0.0035581658594310284
160 0.003843908431008458
161 0.0038617393001914024
162 0.00427480973303318
163 0.003755646524950862
164 0.003866887418553233
165 0.003961812239140272
166 0.0038993535563349724
167 0.003983905538916588
168 0.004276863299310207
169 0.0038918203208595514
170 0.0036470319610089064
171 0.003713153535500169
172 0.0035869968123733997
173 0.003820602083578706
174 0.004008863121271133
175 0.003836719086393714
176 0.004035684745758772
177 0.003949381876736879
178 0.003565272083505988
179 0.0036322278901934624
180 0.0037421195302158594
181 0.004165227524936199
182 0.003787689609453082
183 0.0038401728961616755
184 0.004018549807369709
185 0.004211101680994034
186 0.003360115922987461
187 0.004058461636304855
188 0.003943788819015026
189 0.003798719961196184
190 0.003945020493119955
191 0.003733924124389887
192 0.0034745242446660995
193 0.0038445231039077044
194 0.004309447947889566
195 0.00445071654394269
196 0.004259406588971615
197 0.0036012851633131504
198 0.0037471249233931303
199 0.0037431789096444845
200 0.003871671389788389
201 0.003859773511067033
202 0.004084765911102295
203 0.003972647245973349
204 0.003803132101893425
205 0.0035776610020548105
206 0.003921189811080694
207 0.004152039531618357
208 0.004096635617315769
209 0.003890296909958124
210 0.003748893039301038
211 0.004186462610960007
212 0.003818689612671733
213 0.0035827334504574537
214 0.004078427795320749
215 0.004235382191836834
216 0.004107185173779726
217 0.004012605641037226
218 0.003709847806021571
219 0.0036488526966422796
220 0.003558067139238119
221 0.0041879829950630665
222 0.0036556923296302557
223 0.004239103756844997
224 0.003930925857275724
225 0.003760288003832102
226 0.004211181774735451
227 0.003922819159924984
228 0.00397810572758317
229 0.003901467192918062
230 0.0038748341612517834
231 0.004133056849241257
232 0.003707266179844737
233 0.003689947770908475
234 0.0037763153668493032
235 0.0037655625492334366
236 0.003884881967678666
237 0.003764081047847867
238 0.0038874412421137094
239 0.004201654810458422
240 0.0038954438641667366
241 0.0036738147027790546
242 0.003850320354104042
243 0.003810154041275382
244 0.003825586521998048
245 0.003937754314392805
246 0.004025115165859461
247 0.0040753912180662155
248 0.00375771289691329
249 0.004010266158729792
250 0.0036097869742661715
251 0.0036158571019768715
252 0.0038389768451452255
253 0.0036208706442266703
254 0.0037306901067495346
255 0.0036294402088969946
