0 0.0038464628159999847
1 0.0033828013110905886
2 0.003937127534300089
3 0.0038955560885369778
4 0.004154921043664217
5 0.003949596546590328
6 0.004155360162258148
7 0.0040545035153627396
8 0.003942090552300215
9 0.003675296902656555
10 0.004113570787012577
11 0.003864777274429798
12 0.003657979192212224
13 0.003778342856094241
14 0.00390671519562602
15 0.003905755700543523
16 0.004027851857244968
17 0.004023624584078789
18 0.00376312923617661
19 0.003926007077097893
20 0.004082641564309597
21 0.004037058912217617
22 0.003979517146945
23 0.003831562353298068
24 0.003958019893616438
25 0.004126592073589563
26 0.003758556442335248
27 0.004028601571917534
28 0.004064327105879784
29 0.003765289206057787
30 0.0042596617713570595
31 0.003909896593540907
32 0.00365751376375556
33 0.0034591006115078926
34 0.003697115695104003
35 0.004116613417863846
36 0.003964170813560486
37 0.0038859497290104628
38 0.004021958913654089
39 0.0040209232829511166
40 0.004034904297441244
41 0.0035374597646296024
42 0.003765492234379053
43 0.004047599155455828
44 0.003885661717504263
45 0.0039693936705589294
46 0.004193698521703482
47 0.004596023354679346
48 0.004193559754639864
49 0.0038246887270361185
50 0.004132055211812258
51 0.003544761333614588
52 0.00421121483668685
53 0.003729295451194048
54 0.004067797679454088
55 0.003888207720592618
56 0.004105555824935436
57 0.003935807850211859
58 0.0039187283255159855
59 0.0037624435499310493
60 0.003611409803852439
61 0.0041982317343354225
62 0.004169657360762358
63 0.0037512085400521755
64 0.004082927480340004
65 0.0037710960023105145
66 0.003843702143058181
67 0.003834701608866453
68 0.0036700644996017218
69 0.0038773715496063232
70 0.004244750831276178
71 0.003775996156036854
72 0.0037190248258411884
73 0.0037631948944181204
74 0.003996803890913725
75 0.004211546387523413
76 0.0039880708791315556
77 0.0038861483335494995
78 0.00406294409185648
79 0.0038856295868754387
80 0.003905261168256402
81 0.004131149034947157
82 0.0037473030388355255
83 0.003698148764669895
84 0.004244588781148195
85 0.003678226377815008
86 0.003842282574623823
87 0.0037889364175498486
88 0.003419613465666771
89 0.003820426994934678
90 0.003934467677026987
91 0.003947089426219463
92 0.003765301313251257
93 0.004085085354745388
94 0.0038750693202018738
95 0.003772700671106577
96 0.0038599043618887663
97 0.004231591708958149
98 0.003757239319384098
99 0.003941426519304514
100 0.003869244595989585
101 0.004165399819612503
102 0.0037153244484215975
103 0.00425772974267602
104 0.003691648365929723
105 0.004196610767394304
106 0.00390625512227416
107 0.004053816664963961
108 0.00413268618285656
109 0.004043423105031252
110 0.004157989285886288
111 0.003812114242464304
112 0.0038716746494174004
113 0.0041671255603432655
114 0.0040427884086966515
115 0.0038247895427048206
116 0.004026230424642563
117 0.004005058202892542
118 0.0036925517488271
119 0.0038661009166389704
120 0.003916916903108358
121 0.004045481793582439
122 0.004452583380043507
123 0.003965436946600676
124 0.004253918770700693
125 0.003951767459511757
126 0.004133576527237892
127 0.0038883467204868793
128 0.003792212810367346
129 0.003732180455699563
130 0.003634542692452669
131 0.0035714132245630026
132 0.0038243357557803392
133 0.003953071776777506
134 0.003879713825881481
135 0.003543767612427473
136 0.004340298939496279
137 0.003847197163850069
138 0.004046425223350525
139 0.0038910957518965006
140 0.0035087026190012693
141 0.003506912849843502
142 0.004043989814817905
143 0.003932623658329248
144 0.003597157308831811
145 0.003994746133685112
146 0.003926060162484646
147 0.004016326740384102
148 0.003814802737906575
149 0.0038542344700545073
150 0.0040431241504848
151 0.003918128088116646
152 0.0036145467311143875
153 0.003918997012078762
154 0.0037674575578421354
155 0.003531099995598197
156 0.003773922100663185
157 0.00378772453404963
158 0.00393568305298686
159 0.003716863226145506
160 0.003900582902133465
161 0.003622142132371664
162 0.004267554730176926
163 0.0036158193834125996
164 0.0037043860647827387
165 0.003971911501139402
166 0.0040632025338709354
167 0.004039055202156305
168 0.003941960167139769
169 0.0041991728357970715
170 0.003910968545824289
171 0.0039098430424928665
172 0.0037012442480772734
173 0.003644797718152404
174 0.003995460923761129
175 0.003794819349423051
176 0.004349567461758852
177 0.0038893467281013727
178 0.0036217947490513325
179 0.0037714517675340176
180 0.0037296961527317762
181 0.004273725673556328
182 0.003928925842046738
183 0.004205616656690836
184 0.0038855017628520727
185 0.003926675766706467
186 0.0037326964084059
187 0.003972881939262152
188 0.0040454743430018425
189 0.003916621208190918
190 0.0037970480043441057
191 0.003580855904147029
192 0.0038444329984486103
193 0.004073214251548052
194 0.004072678275406361
195 0.00418182322755456
196 0.00425900612026453
197 0.003644778858870268
198 0.003690573386847973
199 0.0037863650359213352
200 0.0037760059349238873
201 0.003976157866418362
202 0.003919440321624279
203 0.0038076562341302633
204 0.003940140828490257
205 0.0038295541889965534
206 0.003743077628314495
207 0.004110081121325493
208 0.003932951483875513
209 0.0039947438053786755
210 0.003909355495125055
211 0.004079500213265419
212 0.003633133601397276
213 0.0037757810205221176
214 0.004220009781420231
215 0.003982191905379295
216 0.003998404368758202
217 0.0037185887340456247
218 0.00373344449326396
219 0.003829558379948139
220 0.003903216915205121
221 0.0041266498155891895
222 0.003672489197924733
223 0.004054475575685501
224 0.003865115577355027
225 0.0036783048417419195
226 0.004082601983100176
227 0.00373624125495553
228 0.0038762895856052637
229 0.004019992426037788
230 0.004292543511837721
231 0.004140894394367933
232 0.003922771662473679
233 0.003578255418688059
234 0.0037936377339065075
235 0.003782362677156925
236 0.00401909276843071
237 0.0037875946145504713
238 0.0036302783992141485
239 0.004195244982838631
240 0.003988226410001516
241 0.003987881354987621
242 0.0038393838331103325
243 0.0036679066251963377
244 0.0038746236823499203
245 0.0036970919463783503
246 0.004189139232039452
247 0.004011993762105703
248 0.0039057540707290173
249 0.003840482095256448
250 0.0037979772314429283
251 0.003505806205794215
252 0.0037868469953536987
253 0.0037603117525577545
254 0.0038973139598965645
255 0.003630607156082988
