0 0.003992691170424223
1 0.003535407828167081
2 0.0038257655687630177
3 0.003919030074030161
4 0.0043078335002064705
5 0.0038751144893467426
6 0.004139626864343882
7 0.004137013573199511
8 0.003993598278611898
9 0.0033194951247423887
10 0.0044047655537724495
11 0.003907813224941492
12 0.0036047629546374083
13 0.003918609581887722
14 0.0038257248234003782
15 0.004156946670264006
16 0.003936643712222576
17 0.0038958899676799774
18 0.003441470442339778
19 0.003889540210366249
20 0.004024335648864508
21 0.004267521668225527
22 0.0037791586946696043
23 0.0038179117254912853
24 0.0037365674506872892
25 0.0040160855278372765
26 0.0039017300587147474
27 0.00392379704862833
28 0.004194085020571947
29 0.004027560353279114
30 0.004075987730175257
31 0.003689129836857319
32 0.0037359255366027355
33 0.0035288312938064337
34 0.0034897406585514545
35 0.004012756515294313
36 0.00407884968444705
37 0.0037311480846256018
38 0.004026100039482117
39 0.004122333601117134
40 0.003826891304925084
41 0.003465231042355299
42 0.003944186959415674
43 0.003848426742479205
44 0.004180455580353737
45 0.003932125400751829
46 0.004100899677723646
47 0.004204325377941132
48 0.004062612075358629
49 0.003867135150358081
50 0.004112051799893379
51 0.0035217434633523226
52 0.00400525750592351
53 0.003770591923967004
54 0.0040115476585924625
55 0.0038404124788939953
56 0.0039143250323832035
57 0.0037839380092918873
58 0.0038381863851100206
59 0.004142541438341141
60 0.00408729026094079
61 0.0039411443285644054
62 0.004299335181713104
63 0.003728710114955902
64 0.003978241700679064
65 0.0034955008886754513
66 0.003781493054702878
67 0.003968005068600178
68 0.003949664067476988
69 0.004128908272832632
70 0.004113763105124235
71 0.004225990269333124
72 0.004007918294519186
73 0.0036376984789967537
74 0.003807550761848688
75 0.00424009095877409
76 0.0037261678371578455
77 0.003870172193273902
78 0.003990920726209879
79 0.0035043221432715654
80 0.0037181980442255735
81 0.00397188775241375
82 0.003909301478415728
83 0.003879240481182933
84 0.004079476464539766
85 0.003472463460639119
86 0.00392387667670846
87 0.003786760615184903
88 0.0034046988002955914
89 0.003936668857932091
90 0.003822935279458761
91 0.0035017691552639008
92 0.003955407068133354
93 0.004285805393010378
94 0.0035694248508661985
95 0.0039477720856666565
96 0.00414686556905508
97 0.0042230128310620785
98 0.0035954471677541733
99 0.004128363449126482
100 0.004085272550582886
101 0.004081336781382561
102 0.0036316278856247663
103 0.004219216760247946
104 0.003872679779306054
105 0.004393719602376223
106 0.003981375601142645
107 0.004200483672320843
108 0.004368871916085482
109 0.0037553277797997
110 0.003903987817466259
111 0.003806743770837784
112 0.0037649814039468765
113 0.004264496732503176
114 0.004210068844258785
115 0.0037293860223144293
116 0.003871975699439645
117 0.003945802338421345
118 0.0037301236297935247
119 0.003973072394728661
120 0.003871965454891324
121 0.003886447288095951
122 0.004575291648507118
123 0.0038558882661163807
124 0.0040376316756010056
125 0.0038873322773724794
126 0.004417815245687962
127 0.004003338050097227
128 0.003449047915637493
129 0.004010279197245836
130 0.0035611982457339764
131 0.003739795181900263
132 0.003953184466809034
133 0.00391765870153904
134 0.003984550945460796
135 0.003388002049177885
136 0.004452571272850037
137 0.003820252139121294
138 0.00397302582859993
139 0.004071478266268969
140 0.0038309500087052584
141 0.0034247091971337795
142 0.0038898601196706295
143 0.0038281010929495096
144 0.00356180127710104
145 0.0040282439440488815
146 0.0038914852775633335
147 0.0037708799354732037
148 0.003818005556240678
149 0.0038649283815175295
150 0.003935700282454491
151 0.004193631932139397
152 0.0038479408249258995
153 0.003979075234383345
154 0.003989789169281721
155 0.003719512838870287
156 0.003918565344065428
157 0.003713917685672641
158 0.004054548218846321
159 0.0038877110928297043
160 0.003748493967577815
161 0.003775789635255933
162 0.004280288238078356
163 0.0037287885788828135
164 0.0038273984100669622
165 0.00404175603762269
166 0.0038694837130606174
167 0.003737218677997589
168 0.004125035833567381
169 0.004243438597768545
170 0.003902084892615676
171 0.003891308791935444
172 0.0035382744390517473
173 0.003981316927820444
174 0.003781265811994672
175 0.0040532927960157394
176 0.004326506983488798
177 0.0038849664852023125
178 0.003314058529213071
179 0.003888157196342945
180 0.0035966546274721622
181 0.004282928537577391
182 0.003973495680838823
183 0.003912538755685091
184 0.0038502889219671488
185 0.004313257522881031
186 0.0037394415121525526
187 0.0036783770192414522
188 0.0037864455953240395
189 0.0038896624464541674
190 0.0039264434017241
191 0.003712377278134227
192 0.0037764788139611483
193 0.004208471160382032
194 0.003917711786925793
195 0.0043862140737473965
196 0.004335520323365927
197 0.003790699876844883
198 0.004028037656098604
199 0.0036732926964759827
200 0.00381141877733171
201 0.003950735554099083
202 0.003902589902281761
203 0.0037935744039714336
204 0.0037185358814895153
205 0.0037785249296575785
206 0.0038072788156569004
207 0.0038042187225073576
208 0.0038755277637392282
209 0.004185130354017019
210 0.0036299393977969885
211 0.004111527930945158
212 0.0033001757692545652
213 0.00389047316275537
214 0.0042715840972959995
215 0.004147089086472988
216 0.0040823626331985
217 0.004030939657241106
218 0.003680644789710641
219 0.0036731953732669353
220 0.004152775276452303
221 0.004066279623657465
222 0.003700330387800932
223 0.004495481960475445
224 0.003768926952034235
225 0.0036259088665246964
226 0.0037830478977411985
227 0.0035994176287204027
228 0.003940660040825605
229 0.0041626193560659885
230 0.003768517170101404
231 0.004247201140969992
232 0.0035980790853500366
233 0.0036410794127732515
234 0.0036877025850117207
235 0.003703519469127059
236 0.0038520535454154015
237 0.0036294052843004465
238 0.003675424959510565
239 0.003962526563555002
240 0.004322439432144165
241 0.003954058978706598
242 0.003859040793031454
243 0.003775067161768675
244 0.003917612135410309
245 0.0034962589852511883
246 0.00412317831069231
247 0.004418789409101009
248 0.004087597597390413
249 0.003907114267349243
250 0.003899700939655304
251 0.0035469643771648407
252 0.004015148617327213
253 0.0035874564200639725
254 0.004008235409855843
255 0.003738579573109746
