0 0.00394210871309042
1 0.003455439116805792
2 0.0037700217217206955
3 0.004163075238466263
4 0.004089288413524628
5 0.003842421807348728
6 0.0040835789404809475
7 0.004075600299984217
8 0.0041685584001243114
9 0.0036689138505607843
10 0.0041923243552446365
11 0.003766947193071246
12 0.0035266713239252567
13 0.004022898152470589
14 0.0038872661534696817
15 0.0037796383257955313
16 0.003969719633460045
17 0.003912700340151787
18 0.003954864572733641
19 0.0039931549690663815
20 0.004031902179121971
21 0.0039987931959331036
22 0.003930933307856321
23 0.003885761136189103
24 0.0037510136608034372
25 0.004209795501083136
26 0.004029710777103901
27 0.0041693150997161865
28 0.004473624285310507
29 0.003926170989871025
30 0.004291332792490721
31 0.003816806711256504
32 0.0038385370280593634
33 0.003531838534399867
34 0.003624905599281192
35 0.003936263266950846
36 0.003957303706556559
37 0.0038796516600996256
38 0.0038965879939496517
39 0.004178044851869345
40 0.004193182103335857
41 0.0034395104739814997
42 0.003976536449044943
43 0.004028757102787495
44 0.0039058509282767773
45 0.003787233727052808
46 0.0041671996004879475
47 0.004199158865958452
48 0.004065809305757284
49 0.0036646821536123753
50 0.00406528078019619
51 0.003762664971873164
52 0.0038922284729778767
53 0.003781767562031746
54 0.0038039712235331535
55 0.004130855202674866
56 0.00387335242703557
57 0.003649235935881734
58 0.0037415737751871347
59 0.00395716680213809
60 0.003658602014183998
61 0.003670867532491684
62 0.004048434551805258
63 0.003541692392900586
64 0.0038736904971301556
65 0.003740405198186636
66 0.004037810489535332
67 0.003758886596187949
68 0.003833870170637965
69 0.004023873712867498
70 0.0042952885851264
71 0.003746761940419674
72 0.0037654193583875895
73 0.0038654119707643986
74 0.004095572046935558
75 0.004302848596125841
76 0.0041238293051719666
77 0.0037007899954915047
78 0.0037660165689885616
79 0.004045939538627863
80 0.0038861786015331745
81 0.0042565627954900265
82 0.004004719667136669
83 0.0034638228826224804
84 0.004234056919813156
85 0.003854299895465374
86 0.003834356553852558
87 0.004040536005049944
88 0.0036043489817529917
89 0.0035511197056621313
90 0.00389679754152894
91 0.003764714812859893
92 0.004033348988741636
93 0.004210122395306826
94 0.0037038957234472036
95 0.0037281273398548365
96 0.0038902785163372755
97 0.004209155682474375
98 0.0038033497985452414
99 0.004098068457096815
100 0.003836324904114008
101 0.004070569295436144
102 0.0037777998950332403
103 0.0039644441567361355
104 0.003923649434000254
105 0.004116221331059933
106 0.0038830714765936136
107 0.004436954855918884
108 0.004281190223991871
109 0.0038322319742292166
110 0.003922318108379841
111 0.0039762775413692
112 0.0037060840986669064
113 0.004528182093054056
114 0.00419195368885994
115 0.0037383169401437044
116 0.003856952302157879
117 0.003956532571464777
118 0.003582932287827134
119 0.004044796340167522
120 0.003905578749254346
121 0.003968944773077965
122 0.004302312154322863
123 0.0038298272993415594
124 0.003912603948265314
125 0.004088818095624447
126 0.003997898660600185
127 0.003824465675279498
128 0.003547776723280549
129 0.003632000647485256
130 0.003528829198330641
131 0.0035879709757864475
132 0.004029732663184404
133 0.004297490697354078
134 0.003922995645552874
135 0.003719229716807604
136 0.004511172883212566
137 0.0036962414160370827
138 0.004031916614621878
139 0.00410790741443634
140 0.003609476378187537
141 0.0036341671366244555
142 0.003770088544115424
143 0.0037650445010513067
144 0.0036289438139647245
145 0.004210496786981821
146 0.0038883567322045565
147 0.004010249860584736
148 0.0036052740179002285
149 0.003710150718688965
150 0.0041055828332901
151 0.004087814129889011
152 0.003488516667857766
153 0.0039023873396217823
154 0.0039943610318005085
155 0.0033624954521656036
156 0.0036325196269899607
157 0.0037904807832092047
158 0.003867969149723649
159 0.0037648368161171675
160 0.003787965513765812
161 0.0037135491147637367
162 0.004452547989785671
163 0.0036793272010982037
164 0.0037847484927624464
165 0.003991247154772282
166 0.004050671588629484
167 0.004072939977049828
168 0.004050604999065399
169 0.0039456551894545555
170 0.003601184580475092
171 0.003891801694408059
172 0.003654031315818429
173 0.0036311219446361065
174 0.004216198809444904
175 0.003870090702548623
176 0.00420029042288661
177 0.003900673473253846
178 0.0035455503966659307
179 0.0037146382965147495
180 0.003948373254388571
181 0.004336458630859852
182 0.003831674810498953
183 0.0038568133022636175
184 0.003900600364431739
185 0.00396413030102849
186 0.003675183979794383
187 0.0038696154952049255
188 0.00393565371632576
189 0.003900457639247179
190 0.0038865050300955772
191 0.0038437778130173683
192 0.003971275873482227
193 0.003963816910982132
194 0.0041872663423419
195 0.004183751530945301
196 0.003969487268477678
197 0.0036830974277108908
198 0.003958248533308506
199 0.004028714261949062
200 0.003746313974261284
201 0.0037165519315749407
202 0.0038986210711300373
203 0.003756545018404722
204 0.0037552646826952696
205 0.003760996740311384
206 0.0035861260257661343
207 0.0038146681617945433
208 0.004047057591378689
209 0.004096328280866146
210 0.0036678859032690525
211 0.003933865111321211
212 0.0038413871079683304
213 0.003809345653280616
214 0.003909529652446508
215 0.003874382469803095
216 0.003965047653764486
217 0.004151526372879744
218 0.003974597901105881
219 0.003821159712970257
220 0.0038112725596874952
221 0.004079796839505434
222 0.0036334129981696606
223 0.004107319749891758
224 0.003885263577103615
225 0.003941545728594065
226 0.00404554745182395
227 0.003926031291484833
228 0.004237911198288202
229 0.004097437020391226
230 0.0038924217224121094
231 0.00420131953433156
232 0.003836173564195633
233 0.0037988265976309776
234 0.0036271424032747746
235 0.00387975899502635
236 0.004131709691137075
237 0.0036699671763926744
238 0.003665443044155836
239 0.004324524663388729
240 0.004025984555482864
241 0.0042408425360918045
242 0.003940738271921873
243 0.003647601930424571
244 0.003904577111825347
245 0.003633094485849142
246 0.004220685455948114
247 0.004276083316653967
248 0.0037418908905237913
249 0.003756796009838581
250 0.0036443716380745173
251 0.00348664540797472
252 0.0038709701038897038
253 0.003699839347973466
254 0.0039009081665426493
255 0.003866087645292282
