0 0.003958056680858135
1 0.003258391981944442
2 0.0036868727765977383
3 0.0037662223912775517
4 0.004386269021779299
5 0.003917909227311611
6 0.004209177102893591
7 0.004183954559266567
8 0.004057734273374081
9 0.0035738477017730474
10 0.0041320729069411755
11 0.003899872535839677
12 0.003699166001752019
13 0.003939416259527206
14 0.00394210172817111
15 0.003953957464545965
16 0.003994962200522423
17 0.0040559046901762486
18 0.003985315561294556
19 0.003869282314553857
20 0.004154909867793322
21 0.0042653800919651985
22 0.003963569179177284
23 0.0037623110692948103
24 0.003841366386041045
25 0.0038074390031397343
26 0.004002491477876902
27 0.004271133337169886
28 0.004184573423117399
29 0.0037420839071273804
30 0.004001115448772907
31 0.0037813561502844095
32 0.003484851447865367
33 0.0034790148492902517
34 0.003671473590657115
35 0.003950371406972408
36 0.004025232046842575
37 0.003841796889901161
38 0.004088073503226042
39 0.004282958339899778
40 0.004022116307169199
41 0.0033981550950556993
42 0.0037650701124221087
43 0.0040412829257547855
44 0.00384324649348855
45 0.003949826583266258
46 0.004365041386336088
47 0.004148153588175774
48 0.004375716205686331
49 0.0038028389681130648
50 0.004386459942907095
51 0.0037196623161435127
52 0.004174593836069107
53 0.0037305483128875494
54 0.0038002438377588987
55 0.0039526293985545635
56 0.003968222066760063
57 0.0035975242499262094
58 0.003789125941693783
59 0.00385199673473835
60 0.003949086647480726
61 0.0039098234847188
62 0.004443574696779251
63 0.003733246587216854
64 0.004140542354434729
65 0.0035678260028362274
66 0.0037104212678968906
67 0.004065276589244604
68 0.003980725537985563
69 0.0040541402995586395
70 0.00413820706307888
71 0.004201322328299284
72 0.00385839119553566
73 0.003874114714562893
74 0.0038553564809262753
75 0.00415688194334507
76 0.00374511256814003
77 0.004102786537259817
78 0.004129217006266117
79 0.003487328300252557
80 0.0038798043970018625
81 0.004229137673974037
82 0.003912090789526701
83 0.003618761198595166
84 0.003961008973419666
85 0.003641444956883788
86 0.0038038482889533043
87 0.0039540864527225494
88 0.0035754854325205088
89 0.004026607610285282
90 0.0040715476498007774
91 0.004032377153635025
92 0.003943807911127806
93 0.004241289105266333
94 0.003812090028077364
95 0.0037528376560658216
96 0.0038118823431432247
97 0.003947971388697624
98 0.0038167298771440983
99 0.004086527042090893
100 0.003996904008090496
101 0.0038185114972293377
102 0.0037004088517278433
103 0.004045191686600447
104 0.0036338598001748323
105 0.0045090727508068085
106 0.003917152993381023
107 0.004502755124121904
108 0.004170951899141073
109 0.003867011284455657
110 0.003780021332204342
111 0.0038984022103250027
112 0.003572966670617461
113 0.004281786736100912
114 0.00395035557448864
115 0.003834799863398075
116 0.0038101288955658674
117 0.003908518236130476
118 0.0036469902843236923
119 0.003947994206100702
120 0.003693949431180954
121 0.004287993535399437
122 0.004363945685327053
123 0.003970265854150057
124 0.004152311477810144
125 0.0037411449011415243
126 0.0042007905431091785
127 0.003670887788757682
128 0.0037102100905030966
129 0.0034624775871634483
130 0.003730890341103077
131 0.0037503328640013933
132 0.003886659163981676
133 0.004342901054769754
134 0.003923286218196154
135 0.003455023979768157
136 0.004161040298640728
137 0.0036693273577839136
138 0.004015748854726553
139 0.003999574575573206
140 0.0037471530959010124
141 0.0035982648842036724
142 0.0037562157958745956
143 0.003900962183251977
144 0.003487685928121209
145 0.0042104595340788364
146 0.003983601927757263
147 0.0040154894813895226
148 0.003997093997895718
149 0.0037109332624822855
150 0.004022750537842512
151 0.004221430514007807
152 0.0035128642339259386
153 0.003838134231045842
154 0.0038813315331935883
155 0.0037839787546545267
156 0.003743911860510707
157 0.003497036639600992
158 0.003928040619939566
159 0.004033316858112812
160 0.003816152922809124
161 0.0036184717901051044
162 0.0041524930857121944
163 0.0036452345084398985
164 0.0037777170073240995
165 0.0037080845795571804
166 0.003935004118829966
167 0.0038166420999914408
168 0.004334563855081797
169 0.004118944052606821
170 0.003889472456648946
171 0.003863327670842409
172 0.0036244697403162718
173 0.0036471716593950987
174 0.004046233836561441
175 0.0037304344587028027
176 0.004075407050549984
177 0.0038417542818933725
178 0.0036446491722017527
179 0.003574754111468792
180 0.0037990545388311148
181 0.004715207032859325
182 0.004008589778095484
183 0.0039182547479867935
184 0.0038992734625935555
185 0.004469368141144514
186 0.003549540415406227
187 0.0039793578907847404
188 0.0038807543460279703
189 0.0040476322174072266
190 0.004054912365972996
191 0.003575735492631793
192 0.00391719676554203
193 0.00432840408757329
194 0.0041081830859184265
195 0.0041292523965239525
196 0.004184755031019449
197 0.0036990665830671787
198 0.0035926084965467453
199 0.003810812719166279
200 0.003957930952310562
201 0.003659700509160757
202 0.0039604296907782555
203 0.003697536885738373
204 0.0038065947592258453
205 0.00392030319198966
206 0.003720295848324895
207 0.0040591079741716385
208 0.0039794608019292355
209 0.004140161443501711
210 0.003544621402397752
211 0.00428089639171958
212 0.00352781405672431
213 0.004028794821351767
214 0.004252975340932608
215 0.003899914678186178
216 0.003940465860068798
217 0.004060591105371714
218 0.004099431447684765
219 0.0035480502992868423
220 0.0036488857585936785
221 0.004170662257820368
222 0.003796291770413518
223 0.0041623772121965885
224 0.003832997055724263
225 0.0039430647157132626
226 0.003936958499252796
227 0.003612792119383812
228 0.003962554037570953
229 0.004308836534619331
230 0.0037994105368852615
231 0.004073643125593662
232 0.0036989974323660135
233 0.003742092987522483
234 0.0037277976516634226
235 0.0036670034751296043
236 0.0038636222016066313
237 0.003761897562071681
238 0.003592803841456771
239 0.00422092666849494
240 0.004092312417924404
241 0.0037424899637699127
242 0.0038628713227808475
243 0.0037447139620780945
244 0.003732310375198722
245 0.003451328258961439
246 0.0042882454581558704
247 0.004119107499718666
248 0.0037845103070139885
249 0.0037383749149739742
250 0.0036459641996771097
251 0.0035302110482007265
252 0.004142539110034704
253 0.0037261636462062597
254 0.0038695838302373886
255 0.003561228746548295
