0 0.003993349615484476
1 0.0034156038891524076
2 0.003628115402534604
3 0.003876004135236144
4 0.004185026045888662
5 0.003912296611815691
6 0.004271433688700199
7 0.003767637303099036
8 0.003974731080234051
9 0.0037460254970937967
10 0.004233161453157663
11 0.00373587803915143
12 0.003931928426027298
13 0.0037482655607163906
14 0.0037592865992337465
15 0.0037653320468962193
16 0.004267161246389151
17 0.0038999891839921474
18 0.003818415105342865
19 0.003906513098627329
20 0.004166556056588888
21 0.00404142402112484
22 0.00410464545711875
23 0.0036249372642487288
24 0.004058060236275196
25 0.004094698466360569
26 0.004083423409610987
27 0.0038334184791892767
28 0.004211536608636379
29 0.003956591244786978
30 0.004145433194935322
31 0.003977603279054165
32 0.003609838429838419
33 0.0035919465590268373
34 0.0037604738026857376
35 0.003945268224924803
36 0.0040436238050460815
37 0.004026341717690229
38 0.003744199639186263
39 0.00414983881637454
40 0.004103098530322313
41 0.003426404669880867
42 0.0039037286769598722
43 0.0038679679855704308
44 0.0039608776569366455
45 0.0038039402570575476
46 0.0043597035109996796
47 0.00415487214922905
48 0.003806989872828126
49 0.003906979225575924
50 0.004301283974200487
51 0.0036828359588980675
52 0.003980961162596941
53 0.004101507365703583
54 0.0038762004114687443
55 0.004058880265802145
56 0.004085703752934933
57 0.003819130128249526
58 0.003923699725419283
59 0.003893220564350486
60 0.003906658384948969
61 0.003948884550482035
62 0.0041186995804309845
63 0.0037330626510083675
64 0.00390837574377656
65 0.003805357264354825
66 0.003816553158685565
67 0.00397325586527586
68 0.003877759911119938
69 0.003971693105995655
70 0.004055092576891184
71 0.004002006724476814
72 0.003797078039497137
73 0.003695010906085372
74 0.00377438822761178
75 0.004397309850901365
76 0.004293875768780708
77 0.0037467903457581997
78 0.004006436560302973
79 0.0036846217699348927
80 0.0036529244389384985
81 0.003915523644536734
82 0.003985777497291565
83 0.003661838825792074
84 0.003970205783843994
85 0.0038928042631596327
86 0.0037226718850433826
87 0.0037228097207844257
88 0.0036358607467263937
89 0.0037209466099739075
90 0.0039602359756827354
91 0.004082527477294207
92 0.004031048156321049
93 0.004141137935221195
94 0.003893608693033457
95 0.003824582789093256
96 0.003787253051996231
97 0.004222646355628967
98 0.003928142134100199
99 0.00409221276640892
100 0.0037086245138198137
101 0.004073021467775106
102 0.003819406498223543
103 0.004052870906889439
104 0.0036244357470422983
105 0.004220703151077032
106 0.004021710250526667
107 0.0043848720379173756
108 0.004156296141445637
109 0.003768672700971365
110 0.003992596175521612
111 0.0038483813405036926
112 0.003719074185937643
113 0.004092905204743147
114 0.004114631097763777
115 0.003696318482980132
116 0.0040008812211453915
117 0.00388807593844831
118 0.003317736554890871
119 0.003909327555447817
120 0.004050164483487606
121 0.0040368689224123955
122 0.004355116747319698
123 0.003957779612392187
124 0.0039035524241626263
125 0.003940134774893522
126 0.003919621929526329
127 0.003872227156534791
128 0.003720607841387391
129 0.003767076414078474
130 0.003741716966032982
131 0.003707048250362277
132 0.0037574360612779856
133 0.004326552152633667
134 0.0038036019541323185
135 0.0035920296795666218
136 0.004343868233263493
137 0.0037896267604082823
138 0.0040666512213647366
139 0.004057507496327162
140 0.0035535101778805256
141 0.0035848382394760847
142 0.0038518270011991262
143 0.0037807158660143614
144 0.003430281998589635
145 0.004047936759889126
146 0.0037462888285517693
147 0.003864849451929331
148 0.003928143065422773
149 0.003799084108322859
150 0.004049305338412523
151 0.004193722270429134
152 0.0037560362834483385
153 0.003794953925535083
154 0.003997957333922386
155 0.003617782611399889
156 0.003599982475861907
157 0.003677156986668706
158 0.0040145195089280605
159 0.003685042494907975
160 0.0036182249896228313
161 0.0037639799993485212
162 0.004262793809175491
163 0.00358853698708117
164 0.003607389749959111
165 0.0037957183085381985
166 0.004129840061068535
167 0.004030050244182348
168 0.004121861886233091
169 0.004218589048832655
170 0.0037850451190024614
171 0.0039403424598276615
172 0.0036804957780987024
173 0.003609893610700965
174 0.0041285608895123005
175 0.003948541358113289
176 0.004366115666925907
177 0.003668725024908781
178 0.0036280208732932806
179 0.003728467272594571
180 0.003955195192247629
181 0.004165047779679298
182 0.0039808559231460094
183 0.0037081921473145485
184 0.00394953740760684
185 0.0041806953959167
186 0.0035564566496759653
187 0.0038874149322509766
188 0.0037117169704288244
189 0.0038535704370588064
190 0.003815455362200737
191 0.003813650459051132
192 0.004011433105915785
193 0.00400521932169795
194 0.004166672006249428
195 0.004354931879788637
196 0.004392067436128855
197 0.0037816879339516163
198 0.0038586913142353296
199 0.0039899046532809734
200 0.0037547904066741467
201 0.003859836608171463
202 0.0039051843341439962
203 0.00360483699478209
204 0.0036475611850619316
205 0.0035677992273122072
206 0.003645699005573988
207 0.003912227228283882
208 0.003999265842139721
209 0.004142504185438156
210 0.0037775051314383745
211 0.004128884989768267
212 0.003541471203789115
213 0.004098470788449049
214 0.0039059545379132032
215 0.0038693174719810486
216 0.004131903871893883
217 0.004060077480971813
218 0.003950502723455429
219 0.0037924267817288637
220 0.004037979990243912
221 0.0038601236883550882
222 0.0036874928046017885
223 0.004231004044413567
224 0.0037207684945315123
225 0.003879711264744401
226 0.004098752047866583
227 0.0037264255806803703
228 0.004165598191320896
229 0.004049372859299183
230 0.0038813587743788958
231 0.004045829642564058
232 0.0039545688778162
233 0.003855148795992136
234 0.003771853167563677
235 0.003867301158607006
236 0.004228312522172928
237 0.003952112980186939
238 0.003967975731939077
239 0.0040895757265388966
240 0.004056261386722326
241 0.004092376213520765
242 0.0036415071226656437
243 0.003712515812367201
244 0.004119071178138256
245 0.003896354930475354
246 0.004118076525628567
247 0.003985333256423473
248 0.00385189987719059
249 0.0036443769931793213
250 0.003513372503221035
251 0.003465625923126936
252 0.003945169970393181
253 0.003684460185468197
254 0.00401736656203866
255 0.003653763560578227
