0 0.0040511745028197765
1 0.003441047389060259
2 0.003857704345136881
3 0.004063044674694538
4 0.004178423900157213
5 0.003760392079129815
6 0.003971009515225887
7 0.003797701792791486
8 0.004140843171626329
9 0.0035796104930341244
10 0.004438110161572695
11 0.003818819997832179
12 0.0035855406895279884
13 0.0038024254608899355
14 0.003714720718562603
15 0.004079659003764391
16 0.004056645091623068
17 0.0038426220417022705
18 0.0037328419275581837
19 0.004132488276809454
20 0.004117933567613363
21 0.004204597789794207
22 0.003767334623262286
23 0.003734774189069867
24 0.0038773026317358017
25 0.004221992567181587
26 0.003976359032094479
27 0.0040161688812077045
28 0.004338546190410852
29 0.003814763855189085
30 0.004358493257313967
31 0.003911332692950964
32 0.003465975634753704
33 0.0035169159527868032
34 0.003560573561117053
35 0.003969254903495312
36 0.004204989410936832
37 0.0035739869344979525
38 0.003961170092225075
39 0.004420158918946981
40 0.0038385745137929916
41 0.0036209672689437866
42 0.003910962026566267
43 0.0035525914281606674
44 0.004044786561280489
45 0.004049239214509726
46 0.004212036728858948
47 0.004123946651816368
48 0.003854145063087344
49 0.0035876708570867777
50 0.004071264062076807
51 0.003426245879381895
52 0.004004802089184523
53 0.0036782503593713045
54 0.0036918618716299534
55 0.00411338172852993
56 0.0037883282639086246
57 0.0034913953859359026
58 0.003638129448518157
59 0.003914993721991777
60 0.00394420325756073
61 0.0040005045011639595
62 0.004560905508697033
63 0.003645310876891017
64 0.003994584549218416
65 0.003727048635482788
66 0.00380677729845047
67 0.004135554190725088
68 0.003784694243222475
69 0.004039085935801268
70 0.0043107313103973866
71 0.0038726478815078735
72 0.003995977342128754
73 0.0035864925011992455
74 0.0037430617958307266
75 0.004320900421589613
76 0.0040370202623307705
77 0.0039722006767988205
78 0.003913110587745905
79 0.003603082150220871
80 0.003670265432447195
81 0.004259221721440554
82 0.0040116338059306145
83 0.0038700993172824383
84 0.004083967301994562
85 0.003765278961509466
86 0.0036194303538650274
87 0.003973204642534256
88 0.0038328079972416162
89 0.003486320376396179
90 0.0043854787945747375
91 0.0035923970863223076
92 0.003983138594776392
93 0.004211190156638622
94 0.0035347745288163424
95 0.004094347357749939
96 0.003977542277425528
97 0.0043099671602249146
98 0.004067964851856232
99 0.004160846117883921
100 0.0038071332965046167
101 0.004203615710139275
102 0.0038179794792085886
103 0.0040201772935688496
104 0.003576850751414895
105 0.004298551473766565
106 0.004063102882355452
107 0.004418820608407259
108 0.004255764186382294
109 0.0038670124486088753
110 0.0038106394931674004
111 0.0038029758725315332
112 0.0036622469779103994
113 0.0043977960012853146
114 0.0039517865516245365
115 0.003835217095911503
116 0.004146682098507881
117 0.0039165932685136795
118 0.003603107063099742
119 0.004044663161039352
120 0.003869316540658474
121 0.004002466332167387
122 0.00432515237480402
123 0.0036002779379487038
124 0.004111801739782095
125 0.003990155179053545
126 0.0044729821383953094
127 0.003935973159968853
128 0.003622399875894189
129 0.003797978861257434
130 0.0036700363270938396
131 0.003808787325397134
132 0.003990054130554199
133 0.0041998461820185184
134 0.003930945880711079
135 0.003247886663302779
136 0.004229022189974785
137 0.003837047377601266
138 0.0040993886068463326
139 0.00394667312502861
140 0.0036361878737807274
141 0.0035839176271110773
142 0.0036583736073225737
143 0.0038376557640731335
144 0.00356159545481205
145 0.004065551329404116
146 0.004033292643725872
147 0.0040555973537266254
148 0.0039087631739676
149 0.0038780549075454473
150 0.004093357361853123
151 0.004238710273057222
152 0.003823875915259123
153 0.003917571157217026
154 0.004048383794724941
155 0.0035736868157982826
156 0.003712653648108244
157 0.003611078020185232
158 0.0037546390667557716
159 0.0037228455767035484
160 0.0035594950895756483
161 0.0035591903142631054
162 0.004299036227166653
163 0.0036192203406244516
164 0.0037457311991602182
165 0.0038923046085983515
166 0.004018515348434448
167 0.003951055929064751
168 0.004020552150905132
169 0.0038123123813420534
170 0.0037495060823857784
171 0.003932677675038576
172 0.0036151257809251547
173 0.003794330870732665
174 0.003996661398559809
175 0.004142728168517351
176 0.004139705561101437
177 0.0035395643208175898
178 0.0037175833713263273
179 0.0035679438151419163
180 0.003698030486702919
181 0.004097292199730873
182 0.004145349375903606
183 0.0036149558145552874
184 0.003807032248005271
185 0.0044480892829597
186 0.0035263230092823505
187 0.003735358128324151
188 0.003931226208806038
189 0.003913253080099821
190 0.004091257695108652
191 0.0038626252207905054
192 0.003976449836045504
193 0.004148518200963736
194 0.004226246383041143
195 0.00415072962641716
196 0.004335325676947832
197 0.0038233452942222357
198 0.0039983452297747135
199 0.003785373643040657
200 0.0036727464757859707
201 0.0038422024808824062
202 0.003985072951763868
203 0.003665949683636427
204 0.0036116810515522957
205 0.0034930803813040257
206 0.0038523708935827017
207 0.003922790288925171
208 0.004170009400695562
209 0.004006467759609222
210 0.003569405758753419
211 0.004282084293663502
212 0.0036801202222704887
213 0.003975115716457367
214 0.004117656499147415
215 0.004102177452296019
216 0.004017035011202097
217 0.004203880205750465
218 0.00381784257479012
219 0.003747370559722185
220 0.003850636538118124
221 0.004021686036139727
222 0.0034053672570735216
223 0.0041047572158277035
224 0.003868192434310913
225 0.0037736629601567984
226 0.0039680167101323605
227 0.0037976063322275877
228 0.0042220172472298145
229 0.004545333329588175
230 0.0035904247779399157
231 0.0043463315814733505
232 0.003808148903772235
233 0.0037810688372701406
234 0.0037358871195465326
235 0.003931707236915827
236 0.004040520638227463
237 0.003752615535631776
238 0.0037004873156547546
239 0.004086844623088837
240 0.004123204853385687
241 0.003998836036771536
242 0.004002924542874098
243 0.0036062602885067463
244 0.0037825433537364006
245 0.00382111594080925
246 0.004364060238003731
247 0.00409458065405488
248 0.0037965080700814724
249 0.003886893857270479
250 0.0034840162843465805
251 0.003650537459179759
252 0.003849843516945839
253 0.003685995005071163
254 0.0036215970758348703
255 0.0037168916314840317
