0 0.00383738917298615
1 0.003432490397244692
2 0.0038824211806058884
3 0.0040748328901827335
4 0.004243828356266022
5 0.0038154141511768103
6 0.004285859409719706
7 0.004122304730117321
8 0.004026911221444607
9 0.003723395522683859
10 0.0041505140252411366
11 0.0038799650501459837
12 0.0037053341511636972
13 0.004002696368843317
14 0.0036892355419695377
15 0.003833749098703265
16 0.004156250040978193
17 0.003850604174658656
18 0.003706167219206691
19 0.003692842787131667
20 0.004044459667056799
21 0.004231041297316551
22 0.0037609559949487448
23 0.003807934932410717
24 0.003559295553714037
25 0.004023761488497257
26 0.003926064819097519
27 0.003970415331423283
28 0.004241353832185268
29 0.004070633091032505
30 0.00417929794639349
31 0.003900331910699606
32 0.0035979608073830605
33 0.0036631105467677116
34 0.0034994957968592644
35 0.0038143228739500046
36 0.003922981675714254
37 0.00405464880168438
38 0.003840371733531356
39 0.004215105436742306
40 0.003823869628831744
41 0.00348455086350441
42 0.003990650177001953
43 0.003873090259730816
44 0.004063084721565247
45 0.003969875164330006
46 0.004165575373917818
47 0.0041909231804311275
48 0.004212937783449888
49 0.0037180704530328512
50 0.004060591105371714
51 0.0036463127471506596
52 0.0039922394789755344
53 0.0037693677004426718
54 0.0040882658213377
55 0.004066857974976301
56 0.004005902446806431
57 0.003697330132126808
58 0.003749656258150935
59 0.004028188996016979
60 0.003989533521234989
61 0.003957308363169432
62 0.004210990387946367
63 0.00356891262345016
64 0.0040484401397407055
65 0.0036411399487406015
66 0.003936955239623785
67 0.003799707628786564
68 0.0038232470396906137
69 0.004043192602694035
70 0.004383975174278021
71 0.004163471981883049
72 0.004053717944771051
73 0.00361446151509881
74 0.003975775558501482
75 0.004097397439181805
76 0.0038937816862016916
77 0.0038855241145938635
78 0.003917185124009848
79 0.0037360291462391615
80 0.00364387733861804
81 0.003963033203035593
82 0.003830685280263424
83 0.003756724763661623
84 0.0038748024962842464
85 0.0036332004237920046
86 0.003958635963499546
87 0.0038543506525456905
88 0.0035263148602098227
89 0.0036894504446536303
90 0.00390567141585052
91 0.0037809591740369797
92 0.0038818104658275843
93 0.004403754603117704
94 0.003664728719741106
95 0.0038718837313354015
96 0.00402064947411418
97 0.004223852884024382
98 0.0037699376698583364
99 0.0040103900246322155
100 0.004163261968642473
101 0.003983155824244022
102 0.003823090111836791
103 0.004166894126683474
104 0.0037015359848737717
105 0.004149212501943111
106 0.004195127170532942
107 0.004406146705150604
108 0.004175931680947542
109 0.003911251202225685
110 0.004139929544180632
111 0.003914358094334602
112 0.003666698932647705
113 0.004259590059518814
114 0.0038939020596444607
115 0.003871769877150655
116 0.003873692359775305
117 0.004067813511937857
118 0.0035846871323883533
119 0.0038520621601492167
120 0.0038357942830771208
121 0.0038773082196712494
122 0.004637423437088728
123 0.0038566270377486944
124 0.004157422110438347
125 0.0038851038552820683
126 0.004075942561030388
127 0.003852550871670246
128 0.0037440878804773092
129 0.003580646589398384
130 0.0034529194235801697
131 0.003636312671005726
132 0.0038145945873111486
133 0.003847980173304677
134 0.0038211089558899403
135 0.003517841687425971
136 0.004581593442708254
137 0.003921849187463522
138 0.003906792961061001
139 0.004253671038895845
140 0.0037645429838448763
141 0.0035178796388208866
142 0.003906951751559973
143 0.0038736783899366856
144 0.003642930882051587
145 0.004232829436659813
146 0.0038720739539712667
147 0.003930124454200268
148 0.0038564098067581654
149 0.003909700084477663
150 0.0041452753357589245
151 0.004179059527814388
152 0.003511975519359112
153 0.0038937393110245466
154 0.00380091299302876
155 0.0037677399814128876
156 0.003777323989197612
157 0.003486468456685543
158 0.004090806469321251
159 0.003748424584046006
160 0.0038386185187846422
161 0.00356510397978127
162 0.004331383388489485
163 0.003591505577787757
164 0.003718584543094039
165 0.004064582288265228
166 0.003952931612730026
167 0.0038259311113506556
168 0.003907847683876753
169 0.004288013558834791
170 0.0038672401569783688
171 0.003980529494583607
172 0.0037134457379579544
173 0.0038804151117801666
174 0.004125170409679413
175 0.003927322570234537
176 0.004174217116087675
177 0.0038869299460202456
178 0.003648584010079503
179 0.00388915603980422
180 0.003586900420486927
181 0.004279574379324913
182 0.003999663982540369
183 0.0038101118989288807
184 0.0038706446066498756
185 0.004124096129089594
186 0.003722740337252617
187 0.0036942597944289446
188 0.003689313307404518
189 0.003852466819807887
190 0.0039056052919477224
191 0.003852172987535596
192 0.003733314573764801
193 0.0038713100366294384
194 0.0038823671638965607
195 0.00436760438606143
196 0.004192799795418978
197 0.0038541159592568874
198 0.0037972789723426104
199 0.003935754299163818
200 0.003846627427265048
201 0.003909741993993521
202 0.003915074281394482
203 0.003943666350096464
204 0.0038324303459376097
205 0.004086230881512165
206 0.0038748865481466055
207 0.003919885028153658
208 0.004057359416037798
209 0.003987818956375122
210 0.0035956331994384527
211 0.0039718253538012505
212 0.0035553816705942154
213 0.0038315574638545513
214 0.0041396901942789555
215 0.0038821569178253412
216 0.003952168859541416
217 0.003994615748524666
218 0.0036692346911877394
219 0.0038810858968645334
220 0.004121230449527502
221 0.003972325939685106
222 0.003616584464907646
223 0.004008028656244278
224 0.0039377156645059586
225 0.003706153715029359
226 0.004047241993248463
227 0.0037949623074382544
228 0.003843686543405056
229 0.004252433776855469
230 0.003979889675974846
231 0.004265113268047571
232 0.0037238551303744316
233 0.003679983550682664
234 0.003840025281533599
235 0.0036552795208990574
236 0.0038483762182295322
237 0.003683797549456358
238 0.0037992452271282673
239 0.00415894715115428
240 0.004164052661508322
241 0.003980536479502916
242 0.003918121103197336
243 0.0037386841140687466
244 0.003773688105866313
245 0.0036570827942341566
246 0.004226307850331068
247 0.0042976089753210545
248 0.003956201486289501
249 0.0037687639705836773
250 0.0037371928337961435
251 0.0035669906064867973
252 0.0038311146199703217
253 0.003769863164052367
254 0.003898801514878869
255 0.0037282747216522694
