0 0.003973779734224081
1 0.0034953379072248936
2 0.003907081671059132
3 0.00411192188039422
4 0.004295662976801395
5 0.003953879699110985
6 0.00413756538182497
7 0.00431812135502696
8 0.004041415639221668
9 0.003696887753903866
10 0.004123974591493607
11 0.004116254858672619
12 0.0037705483846366405
13 0.0037509030662477016
14 0.0038009982090443373
15 0.003731603268533945
16 0.0038624245207756758
17 0.0037306102458387613
18 0.003699557390064001
19 0.0037881629541516304
20 0.0042120711877942085
21 0.004176509566605091
22 0.00403851643204689
23 0.0036632209084928036
24 0.003974010702222586
25 0.004058487247675657
26 0.004034312907606363
27 0.003924582153558731
28 0.003991971258074045
29 0.003806387074291706
30 0.004226375836879015
31 0.0038830952253192663
32 0.003809151938185096
33 0.003710910677909851
34 0.003675418673083186
35 0.004059478174895048
36 0.0038524246774613857
37 0.003912003245204687
38 0.0038775824941694736
39 0.004014858044683933
40 0.004096288699656725
41 0.0035417904146015644
42 0.0038616459351032972
43 0.0038047637790441513
44 0.0037440783344209194
45 0.0036513793747872114
46 0.00423993868753314
47 0.004292820580303669
48 0.004177642520517111
49 0.0037514225114136934
50 0.004116271156817675
51 0.0037745002191513777
52 0.004037356469780207
53 0.003758641891181469
54 0.003941204398870468
55 0.0039964597672224045
56 0.00414550956338644
57 0.0037637006025761366
58 0.0038202551659196615
59 0.0038962995167821646
60 0.0038299509324133396
61 0.003903763135895133
62 0.004378227517008781
63 0.0039674825966358185
64 0.0040169828571379185
65 0.0038810500409454107
66 0.003757086582481861
67 0.003769995179027319
68 0.003838948905467987
69 0.004048325587064028
70 0.004212492611259222
71 0.003835692536085844
72 0.00391295924782753
73 0.0036357648205012083
74 0.0038026184774935246
75 0.004343139007687569
76 0.004149703774601221
77 0.003855909686535597
78 0.0039211176335811615
79 0.003948125522583723
80 0.0037397274281829596
81 0.004279735963791609
82 0.0036277691833674908
83 0.003817150369286537
84 0.003878833958879113
85 0.0036151413805782795
86 0.0036412656772881746
87 0.0038978885859251022
88 0.0035503723192960024
89 0.0038093258626759052
90 0.003845530329272151
91 0.004061942454427481
92 0.004024598281830549
93 0.004339068662375212
94 0.0037423272151499987
95 0.003797509940341115
96 0.003924845717847347
97 0.004199253860861063
98 0.003823573235422373
99 0.004212039057165384
100 0.0038891576696187258
101 0.003934614360332489
102 0.0038785459473729134
103 0.004125099163502455
104 0.003709819633513689
105 0.004244156181812286
106 0.003923110663890839
107 0.004283514339476824
108 0.004036672879010439
109 0.0036308662965893745
110 0.003800793085247278
111 0.003975351341068745
112 0.0037870509549975395
113 0.004198362119495869
114 0.0038440092466771603
115 0.0035304848570376635
116 0.00392282847315073
117 0.003757731057703495
118 0.0036451288033276796
119 0.0040175169706344604
120 0.004048831295222044
121 0.00393116706982255
122 0.004198041744530201
123 0.00411613192409277
124 0.0040048593655228615
125 0.0037665197160094976
126 0.004067761357873678
127 0.0038278033025562763
128 0.003782913088798523
129 0.003643748350441456
130 0.0038272456731647253
131 0.0036232382990419865
132 0.0037606842815876007
133 0.004371693357825279
134 0.003844891907647252
135 0.0036739101633429527
136 0.0044458783231675625
137 0.00391723494976759
138 0.004135826136916876
139 0.0038909942377358675
140 0.0035898995120078325
141 0.0035740910097956657
142 0.003953753039240837
143 0.0037724338471889496
144 0.003475605510175228
145 0.004004122689366341
146 0.0037820343859493732
147 0.0041003781370818615
148 0.003806569380685687
149 0.0037333685904741287
150 0.003856218885630369
151 0.004275072365999222
152 0.0038829664699733257
153 0.004135161638259888
154 0.003862948389723897
155 0.0036173441912978888
156 0.0037408589851111174
157 0.0037290032487362623
158 0.0040402342565357685
159 0.004088083282113075
160 0.0037205545231699944
161 0.003806488588452339
162 0.004065117333084345
163 0.003650226164609194
164 0.0038474691100418568
165 0.003845451632514596
166 0.003972765523940325
167 0.003891648957505822
168 0.004095159936696291
169 0.0040535819716751575
170 0.003847819985821843
171 0.003742021508514881
172 0.003518652403727174
173 0.003693856531754136
174 0.004080838058143854
175 0.0038882531225681305
176 0.004325679037719965
177 0.0038482185918837786
178 0.003558454569429159
179 0.003955187276005745
180 0.003913128282874823
181 0.004323672968894243
182 0.0039992802776396275
183 0.00411356333643198
184 0.003934622276574373
185 0.003964472562074661
186 0.0036406058352440596
187 0.003824070794507861
188 0.0038665090687572956
189 0.003930703271180391
190 0.004020482301712036
191 0.0037604612298309803
192 0.0038159238174557686
193 0.003984030336141586
194 0.0039594643749296665
195 0.004111613612622023
196 0.004125309642404318
197 0.0036661357153207064
198 0.003618542104959488
199 0.004012371879070997
200 0.003808138193562627
201 0.0038841902278363705
202 0.004070446360856295
203 0.0037509677931666374
204 0.003781998297199607
205 0.003919306676834822
206 0.003824843792244792
207 0.003935494925826788
208 0.004055716563016176
209 0.0038522265385836363
210 0.003809418762102723
211 0.0038723391480743885
212 0.0035675738472491503
213 0.003737235674634576
214 0.004034037236124277
215 0.0040161279030144215
216 0.0041012633591890335
217 0.003982569556683302
218 0.003879694500938058
219 0.0037931008264422417
220 0.0036878332030028105
221 0.003924570512026548
222 0.0037225792184472084
223 0.0040223971009254456
224 0.004108242224901915
225 0.003933560103178024
226 0.003944777883589268
227 0.0035798735916614532
228 0.0037303364370018244
229 0.00416335416957736
230 0.0038380634505301714
231 0.004012137185782194
232 0.00395238259807229
233 0.0037785624153912067
234 0.003780628088861704
235 0.00398793863132596
236 0.004138494376093149
237 0.00398216862231493
238 0.0037561715580523014
239 0.004093349911272526
240 0.00416196184232831
241 0.0038367630913853645
242 0.0037681604735553265
243 0.003542030695825815
244 0.0037980906199663877
245 0.003701970214024186
246 0.004173904191702604
247 0.004137473180890083
248 0.003936853725463152
249 0.0037983874790370464
250 0.003789067268371582
251 0.003477280493825674
252 0.003838145639747381
253 0.003765159985050559
254 0.004077643621712923
255 0.0038989437744021416
