0 0.004154440946877003
1 0.003270465414971113
2 0.003953277133405209
3 0.003983649890869856
4 0.004104264546185732
5 0.003923803102225065
6 0.0040463353507220745
7 0.003818635595962405
8 0.003987249918282032
9 0.0034841897431761026
10 0.004266870673745871
11 0.0036431625485420227
12 0.0036680197808891535
13 0.0037983728107064962
14 0.0037715148646384478
15 0.003993605729192495
16 0.0038739407900720835
17 0.0037738012615591288
18 0.003921512980014086
19 0.0039786905981600285
20 0.004183152224868536
21 0.004074097611010075
22 0.004076617769896984
23 0.0038736576680094004
24 0.004136145580559969
25 0.003881071927025914
26 0.004053742159157991
27 0.004119559656828642
28 0.004283004440367222
29 0.003920356277376413
30 0.004249844700098038
31 0.003997050225734711
32 0.0036365999840199947
33 0.0034825075417757034
34 0.0036283067893236876
35 0.003905271412804723
36 0.004013969097286463
37 0.003636724781244993
38 0.004039113875478506
39 0.004085500258952379
40 0.003989064134657383
41 0.003340314142405987
42 0.003853380214422941
43 0.004027456045150757
44 0.003938589710742235
45 0.0036620276514440775
46 0.004237438552081585
47 0.004255249630659819
48 0.004024730063974857
49 0.00372013496235013
50 0.004299751948565245
51 0.0034850025549530983
52 0.004083063453435898
53 0.003813933813944459
54 0.003663950366899371
55 0.004280952736735344
56 0.004141184967011213
57 0.00380539707839489
58 0.0037573266308754683
59 0.0038184565491974354
60 0.00350942206569016
61 0.0039404104463756084
62 0.004053581040352583
63 0.003705097595229745
64 0.0040476443246006966
65 0.0036714482121169567
66 0.0039819213561713696
67 0.003867141669616103
68 0.003728603245690465
69 0.00391042185947299
70 0.004379896447062492
71 0.0037055406719446182
72 0.0037558134645223618
73 0.003825895953923464
74 0.003742047119885683
75 0.004365410190075636
76 0.004123409744352102
77 0.004058247432112694
78 0.003859889693558216
79 0.003830968402326107
80 0.003876113099977374
81 0.004011853598058224
82 0.004004782531410456
83 0.0038286414928734303
84 0.00399832334369421
85 0.004032237455248833
86 0.003553014947101474
87 0.0036099038552492857
88 0.0036945610772818327
89 0.003504096297547221
90 0.004132171627134085
91 0.003943971823900938
92 0.00405085226520896
93 0.004177121911197901
94 0.003669025842100382
95 0.0037963944487273693
96 0.0040476564317941666
97 0.004287715535610914
98 0.003903935896232724
99 0.004124055616557598
100 0.0038916035555303097
101 0.004167129285633564
102 0.0036792741157114506
103 0.004019450396299362
104 0.0038958368822932243
105 0.004208529833704233
106 0.003962176386266947
107 0.004397085402160883
108 0.004392305854707956
109 0.0038429200649261475
110 0.003960094414651394
111 0.0037403234746307135
112 0.003909135237336159
113 0.00414491118863225
114 0.00390998087823391
115 0.0038698723074048758
116 0.00408254936337471
117 0.004025045782327652
118 0.003767428221181035
119 0.0037944545038044453
120 0.003777560777962208
121 0.003994394093751907
122 0.004567236173897982
123 0.0038975977804511786
124 0.004101323429495096
125 0.004002308007329702
126 0.004341216757893562
127 0.003912436775863171
128 0.003479426959529519
129 0.0037344899028539658
130 0.003673095488920808
131 0.0038106124848127365
132 0.0038498893845826387
133 0.004200943745672703
134 0.0038719121366739273
135 0.003654198721051216
136 0.004284195601940155
137 0.003723926143720746
138 0.003983484581112862
139 0.003802472958341241
140 0.00363349006511271
141 0.0034464478958398104
142 0.003975993487983942
143 0.0037578516639769077
144 0.0035043612588196993
145 0.0039047510363161564
146 0.004012460354715586
147 0.0040417322888970375
148 0.004160295706242323
149 0.00392869021743536
150 0.0038978587836027145
151 0.003879167139530182
152 0.0036725883837789297
153 0.0038186979945749044
154 0.003951536491513252
155 0.0034525429364293814
156 0.0037471915129572153
157 0.0038811916019767523
158 0.0037712082266807556
159 0.0034387886989861727
160 0.003489729017019272
161 0.003666878677904606
162 0.004344166722148657
163 0.003559310920536518
164 0.0036473064683377743
165 0.0038652773946523666
166 0.004225600510835648
167 0.003938877489417791
168 0.004178169183433056
169 0.003932430874556303
170 0.0037062717601656914
171 0.004065899644047022
172 0.003970284480601549
173 0.003880972508341074
174 0.00423347856849432
175 0.0038455354515463114
176 0.004464265890419483
177 0.00386503036133945
178 0.0035014909226447344
179 0.0035102972760796547
180 0.003762216540053487
181 0.004192039370536804
182 0.0040938095189630985
183 0.0036853186320513487
184 0.0037188634742051363
185 0.004390037152916193
186 0.0034842214081436396
187 0.004060045816004276
188 0.0039020224940031767
189 0.003897226881235838
190 0.004069650080054998
191 0.0037786010652780533
192 0.003892207285389304
193 0.004004566464573145
194 0.004130558110773563
195 0.004209352657198906
196 0.004238328896462917
197 0.0036786827258765697
198 0.003955977503210306
199 0.003735932754352689
200 0.003698674961924553
201 0.003960073459893465
202 0.00391526659950614
203 0.003856220981106162
204 0.0035077333450317383
205 0.003735085716471076
206 0.003648086218163371
207 0.003883823286741972
208 0.004108524415642023
209 0.004124741069972515
210 0.003609636565670371
211 0.004119840916246176
212 0.0036372097674757242
213 0.0038668157067149878
214 0.004066626541316509
215 0.0038632769137620926
216 0.004019848071038723
217 0.003965713549405336
218 0.003914964385330677
219 0.0036344346590340137
220 0.003867938183248043
221 0.0040849316865205765
222 0.003802320221439004
223 0.0039047636091709137
224 0.0037554032169282436
225 0.0035782973282039165
226 0.004049818031489849
227 0.004059519153088331
228 0.004217494744807482
229 0.004089494701474905
230 0.003908858634531498
231 0.004352197051048279
232 0.004082253202795982
233 0.003582279896363616
234 0.003773072035983205
235 0.0039950646460056305
236 0.004105055704712868
237 0.003807540750131011
238 0.003717155894264579
239 0.004151247441768646
240 0.004108876455575228
241 0.004136061295866966
242 0.0038106106221675873
243 0.0038052862510085106
244 0.0038588654715567827
245 0.003753495402634144
246 0.004058627411723137
247 0.004080776125192642
248 0.0038483336102217436
249 0.0038070569280534983
250 0.0037761798594146967
251 0.0036099569406360388
252 0.003973724320530891
253 0.003622852498665452
254 0.0038987116422504187
255 0.0036599060986191034
