0 0.0038929742295295
1 0.0035841993521898985
2 0.003859675955027342
3 0.003950892016291618
4 0.004175013396888971
5 0.0038466088008135557
6 0.003993293736129999
7 0.003992317244410515
8 0.0038643355946987867
9 0.003660414833575487
10 0.0041358196176588535
11 0.003844397608190775
12 0.003646258031949401
13 0.003639345755800605
14 0.0037188613787293434
15 0.003769014962017536
16 0.003951276186853647
17 0.00384475477039814
18 0.003781306091696024
19 0.00405913358554244
20 0.004195350222289562
21 0.0038903835229575634
22 0.003999711014330387
23 0.0036782431416213512
24 0.0036828320007771254
25 0.003997790161520243
26 0.00411949073895812
27 0.003846674459055066
28 0.004030557349324226
29 0.004042304586619139
30 0.004094718024134636
31 0.0038521939422935247
32 0.003554339986294508
33 0.003659650683403015
34 0.0037816043477505445
35 0.003941732924431562
36 0.004026437643915415
37 0.003953002858906984
38 0.0038832922000437975
39 0.004303712397813797
40 0.0040247817523777485
41 0.003552649635821581
42 0.00389691861346364
43 0.003577686380594969
44 0.004144877195358276
45 0.0038291397504508495
46 0.0042255111038684845
47 0.004164448473602533
48 0.003799343714490533
49 0.003773157251998782
50 0.004034042824059725
51 0.0037840919103473425
52 0.003848803462460637
53 0.0039020206313580275
54 0.004065387882292271
55 0.003916653338819742
56 0.00442850636318326
57 0.0036200862377882004
58 0.003495610086247325
59 0.004068445414304733
60 0.004019679967314005
61 0.003941323142498732
62 0.004511519335210323
63 0.003779105143621564
64 0.0038299071602523327
65 0.003638234455138445
66 0.0037616717163473368
67 0.003940674476325512
68 0.003771694842725992
69 0.004146596882492304
70 0.004103736486285925
71 0.0038728576619178057
72 0.004142862278968096
73 0.0037393467500805855
74 0.003749638330191374
75 0.003960686735808849
76 0.00394845474511385
77 0.00372325605712831
78 0.0038644883316010237
79 0.0037203675601631403
80 0.003855304094031453
81 0.004169003572314978
82 0.003967212978750467
83 0.003738663624972105
84 0.0042051635682582855
85 0.003821377642452717
86 0.003890299005433917
87 0.003815639531239867
88 0.0035550910979509354
89 0.0037847815547138453
90 0.0040355343371629715
91 0.0038379498291760683
92 0.004161615390330553
93 0.0043049403466284275
94 0.0035611717030406
95 0.0037261322140693665
96 0.0037853308022022247
97 0.004248880781233311
98 0.0037714617792516947
99 0.004217618145048618
100 0.0038038920611143112
101 0.0042123254388570786
102 0.003549715271219611
103 0.004128175787627697
104 0.0036549034994095564
105 0.004090448375791311
106 0.004155409522354603
107 0.004329548683017492
108 0.004167707171291113
109 0.0038300929591059685
110 0.0037600151263177395
111 0.003898547263815999
112 0.003685896983370185
113 0.004514315165579319
114 0.0039965687319636345
115 0.003748523071408272
116 0.0038397195748984814
117 0.003855569753795862
118 0.0035487846471369267
119 0.004044562112540007
120 0.0038749920204281807
121 0.0039634304121136665
122 0.004345683380961418
123 0.0038735258858650923
124 0.003968806471675634
125 0.0038494360633194447
126 0.004062368534505367
127 0.003844002727419138
128 0.003730087773874402
129 0.0036592804826796055
130 0.003590887878090143
131 0.003632559906691313
132 0.003849692177027464
133 0.004331580828875303
134 0.00394787359982729
135 0.0034581669606268406
136 0.004585545975714922
137 0.003880673786625266
138 0.004183491226285696
139 0.003886694321408868
140 0.003742476226761937
141 0.003627386409789324
142 0.0038122842088341713
143 0.0035915307234972715
144 0.003604530356824398
145 0.0040541295893490314
146 0.003858888056129217
147 0.003872441593557596
148 0.003867989405989647
149 0.0038101268000900745
150 0.0040878066793084145
151 0.004423580598086119
152 0.003675944870337844
153 0.004087100736796856
154 0.0041276016272604465
155 0.003713186364620924
156 0.0037363755982369184
157 0.0034661018289625645
158 0.003950912971049547
159 0.004049935843795538
160 0.0036651056725531816
161 0.0037138585466891527
162 0.004035888239741325
163 0.0037837098352611065
164 0.003917084075510502
165 0.0037163258530199528
166 0.004151267930865288
167 0.003822601167485118
168 0.004038815852254629
169 0.0040377466939389706
170 0.003734967205673456
171 0.003542803693562746
172 0.003589324653148651
173 0.0038073090836405754
174 0.003826110390946269
175 0.0038802765775471926
176 0.004029527772217989
177 0.003728496376425028
178 0.00362120452336967
179 0.0039801280945539474
180 0.0037717362865805626
181 0.0045587350614368916
182 0.004140334203839302
183 0.004001133609563112
184 0.004085499327629805
185 0.004225735552608967
186 0.0035928671713918447
187 0.003924109041690826
188 0.0037623029202222824
189 0.003959163557738066
190 0.004072058480232954
191 0.0037934721913188696
192 0.003911185543984175
193 0.004096954129636288
194 0.0039046520832926035
195 0.004359039012342691
196 0.003921752795577049
197 0.0038442432414740324
198 0.0038755452260375023
199 0.0040246653370559216
200 0.003654220374301076
201 0.003766165114939213
202 0.003970100544393063
203 0.0037004295736551285
204 0.003702644258737564
205 0.0038435950409621
206 0.0035746623761951923
207 0.003849909408017993
208 0.003862363286316395
209 0.00407021027058363
210 0.004004432819783688
211 0.003988958895206451
212 0.003677720669656992
213 0.003869808977469802
214 0.004072129726409912
215 0.003882397199049592
216 0.004177981987595558
217 0.004203386139124632
218 0.003984645940363407
219 0.003961353097110987
220 0.004028277937322855
221 0.0037669308949261904
222 0.003847152227535844
223 0.004293391481041908
224 0.0038446353282779455
225 0.003783843945711851
226 0.0038676310796290636
227 0.0037951990962028503
228 0.0041301921010017395
229 0.004037217702716589
230 0.003939541522413492
231 0.0041079274378716946
232 0.003844991559162736
233 0.0038361484184861183
234 0.0036953194066882133
235 0.0038400187622755766
236 0.004011248704046011
237 0.004062091000378132
238 0.003670449834316969
239 0.004142799414694309
240 0.004239416681230068
241 0.004122821614146233
242 0.0038404539227485657
243 0.003696825820952654
244 0.0038268843200057745
245 0.00369563652202487
246 0.004219183698296547
247 0.004312050528824329
248 0.0038819413166493177
249 0.00397605961188674
250 0.003839947283267975
251 0.00338363042101264
252 0.003811128903180361
253 0.003559070872142911
254 0.00391747709363699
255 0.0038584491703659296
