0 0.003952047321945429
1 0.0033631515689194202
2 0.00370441353879869
3 0.0037324088625609875
4 0.004127352498471737
5 0.0038088462315499783
6 0.004069064278155565
7 0.0038902766536921263
8 0.004168080631643534
9 0.003620648756623268
10 0.004055162891745567
11 0.0038595222868025303
12 0.003570755710825324
13 0.004062104970216751
14 0.003693719394505024
15 0.003985259681940079
16 0.004190235398709774
17 0.003956320695579052
18 0.003838140517473221
19 0.0038485294207930565
20 0.004130293149501085
21 0.004333622753620148
22 0.003652675775811076
23 0.003826700383797288
24 0.0038398224860429764
25 0.004177749156951904
26 0.003908878192305565
27 0.004037581849843264
28 0.0041668592020869255
29 0.0041374098509550095
30 0.004337027203291655
31 0.003761748783290386
32 0.003672089660540223
33 0.0035399128682911396
34 0.003514150157570839
35 0.004004569258540869
36 0.004268663935363293
37 0.003943524323403835
38 0.004101216793060303
39 0.004610616713762283
40 0.004033670295029879
41 0.003428405150771141
42 0.0039663459174335
43 0.0037334654480218887
44 0.0038726141210645437
45 0.0039294930174946785
46 0.004134039394557476
47 0.004202664829790592
48 0.003953287843614817
49 0.003802707651630044
50 0.004055684432387352
51 0.0036783150862902403
52 0.0038426541723310947
53 0.0038085912819951773
54 0.003952261991798878
55 0.004195044282823801
56 0.00404513580724597
57 0.0037684706039726734
58 0.003578887088224292
59 0.00371974497102201
60 0.003987615462392569
61 0.0038651085924357176
62 0.0041612014174461365
63 0.0036584322806447744
64 0.003943795803934336
65 0.003948075231164694
66 0.0037525647785514593
67 0.00386328948661685
68 0.0039576999843120575
69 0.004021062050014734
70 0.0041101123206317425
71 0.003995569888502359
72 0.0038969977758824825
73 0.0036149402149021626
74 0.003869061591103673
75 0.004044870845973492
76 0.00408560037612915
77 0.0037366263568401337
78 0.004052384290844202
79 0.003636465175077319
80 0.003726834896951914
81 0.00399252912029624
82 0.00395859032869339
83 0.0039750924333930016
84 0.0040932646952569485
85 0.0035304874181747437
86 0.003971680998802185
87 0.003914873581379652
88 0.003450484247878194
89 0.0037171896547079086
90 0.004039453808218241
91 0.003666452132165432
92 0.003929432947188616
93 0.004218687769025564
94 0.0036798680666834116
95 0.004028023220598698
96 0.003853598842397332
97 0.004165920428931713
98 0.0037038519512861967
99 0.004339725710451603
100 0.004126225598156452
101 0.004174263682216406
102 0.003723207861185074
103 0.00397351523861289
104 0.003676930209621787
105 0.0040673925541341305
106 0.003923790063709021
107 0.00449046865105629
108 0.004175178706645966
109 0.0038366769440472126
110 0.004167352803051472
111 0.0037618475034832954
112 0.003859722288325429
113 0.004197821021080017
114 0.0039269933477044106
115 0.003735644742846489
116 0.004101771395653486
117 0.004128966014832258
118 0.003537610871717334
119 0.0038745023775845766
120 0.003929542377591133
121 0.004182446748018265
122 0.004408163018524647
123 0.0038884063251316547
124 0.00403894018381834
125 0.0040884725749492645
126 0.003938563633710146
127 0.003946138545870781
128 0.003881312906742096
129 0.003668002085760236
130 0.003661090973764658
131 0.003833361202850938
132 0.003813604824244976
133 0.00403123814612627
134 0.003973217681050301
135 0.0035401247441768646
136 0.004414824768900871
137 0.003931993152946234
138 0.004079480189830065
139 0.003996359184384346
140 0.00370107707567513
141 0.0037734208162873983
142 0.003731717821210623
143 0.00360099202953279
144 0.003667706623673439
145 0.00405448954552412
146 0.003875347087159753
147 0.003952609375119209
148 0.00406167097389698
149 0.0038841906934976578
150 0.004033275414258242
151 0.0041533042676746845
152 0.0036189439706504345
153 0.0037418268620967865
154 0.003948131576180458
155 0.003891958389431238
156 0.0036492410581558943
157 0.003565266728401184
158 0.004086803644895554
159 0.0039041342679411173
160 0.003943366464227438
161 0.00371714704670012
162 0.004220082890242338
163 0.0035965966526418924
164 0.0037217068020254374
165 0.003908082842826843
166 0.003998741041868925
167 0.0038782653864473104
168 0.004006001632660627
169 0.004224417731165886
170 0.0037692554760724306
171 0.003974060527980328
172 0.003513829316943884
173 0.003943629562854767
174 0.004164775367826223
175 0.0040994384326040745
176 0.00432139215990901
177 0.0036165022756904364
178 0.0035196449607610703
179 0.00380634400062263
180 0.0037318009417504072
181 0.00417139520868659
182 0.003703983733430505
183 0.0038057889323681593
184 0.003926447592675686
185 0.004074980970472097
186 0.003667214186862111
187 0.003809756599366665
188 0.0039041792042553425
189 0.0036423488054424524
190 0.0037329643964767456
191 0.0037101134657859802
192 0.0037409020587801933
193 0.004168525338172913
194 0.003988359123468399
195 0.004118202719837427
196 0.004288841504603624
197 0.004077760502696037
198 0.0037523109931498766
199 0.0038258114363998175
200 0.0037626188714057207
201 0.003761789994314313
202 0.004042210057377815
203 0.003698594169691205
204 0.003712143748998642
205 0.003903650213032961
206 0.003623516531661153
207 0.003998651169240475
208 0.004136234987527132
209 0.004033250734210014
210 0.0036312805023044348
211 0.004185535479336977
212 0.0034669535234570503
213 0.00373933301307261
214 0.004223542753607035
215 0.003975406754761934
216 0.00409168703481555
217 0.004093858879059553
218 0.003805645275861025
219 0.003937991801649332
220 0.003944743890315294
221 0.0038782423362135887
222 0.003659276757389307
223 0.00435050530359149
224 0.0037948277313262224
225 0.003948291763663292
226 0.0038448693230748177
227 0.003963790368288755
228 0.0038391067646443844
229 0.00394521513953805
230 0.00406282115727663
231 0.004083914216607809
232 0.003875122871249914
233 0.0037913585547357798
234 0.0037244046106934547
235 0.0037510159891098738
236 0.0038690567016601562
237 0.0038055500481277704
238 0.0038631060160696507
239 0.003893996123224497
240 0.004171208944171667
241 0.003945568576455116
242 0.0038029660936444998
243 0.003653277177363634
244 0.003921516705304384
245 0.0037913850974291563
246 0.004181572701781988
247 0.004142897203564644
248 0.0038256715051829815
249 0.003749745897948742
250 0.003814492840319872
251 0.003617542563006282
252 0.0039018397219479084
253 0.0035709813237190247
254 0.0038868049159646034
255 0.0036030588671565056
