0 0.0038505294360220432
1 0.003373670158907771
2 0.003716082777827978
3 0.003946749493479729
4 0.0039044872391968966
5 0.003741232445463538
6 0.0038939688820391893
7 0.004200874362140894
8 0.004002263303846121
9 0.003786905901506543
10 0.004154466092586517
11 0.003776232013478875
12 0.0036644786596298218
13 0.003963196650147438
14 0.003942461684346199
15 0.0038168798200786114
16 0.003858566749840975
17 0.0038039747159928083
18 0.003759871469810605
19 0.003967952448874712
20 0.0038477680645883083
21 0.0041335346177220345
22 0.004081105347722769
23 0.003822064958512783
24 0.0039800964295864105
25 0.003987998701632023
26 0.003994949162006378
27 0.0038436881732195616
28 0.0040145874954760075
29 0.004075559787452221
30 0.004187781363725662
31 0.0038959861267358065
32 0.0037401211448013783
33 0.003694003215059638
34 0.0035314299166202545
35 0.0038999663665890694
36 0.004058408085256815
37 0.0038076064083725214
38 0.004188815131783485
39 0.004263338632881641
40 0.0041557056829333305
41 0.003532552160322666
42 0.003946276847273111
43 0.0038539795204997063
44 0.0039249625988304615
45 0.003878026967868209
46 0.004181106574833393
47 0.004301108885556459
48 0.003960141446441412
49 0.0038988504093140364
50 0.004068190697580576
51 0.003671197686344385
52 0.003955872729420662
53 0.004068606533110142
54 0.003970270045101643
55 0.004127719905227423
56 0.0041046845726668835
57 0.004044015426188707
58 0.0037621092051267624
59 0.003851796966046095
60 0.0036411858163774014
61 0.00402879947796464
62 0.003960362169891596
63 0.0037887818180024624
64 0.003915649838745594
65 0.0037315611261874437
66 0.003777037374675274
67 0.0036554501857608557
68 0.0039010022301226854
69 0.003949434030801058
70 0.004267659038305283
71 0.0036564734764397144
72 0.0038060343358665705
73 0.0038792171981185675
74 0.003988137003034353
75 0.004383999388664961
76 0.004117386415600777
77 0.003845978295430541
78 0.003693224862217903
79 0.004033797420561314
80 0.003718945197761059
81 0.00408645486459136
82 0.003913871478289366
83 0.003537653246894479
84 0.003924905322492123
85 0.0037044952623546124
86 0.003871300257742405
87 0.0038447428960353136
88 0.0036207546945661306
89 0.0037424382753670216
90 0.003960392437875271
91 0.004057597368955612
92 0.003911565989255905
93 0.004192982334643602
94 0.003928613383322954
95 0.003649558173492551
96 0.0038467152044177055
97 0.004134566988795996
98 0.00370682030916214
99 0.0040689315646886826
100 0.004025887232273817
101 0.004185105208307505
102 0.0036826045252382755
103 0.004122916143387556
104 0.003921869210898876
105 0.0040928758680820465
106 0.0037036086432635784
107 0.004127188585698605
108 0.004152491223067045
109 0.003956812433898449
110 0.004254328086972237
111 0.0038729170337319374
112 0.0038448339328169823
113 0.004500578623265028
114 0.0040838285349309444
115 0.003806077176705003
116 0.00392998056486249
117 0.004142573568969965
118 0.0036504343152046204
119 0.0039361026138067245
120 0.00406311359256506
121 0.004146863240748644
122 0.004519747104495764
123 0.0038471047300845385
124 0.0041201477870345116
125 0.003983356058597565
126 0.00392647972330451
127 0.003990380093455315
128 0.0037153707817196846
129 0.0036167544312775135
130 0.0036819973029196262
131 0.0037074508145451546
132 0.003904924727976322
133 0.004333846271038055
134 0.0036702461075037718
135 0.0036944528110325336
136 0.004276168067008257
137 0.00385122187435627
138 0.003870028303936124
139 0.00396468723192811
140 0.0038266342598944902
141 0.00373405241407454
142 0.003716900246217847
143 0.0034995644818991423
144 0.003531039459630847
145 0.0038384408690035343
146 0.0038374874275177717
147 0.003944863099604845
148 0.0038303842302411795
149 0.003959911409765482
150 0.0039954534731805325
151 0.004065084271132946
152 0.0035969538148492575
153 0.004079318605363369
154 0.0038789899554103613
155 0.003550083376467228
156 0.003814860712736845
157 0.0038265343755483627
158 0.004191417712718248
159 0.0035128926392644644
160 0.003753349417820573
161 0.003790399292483926
162 0.004093583207577467
163 0.0035188021138310432
164 0.0036412642803043127
165 0.004145374521613121
166 0.004043226130306721
167 0.003783559426665306
168 0.004108468070626259
169 0.004264030605554581
170 0.003722681198269129
171 0.0040011634118855
172 0.003771519288420677
173 0.0038325986824929714
174 0.004277006722986698
175 0.003797100391238928
176 0.00413671787828207
177 0.0038060713559389114
178 0.0035208151675760746
179 0.0037763589061796665
180 0.0036493611987680197
181 0.0042763641104102135
182 0.004184135235846043
183 0.00392212113365531
184 0.0038262789603322744
185 0.003948376514017582
186 0.003634823253378272
187 0.0037266381550580263
188 0.004078126046806574
189 0.003630257211625576
190 0.003702893853187561
191 0.003766924375668168
192 0.0036705133970826864
193 0.0038870759308338165
194 0.004402626771479845
195 0.004342618864029646
196 0.004098587669432163
197 0.0036800268571823835
198 0.003898595692589879
199 0.003868789877742529
200 0.00402112677693367
201 0.0039050253108143806
202 0.0040442803874611855
203 0.00386042264290154
204 0.0038174025248736143
205 0.003799776080995798
206 0.0038195622619241476
207 0.004187104757875204
208 0.004233057145029306
209 0.003977666143327951
210 0.0038494898471981287
211 0.004198309034109116
212 0.0036555693950504065
213 0.003774358658120036
214 0.004064789041876793
215 0.003965949174016714
216 0.0037917434237897396
217 0.0038776383735239506
218 0.003722931258380413
219 0.003921684809029102
220 0.003646290395408869
221 0.00412403279915452
222 0.003874602960422635
223 0.003965009935200214
224 0.00403750641271472
225 0.0038043037056922913
226 0.00400240533053875
227 0.0037505081854760647
228 0.003940960858017206
229 0.003953334875404835
230 0.003901843447238207
231 0.004122501704841852
232 0.004115290939807892
233 0.0037300284020602703
234 0.0037267536390572786
235 0.0035445764660835266
236 0.00413171062245965
237 0.003701651468873024
238 0.003706896910443902
239 0.004263855516910553
240 0.003859914606437087
241 0.0041123563423752785
242 0.0036608707159757614
243 0.003546634688973427
244 0.004036860074847937
245 0.0037893757689744234
246 0.004227213561534882
247 0.004019306972622871
248 0.0038759391754865646
249 0.0036799286026507616
250 0.003753378987312317
251 0.003581859404221177
252 0.0038931313902139664
253 0.0037563820369541645
254 0.003863271325826645
255 0.00384884444065392
