0 0.003894419176504016
1 0.0032960521057248116
2 0.003881585318595171
3 0.0038729028310626745
4 0.0042518507689237595
5 0.003937921952456236
6 0.004324501845985651
7 0.003986496478319168
8 0.004330506548285484
9 0.003510095179080963
10 0.0039048849139362574
11 0.003934381529688835
12 0.003784886794164777
13 0.003889400279149413
14 0.004047461785376072
15 0.0041646878235042095
16 0.004020347259938717
17 0.003554693888872862
18 0.0038672382943332195
19 0.004086783155798912
20 0.00416147243231535
21 0.004118220880627632
22 0.004018302541226149
23 0.0038546831347048283
24 0.00402342202141881
25 0.003956095781177282
26 0.004070191644132137
27 0.004118618089705706
28 0.004302734974771738
29 0.004134859889745712
30 0.00421237014234066
31 0.0038657430559396744
32 0.003882058896124363
33 0.0033497714903205633
34 0.0036621892359107733
35 0.0040863933973014355
36 0.004078803583979607
37 0.0036584993358701468
38 0.004165725316852331
39 0.004238494671881199
40 0.004063816741108894
41 0.0032735911663621664
42 0.003956753294914961
43 0.00390548724681139
44 0.003904148004949093
45 0.0037690927274525166
46 0.00439816527068615
47 0.004298110026866198
48 0.004173008259385824
49 0.0036689420230686665
50 0.004208166617900133
51 0.0036493611987680197
52 0.003998501226305962
53 0.004076405428349972
54 0.003610936924815178
55 0.004088546149432659
56 0.003972932230681181
57 0.004036815371364355
58 0.003889988176524639
59 0.003576336894184351
60 0.003607635386288166
61 0.003873273730278015
62 0.004215385764837265
63 0.0037570600397884846
64 0.004177332390099764
65 0.003951471298933029
66 0.004350766073912382
67 0.003743876703083515
68 0.003953220322728157
69 0.004264455754309893
70 0.004289249423891306
71 0.003940955735743046
72 0.003971708472818136
73 0.003734179073944688
74 0.003917725756764412
75 0.004309428855776787
76 0.004358409903943539
77 0.0037543128710240126
78 0.0037934468127787113
79 0.0041580889374017715
80 0.003746618749573827
81 0.0038579837419092655
82 0.003828466637060046
83 0.003588253166526556
84 0.003812936833128333
85 0.003974099177867174
86 0.0036325976252555847
87 0.0040401495061814785
88 0.003634019521996379
89 0.003714914433658123
90 0.003974136430770159
91 0.00398663803935051
92 0.00401083379983902
93 0.004237237386405468
94 0.0038441948127001524
95 0.003655937034636736
96 0.003892313688993454
97 0.004387556575238705
98 0.0038046773988753557
99 0.004090433940291405
100 0.0039210570976138115
101 0.004023723304271698
102 0.003655415028333664
103 0.004295524675399065
104 0.003795255208387971
105 0.004156047478318214
106 0.0037949734833091497
107 0.004580474458634853
108 0.004429664928466082
109 0.0038485447876155376
110 0.004351769108325243
111 0.003892164211720228
112 0.003808739595115185
113 0.004348407033830881
114 0.0041557420045137405
115 0.003648953977972269
116 0.003934155218303204
117 0.004007856361567974
118 0.0037671690806746483
119 0.003923512063920498
120 0.003767997259274125
121 0.004086094442754984
122 0.004594398196786642
123 0.003771126037463546
124 0.004037211649119854
125 0.004020524211227894
126 0.004103264771401882
127 0.0039961375296115875
128 0.0034974589943885803
129 0.0038196330424398184
130 0.0038723840843886137
131 0.0034077074378728867
132 0.004010749980807304
133 0.00416050897911191
134 0.0037820483557879925
135 0.0036139036528766155
136 0.004251136444509029
137 0.003657626686617732
138 0.004036244936287403
139 0.004035885911434889
140 0.003594686510041356
141 0.003487840760499239
142 0.0038265043403953314
143 0.003705640323460102
144 0.003443598048761487
145 0.00400728452950716
146 0.0038989554159343243
147 0.003895724890753627
148 0.0038720378652215004
149 0.003696540603414178
150 0.004003615118563175
151 0.003952799830585718
152 0.0035414916928857565
153 0.0035928641445934772
154 0.003761175787076354
155 0.003471965668722987
156 0.0040372018702328205
157 0.003848502179607749
158 0.003988746087998152
159 0.003414987586438656
160 0.00368294445797801
161 0.0039406768046319485
162 0.004222267773002386
163 0.003629796439781785
164 0.0038023148663342
165 0.00390861090272665
166 0.004112024791538715
167 0.0040672579780220985
168 0.004121680278331041
169 0.004016689490526915
170 0.003647735808044672
171 0.003756442107260227
172 0.0037440399173647165
173 0.0036419094540178776
174 0.003991172183305025
175 0.0038449587300419807
176 0.004382590297609568
177 0.003973107784986496
178 0.0033964517060667276
179 0.003738414030522108
180 0.003712184727191925
181 0.004297757055610418
182 0.003698494518175721
183 0.003868329804390669
184 0.004045059904456139
185 0.0041166916489601135
186 0.0035802668426185846
187 0.003745261114090681
188 0.00403606565669179
189 0.0034853913821280003
190 0.003800982376560569
191 0.003761300351470709
192 0.003659618552774191
193 0.0038508290890604258
194 0.004379361867904663
195 0.004009653348475695
196 0.0043587032705545425
197 0.0035832866560667753
198 0.0038220586720854044
199 0.00378685025498271
200 0.003915715496987104
201 0.003587129060178995
202 0.0038114008493721485
203 0.0039627221412956715
204 0.003956472966820002
205 0.0036151334643363953
206 0.00369285698980093
207 0.0037243750412017107
208 0.003974506165832281
209 0.0038170928601175547
210 0.003800807986408472
211 0.004178723786026239
212 0.0036072118673473597
213 0.0037338384427130222
214 0.004034902900457382
215 0.004019625950604677
216 0.004060788080096245
217 0.00397828221321106
218 0.003867547959089279
219 0.0034799377899616957
220 0.0038830211851745844
221 0.004235119093209505
222 0.0034181547816842794
223 0.003870816435664892
224 0.003685680916532874
225 0.0037990142591297626
226 0.003989033866673708
227 0.0037345015443861485
228 0.003936743829399347
229 0.003949751146137714
230 0.0037557173054665327
231 0.004219376016408205
232 0.003835432231426239
233 0.00367110432125628
234 0.0036615380086004734
235 0.0038481384981423616
236 0.004041660111397505
237 0.0037312102504074574
238 0.0035400257911533117
239 0.00445803115144372
240 0.003748275339603424
241 0.004038053099066019
242 0.0038715992122888565
243 0.0038566358853131533
244 0.004030661191791296
245 0.0038232263177633286
246 0.0041829426772892475
247 0.0041119991801679134
248 0.004007610026746988
249 0.0039115892723202705
250 0.003543931758031249
251 0.0036526937037706375
252 0.0038285553455352783
253 0.003725124057382345
254 0.004074356984347105
255 0.0035322068724781275
