0 0.003973342478275299
1 0.003363317344337702
2 0.003707168623805046
3 0.004016915336251259
4 0.004454080015420914
5 0.0037635485641658306
6 0.00418056407943368
7 0.004136695060878992
8 0.004115988966077566
9 0.003629577811807394
10 0.003887021914124489
11 0.00397148821502924
12 0.0038894142489880323
13 0.0038080699741840363
14 0.003803546540439129
15 0.0038401430938392878
16 0.0039613014087080956
17 0.003717032028362155
18 0.0039942581206560135
19 0.0040107425302267075
20 0.004216857720166445
21 0.004003106150776148
22 0.004177361261099577
23 0.0038822530768811703
24 0.003916677087545395
25 0.003907923121005297
26 0.004023176617920399
27 0.003995788749307394
28 0.004115010611712933
29 0.003686846699565649
30 0.00401441240683198
31 0.003724781796336174
32 0.0035034744068980217
33 0.003537684679031372
34 0.0038570305332541466
35 0.003918709699064493
36 0.004055687692016363
37 0.003826255677267909
38 0.00401826947927475
39 0.0044737462885677814
40 0.004202274605631828
41 0.0032121147960424423
42 0.0038163294084370136
43 0.0039028532337397337
44 0.003926829434931278
45 0.003791454713791609
46 0.00462690182030201
47 0.004005719907581806
48 0.004137055948376656
49 0.0036005014553666115
50 0.004208744503557682
51 0.003629623679444194
52 0.0038870396092534065
53 0.00385238416492939
54 0.0037598726339638233
55 0.004050510004162788
56 0.004075795412063599
57 0.0037656817585229874
58 0.003706257324665785
59 0.0037554269656538963
60 0.003703971393406391
61 0.003799158614128828
62 0.004330150317400694
63 0.003580593504011631
64 0.0038924990221858025
65 0.0034200174268335104
66 0.003923654090613127
67 0.003873745910823345
68 0.003964888863265514
69 0.004180124495178461
70 0.00417537335306406
71 0.004054091405123472
72 0.004035911522805691
73 0.0036033981014043093
74 0.00382638699375093
75 0.0041540320962667465
76 0.003963651601225138
77 0.0036968488711863756
78 0.0037814080715179443
79 0.003697077976539731
80 0.0038275644183158875
81 0.004136131145060062
82 0.0038499676156789064
83 0.0037821524310857058
84 0.0038720034062862396
85 0.003833124181255698
86 0.003556854324415326
87 0.003949617967009544
88 0.003558630123734474
89 0.003715631552040577
90 0.004154246300458908
91 0.003777899546548724
92 0.003961550537496805
93 0.004473031032830477
94 0.003937812056392431
95 0.0037622435484081507
96 0.0037358251865953207
97 0.004211212042719126
98 0.003688533790409565
99 0.004026091657578945
100 0.0040746936574578285
101 0.004008623771369457
102 0.0037585527170449495
103 0.003912630490958691
104 0.003994299564510584
105 0.004288734868168831
106 0.004057274665683508
107 0.004416219890117645
108 0.0042622992768883705
109 0.003920631017535925
110 0.0037844269536435604
111 0.003788918722420931
112 0.0035016010515391827
113 0.00445179920643568
114 0.0041485438123345375
115 0.0037625322584062815
116 0.003867519088089466
117 0.004081124905496836
118 0.0035629053600132465
119 0.003943931311368942
120 0.003717993386089802
121 0.003979541826993227
122 0.004705050028860569
123 0.0038024974055588245
124 0.00410842290148139
125 0.0040093520656228065
126 0.004133828915655613
127 0.0038231576327234507
128 0.003546812105923891
129 0.003725280985236168
130 0.003779952647164464
131 0.003905376885086298
132 0.0036786238197237253
133 0.004367892164736986
134 0.003911598119884729
135 0.0036804734263569117
136 0.0043183378875255585
137 0.003498030360788107
138 0.0041923667304217815
139 0.0043406677432358265
140 0.003916752524673939
141 0.003580577904358506
142 0.0035554994828999043
143 0.0038448756095021963
144 0.003568587824702263
145 0.004193484783172607
146 0.003979041241109371
147 0.00401469599455595
148 0.00414680503308773
149 0.0039429375901818275
150 0.003946536686271429
151 0.004213872831314802
152 0.0035680036526173353
153 0.003760591382160783
154 0.003933527506887913
155 0.0035450197756290436
156 0.003924061544239521
157 0.0036960726138204336
158 0.004254376981407404
159 0.0037363125011324883
160 0.003709785407409072
161 0.0035373123828321695
162 0.004146107938140631
163 0.0037161968648433685
164 0.003597743809223175
165 0.00375380995683372
166 0.004156441893428564
167 0.003926622681319714
168 0.0041700745932757854
169 0.00422996561974287
170 0.0036023780703544617
171 0.003811539150774479
172 0.0037542928475886583
173 0.0036420526448637247
174 0.004165827762335539
175 0.0035862531512975693
176 0.004156629554927349
177 0.003938924055546522
178 0.0036166661884635687
179 0.003886700142174959
180 0.003734304802492261
181 0.004579505883157253
182 0.003911892417818308
183 0.0037521477788686752
184 0.004047505557537079
185 0.004556207451969385
186 0.003536684438586235
187 0.0038799545727670193
188 0.0036187623627483845
189 0.003975671250373125
190 0.004132632631808519
191 0.003716834355145693
192 0.0038654711097478867
193 0.004086972214281559
194 0.00419597839936614
195 0.004234095104038715
196 0.004091189242899418
197 0.003637914080172777
198 0.0038174299988895655
199 0.003807877190411091
200 0.0038283811882138252
201 0.0036253533326089382
202 0.004154089838266373
203 0.003995252773165703
204 0.0037168364506214857
205 0.003777962177991867
206 0.0037100594490766525
207 0.003951958380639553
208 0.003942890092730522
209 0.003980300854891539
210 0.0037215224001556635
211 0.0038837003521621227
212 0.003543433267623186
213 0.003741782158613205
214 0.003857334842905402
215 0.004143019672483206
216 0.003875256748870015
217 0.003935239743441343
218 0.003935929387807846
219 0.0038376585580408573
220 0.0037297133821994066
221 0.00389753351919353
222 0.003936741966754198
223 0.004043856170028448
224 0.003825129009783268
225 0.003864307189360261
226 0.004043751861900091
227 0.0036723208613693714
228 0.004180295392870903
229 0.004214821383357048
230 0.003787027671933174
231 0.004149070009589195
232 0.0040708137676119804
233 0.0037978370673954487
234 0.003825346939265728
235 0.003745890920981765
236 0.0040303124114871025
237 0.003729061456397176
238 0.0037373320665210485
239 0.0042784432880580425
240 0.003937543369829655
241 0.003998042084276676
242 0.0040394701063632965
243 0.0037756958045065403
244 0.0037475002463907003
245 0.003806645981967449
246 0.004170945845544338
247 0.004124488215893507
248 0.003744973335415125
249 0.003854639595374465
250 0.003726264229044318
251 0.0034371272195130587
252 0.003978212829679251
253 0.0035837735049426556
254 0.003912273794412613
255 0.003566568484529853
