0 0.0037207917775958776
1 0.0034630687441676855
2 0.003814899595454335
3 0.003952621482312679
4 0.004403265658766031
5 0.003948272205889225
6 0.004248501267284155
7 0.0040357462130486965
8 0.004162460099905729
9 0.0035930967424064875
10 0.0041157701052725315
11 0.003873479086905718
12 0.003645896213129163
13 0.0038850426208227873
14 0.003689511911943555
15 0.003984405659139156
16 0.003964105620980263
17 0.004019554238766432
18 0.003781266510486603
19 0.004077700432389975
20 0.004036059137433767
21 0.0040207915008068085
22 0.0039657726883888245
23 0.0036559030413627625
24 0.0037633494939655066
25 0.0040840874426066875
26 0.004131018184125423
27 0.004230507183820009
28 0.004116394557058811
29 0.004056880250573158
30 0.0044279261492192745
31 0.003904620185494423
32 0.003696371568366885
33 0.0035869828425347805
34 0.003579863579943776
35 0.0042563630267977715
36 0.004010721575468779
37 0.0037567755207419395
38 0.003847949206829071
39 0.004001994151622057
40 0.003916488029062748
41 0.003322315402328968
42 0.0039148651994764805
43 0.003838932840153575
44 0.0038369710091501474
45 0.0038675828836858273
46 0.003996370360255241
47 0.004147043917328119
48 0.003910074010491371
49 0.003717119572684169
50 0.0042194402776658535
51 0.0035495341289788485
52 0.003970360849052668
53 0.00374672026373446
54 0.0038764358032494783
55 0.0040918979793787
56 0.004047571215778589
57 0.0036172831896692514
58 0.003946893382817507
59 0.003786704270169139
60 0.0037117532920092344
61 0.004035645630210638
62 0.00426248274743557
63 0.0036252732388675213
64 0.0038223618175834417
65 0.003787256544455886
66 0.0038981358520686626
67 0.003925770055502653
68 0.003684887196868658
69 0.003848660970106721
70 0.0042173126712441444
71 0.003980559762567282
72 0.004061621148139238
73 0.0037133004516363144
74 0.003834310919046402
75 0.004267273470759392
76 0.0040733059868216515
77 0.0039222342893481255
78 0.004019449930638075
79 0.003877810202538967
80 0.0036008069291710854
81 0.0040957871824502945
82 0.004000253509730101
83 0.003633733605965972
84 0.004081611055880785
85 0.0037773647345602512
86 0.003873372683301568
87 0.003890447784215212
88 0.00351353851146996
89 0.003500539343804121
90 0.003964161034673452
91 0.003978923428803682
92 0.004138140939176083
93 0.004140208475291729
94 0.003699009772390127
95 0.003893329994753003
96 0.004052283242344856
97 0.00415857695043087
98 0.003861320437863469
99 0.0039931777864694595
100 0.003930753096938133
101 0.004162648692727089
102 0.0039093163795769215
103 0.0040399967692792416
104 0.003859773511067033
105 0.004080690443515778
106 0.004102164879441261
107 0.004435412585735321
108 0.004457407630980015
109 0.004042218904942274
110 0.003872240660712123
111 0.00392649881541729
112 0.0035799206234514713
113 0.004435644019395113
114 0.0040671308524906635
115 0.003838062286376953
116 0.003849112894386053
117 0.003939800430089235
118 0.0036122826859354973
119 0.004048539325594902
120 0.0038633549120277166
121 0.00404175603762269
122 0.004333695862442255
123 0.0036193151026964188
124 0.003981412388384342
125 0.004102211911231279
126 0.0042115021497011185
127 0.003935214597731829
128 0.003727126633748412
129 0.003698687767609954
130 0.0034921697806566954
131 0.003731881733983755
132 0.003950417507439852
133 0.0041100881062448025
134 0.004009508993476629
135 0.0035240824799984694
136 0.004625608213245869
137 0.00393291050568223
138 0.003832703223451972
139 0.003916552755981684
140 0.003701435634866357
141 0.0035934303887188435
142 0.003964706789702177
143 0.0038401589263230562
144 0.0036576634738594294
145 0.004260298330336809
146 0.004011482931673527
147 0.00392004381865263
148 0.003956715576350689
149 0.003802321385592222
150 0.004164199344813824
151 0.004157837945967913
152 0.003738418919965625
153 0.0038657640106976032
154 0.003757470054551959
155 0.0036043780855834484
156 0.0035827427636832
157 0.0036218068562448025
158 0.0037981518544256687
159 0.003785092383623123
160 0.0037594970781356096
161 0.0036207884550094604
162 0.004105697851628065
163 0.0035814133007079363
164 0.003907300066202879
165 0.003883166005834937
166 0.004182291217148304
167 0.003958722576498985
168 0.004175353795289993
169 0.003920430317521095
170 0.003988003823906183
171 0.0037565534003078938
172 0.003750380827113986
173 0.0037891967222094536
174 0.0040604108944535255
175 0.0040166727267205715
176 0.004283688496798277
177 0.003951955586671829
178 0.0035013228189200163
179 0.003787645138800144
180 0.003940854221582413
181 0.0041268630884587765
182 0.003765260800719261
183 0.003840613178908825
184 0.003724741516634822
185 0.004035781137645245
186 0.0036295177415013313
187 0.0037102417554706335
188 0.0039054923690855503
189 0.003836353775113821
190 0.003842300735414028
191 0.003906584344804287
192 0.003806430846452713
193 0.0040418910793960094
194 0.00406222976744175
195 0.004247582051903009
196 0.0042208535596728325
197 0.0038548954762518406
198 0.003963655326515436
199 0.003889612387865782
200 0.0037458068691194057
201 0.0038972324691712856
202 0.0038948191795498133
203 0.003786544781178236
204 0.0038531525060534477
205 0.0036831244360655546
206 0.003724600188434124
207 0.004008569288998842
208 0.0038132399786263704
209 0.00403826218098402
210 0.003634937107563019
211 0.0038564999122172594
212 0.0036682419013231993
213 0.003572426736354828
214 0.004101056605577469
215 0.0037973930593580008
216 0.003973279148340225
217 0.003943025600165129
218 0.0039844391867518425
219 0.003846266306936741
220 0.003956764005124569
221 0.0040943375788629055
222 0.003575568087399006
223 0.004225566051900387
224 0.003841478144749999
225 0.0037402461748570204
226 0.004052996169775724
227 0.003863896243274212
228 0.004115039948374033
229 0.004201031289994717
230 0.0038548491429537535
231 0.004266275558620691
232 0.0037341623101383448
233 0.0036465763114392757
234 0.0037517338059842587
235 0.0038758220616728067
236 0.0038815850857645273
237 0.003739548847079277
238 0.0037398168351501226
239 0.004115504678338766
240 0.004114325158298016
241 0.00415083859115839
242 0.004023534245789051
243 0.0037375320680439472
244 0.003994347527623177
245 0.003644387237727642
246 0.004161468707025051
247 0.0040099238976836205
248 0.0037662822287529707
249 0.003711192635819316
250 0.003742873203009367
251 0.0036027077585458755
252 0.0038313758559525013
253 0.003620004514232278
254 0.003960191737860441
255 0.0036407089792191982
