0 0.003933595027774572
1 0.0034613420721143484
2 0.003871267894282937
3 0.0038731335662305355
4 0.004226560238748789
5 0.003985904622823
6 0.0039331382140517235
7 0.004048986826092005
8 0.0039867255836725235
9 0.0036110260989516973
10 0.003995187114924192
11 0.0038776781875640154
12 0.0036118067800998688
13 0.0038312943652272224
14 0.0039629158563911915
15 0.00394210172817111
16 0.003817311255261302
17 0.003921598196029663
18 0.0039950767531991005
19 0.003940978553146124
20 0.004201829899102449
21 0.004112664610147476
22 0.003984895534813404
23 0.0037538092583417892
24 0.0037484022323042154
25 0.0038935202173888683
26 0.003816332435235381
27 0.0041714818216860294
28 0.004065898712724447
29 0.0038931844756007195
30 0.004100702237337828
31 0.0036910600028932095
32 0.0035282676108181477
33 0.003748968942090869
34 0.003747674636542797
35 0.0040689874440431595
36 0.004047582391649485
37 0.004069987218827009
38 0.003971288446336985
39 0.004214412532746792
40 0.004178264643996954
41 0.0036951357033103704
42 0.0038452160079032183
43 0.0038814155850559473
44 0.0038212898653000593
45 0.0038792300038039684
46 0.004427514038980007
47 0.004323453642427921
48 0.004178325179964304
49 0.003735090373083949
50 0.0042451657354831696
51 0.0037153323646634817
52 0.004003483802080154
53 0.0037135544698685408
54 0.003984562121331692
55 0.003979516215622425
56 0.004232650622725487
57 0.0037601140793412924
58 0.0038596773520112038
59 0.0037779223639518023
60 0.003766769776120782
61 0.003709756536409259
62 0.0038861229550093412
63 0.003609979525208473
64 0.0040834988467395306
65 0.003809162648394704
66 0.00394754484295845
67 0.0037147081457078457
68 0.003838941687718034
69 0.004270894452929497
70 0.004186323843896389
71 0.004018478561192751
72 0.00397405494004488
73 0.0038271548692137003
74 0.003947577904909849
75 0.004084292333573103
76 0.003814494935795665
77 0.003883420955389738
78 0.0035590596962720156
79 0.0036778354551643133
80 0.003995438572019339
81 0.00405818410217762
82 0.0036321876104921103
83 0.003641752293333411
84 0.004075658041983843
85 0.003897471819072962
86 0.003693425329402089
87 0.0038718737196177244
88 0.003539753844961524
89 0.00376203958876431
90 0.004017496481537819
91 0.003938411362469196
92 0.003981376066803932
93 0.004064150154590607
94 0.0038144325371831656
95 0.003800669452175498
96 0.0037871242966502905
97 0.004415198229253292
98 0.003779035760089755
99 0.0038926159031689167
100 0.003802752122282982
101 0.004153304733335972
102 0.0037246369756758213
103 0.003947686403989792
104 0.0038545047864317894
105 0.004254434257745743
106 0.003933118190616369
107 0.004113724455237389
108 0.004252628423273563
109 0.003931065555661917
110 0.004011892713606358
111 0.0037924842908978462
112 0.0037809021305292845
113 0.004293721169233322
114 0.004018890205770731
115 0.003927381709218025
116 0.003818238852545619
117 0.004051850643008947
118 0.0037012703251093626
119 0.00410611042752862
120 0.0038156076334416866
121 0.0038668205961585045
122 0.00442631496116519
123 0.003878864226862788
124 0.004072164185345173
125 0.003871841821819544
126 0.004154800437390804
127 0.0038239043205976486
128 0.003537088166922331
129 0.003756705205887556
130 0.0037775710225105286
131 0.0037010875530540943
132 0.003986669238656759
133 0.004026068840175867
134 0.0040768166072666645
135 0.003654195461422205
136 0.004340578801929951
137 0.0036882595159113407
138 0.00412752665579319
139 0.003689369186758995
140 0.0036452871281653643
141 0.0036178571172058582
142 0.0038784195203334093
143 0.003884077537804842
144 0.003459471743553877
145 0.00409028260037303
146 0.003834690200164914
147 0.004108715336769819
148 0.0037026021163910627
149 0.003989447373896837
150 0.004040869884192944
151 0.0041746157221496105
152 0.0034990685526281595
153 0.003948446828871965
154 0.003959972411394119
155 0.0035374003928154707
156 0.0038630475755780935
157 0.0035649575293064117
158 0.0040439097210764885
159 0.0037828085478395224
160 0.0037519047036767006
161 0.0037416312843561172
162 0.0041669937781989574
163 0.003788681933656335
164 0.0037548032123595476
165 0.003988499287515879
166 0.003959120251238346
167 0.003975583240389824
168 0.004054718185216188
169 0.004181042779237032
170 0.0037868707440793514
171 0.0038327479269355536
172 0.003383141942322254
173 0.003610934829339385
174 0.003835282986983657
175 0.0037645173724740744
176 0.004103305749595165
177 0.003710799850523472
178 0.0034344841260463
179 0.0038831757847219706
180 0.003812970593571663
181 0.004326054360717535
182 0.0040093292482197285
183 0.00404920382425189
184 0.003942419309169054
185 0.004195603542029858
186 0.003540740581229329
187 0.003767165821045637
188 0.003750754287466407
189 0.003958001732826233
190 0.003865536069497466
191 0.0036318611819297075
192 0.0039556510746479034
193 0.0038799564354121685
194 0.0040891398675739765
195 0.004269492346793413
196 0.004345926456153393
197 0.0036597284488379955
198 0.003740545827895403
199 0.0039727091789245605
200 0.0037629869766533375
201 0.003948647063225508
202 0.004095917101949453
203 0.0038304701447486877
204 0.0040407790802419186
205 0.0037590537685900927
206 0.0037373316008597612
207 0.004028232302516699
208 0.004146474413573742
209 0.00404123542830348
210 0.0037648482248187065
211 0.00399398198351264
212 0.003755051176995039
213 0.003783716354519129
214 0.003974842838943005
215 0.004019867163151503
216 0.004105667117983103
217 0.003909869585186243
218 0.004065639339387417
219 0.0037677797954529524
220 0.003936051391065121
221 0.00403473898768425
222 0.0036014143843203783
223 0.004240796901285648
224 0.00397873017936945
225 0.0038979309611022472
226 0.004028884693980217
227 0.0038258926942944527
228 0.004197839181870222
229 0.0040232338942587376
230 0.003815257456153631
231 0.004037892911583185
232 0.0038623688742518425
233 0.0036411313340067863
234 0.003621757496148348
235 0.003753726137802005
236 0.004320313688367605
237 0.0038301032036542892
238 0.003629621583968401
239 0.004208846017718315
240 0.004014275968074799
241 0.003995875362306833
242 0.004101860802620649
243 0.0037832267116755247
244 0.003634237451478839
245 0.003626172663643956
246 0.004225954879075289
247 0.004205821081995964
248 0.004042956046760082
249 0.003900570794939995
250 0.003927414771169424
251 0.0036240892950445414
252 0.003659408539533615
253 0.003674183040857315
254 0.0037797000259160995
255 0.0037816595286130905
