0 0.003922897391021252
1 0.0035100330132991076
2 0.0037932158447802067
3 0.004045198205858469
4 0.004288811702281237
5 0.0036899338010698557
6 0.003989758901298046
7 0.003948156256228685
8 0.004139452241361141
9 0.0036188201047480106
10 0.004089914262294769
11 0.0036670148838311434
12 0.003737526712939143
13 0.0038651765789836645
14 0.003796893870458007
15 0.0038606433663517237
16 0.003855893388390541
17 0.0038106157444417477
18 0.004004849120974541
19 0.003994390834122896
20 0.0040798792615532875
21 0.004009298514574766
22 0.003950410056859255
23 0.003781665116548538
24 0.0038672846276313066
25 0.004132009111344814
26 0.003914398606866598
27 0.003819308476522565
28 0.003999158274382353
29 0.0038225282914936543
30 0.0041540637612342834
31 0.003824015613645315
32 0.003602353623136878
33 0.003466710913926363
34 0.003707305993884802
35 0.0039931959472596645
36 0.004269804339855909
37 0.00371396541595459
38 0.004001154098659754
39 0.004456295166164637
40 0.004149900749325752
41 0.003353509586304426
42 0.003857069183140993
43 0.003916029818356037
44 0.003831538138911128
45 0.00399135472252965
46 0.0040089283138513565
47 0.004368640016764402
48 0.004113391041755676
49 0.0036107872147113085
50 0.003938773181289434
51 0.003524687374010682
52 0.003991072531789541
53 0.0037537256721407175
54 0.003978670574724674
55 0.003987092059105635
56 0.004142157267779112
57 0.0037785787135362625
58 0.0036713765002787113
59 0.003610260086134076
60 0.0038139736279845238
61 0.0038578829262405634
62 0.0041719768196344376
63 0.00360187073238194
64 0.0038723780307918787
65 0.003713970771059394
66 0.0039763678796589375
67 0.0037681355606764555
68 0.0037198092322796583
69 0.00403685262426734
70 0.0042250859551131725
71 0.0037554206792265177
72 0.0041156006045639515
73 0.00361415627412498
74 0.0036341394297778606
75 0.004249604884535074
76 0.003903967095538974
77 0.0037795810494571924
78 0.003846233943477273
79 0.003606816753745079
80 0.003633612534031272
81 0.004032607190310955
82 0.0038730886299163103
83 0.0036718356423079967
84 0.004091238137334585
85 0.004039244260638952
86 0.003809022717177868
87 0.003769247094169259
88 0.0035549786407500505
89 0.0036710810381919146
90 0.004043818451464176
91 0.0037300505209714174
92 0.003993650432676077
93 0.004145599436014891
94 0.003952905535697937
95 0.003689264180138707
96 0.0038600617554038763
97 0.004338983912020922
98 0.0038220416754484177
99 0.004144820850342512
100 0.0038058718200773
101 0.004130124114453793
102 0.003725857473909855
103 0.003998501226305962
104 0.003730071010068059
105 0.004275802057236433
106 0.003668137826025486
107 0.004453430883586407
108 0.004076419398188591
109 0.0038843690417706966
110 0.003862854093313217
111 0.004163018893450499
112 0.003740196116268635
113 0.004403025843203068
114 0.004128023516386747
115 0.0038407491520047188
116 0.003970141988247633
117 0.0038756823632866144
118 0.003618009388446808
119 0.0040430184453725815
120 0.003905917052179575
121 0.0041349115781486034
122 0.004403139930218458
123 0.003920752089470625
124 0.003932974301278591
125 0.004034006502479315
126 0.004284013994038105
127 0.0038069779984652996
128 0.003593236906453967
129 0.0037503379862755537
130 0.0038405347149819136
131 0.0037883901968598366
132 0.003925499506294727
133 0.004348526243120432
134 0.0036926886532455683
135 0.0036542124580591917
136 0.0042848652228713036
137 0.003731949720531702
138 0.004017557017505169
139 0.003972900565713644
140 0.0037077325396239758
141 0.0036434177309274673
142 0.003860339056700468
143 0.0037159870844334364
144 0.003510217647999525
145 0.0046327668242156506
146 0.003966901451349258
147 0.003903937991708517
148 0.003980500623583794
149 0.0039336043410003185
150 0.004161228891462088
151 0.004253685940057039
152 0.003527488326653838
153 0.003875034162774682
154 0.0039137909188866615
155 0.003682764945551753
156 0.00395157840102911
157 0.0035687321797013283
158 0.004219201859086752
159 0.003928362391889095
160 0.003790959483012557
161 0.003509184345602989
162 0.00431162491440773
163 0.0035815623123198748
164 0.0036417823284864426
165 0.004006404895335436
166 0.004011031240224838
167 0.004166764207184315
168 0.004014578647911549
169 0.004096869844943285
170 0.0038293178658932447
171 0.003839514683932066
172 0.0036371699534356594
173 0.003631048835813999
174 0.0040342253632843494
175 0.0036962549202144146
176 0.004283605143427849
177 0.0038059891667217016
178 0.0036761879455298185
179 0.00387873244471848
180 0.0039271581918001175
181 0.00413729390129447
182 0.004161046352237463
183 0.003912048880010843
184 0.0039010802283883095
185 0.004230271093547344
186 0.0034865536727011204
187 0.0039708311669528484
188 0.003785903798416257
189 0.003935243468731642
190 0.0041666836477816105
191 0.0038006161339581013
192 0.0038035050965845585
193 0.00392528111115098
194 0.004176601301878691
195 0.004589283838868141
196 0.004187123849987984
197 0.0035313561093062162
198 0.0038838668260723352
199 0.0037774841766804457
200 0.003635469824075699
201 0.003854697570204735
202 0.004258258268237114
203 0.0038824069779366255
204 0.0038794102147221565
205 0.0036554988473653793
206 0.0036727185361087322
207 0.004056704230606556
208 0.0039990851655602455
209 0.004073623567819595
210 0.0038896941114217043
211 0.004163831938058138
212 0.0037706084549427032
213 0.0036102000158280134
214 0.0037301068659871817
215 0.004074785392731428
216 0.0037507545202970505
217 0.003937976900488138
218 0.003800442907959223
219 0.004021605011075735
220 0.0038171508349478245
221 0.0037813640665262938
222 0.003733348334208131
223 0.004203634802252054
224 0.0037943406496196985
225 0.003809205023571849
226 0.00402083108201623
227 0.004042432177811861
228 0.004621274769306183
229 0.004290103446692228
230 0.0040536015294492245
231 0.004014840815216303
232 0.00391352828592062
233 0.0036204459611326456
234 0.003615522524341941
235 0.0036888690665364265
236 0.004150826018303633
237 0.0036636011209338903
238 0.003671051701530814
239 0.00402972474694252
240 0.003809697227552533
241 0.0039076912216842175
242 0.003834995673969388
243 0.0038040897343307734
244 0.00384929939173162
245 0.00390878738835454
246 0.004155267961323261
247 0.004116575233638287
248 0.004010749980807304
249 0.003819958306849003
250 0.0037462518084794283
251 0.0035950003657490015
252 0.004007113166153431
253 0.0036192480474710464
254 0.0037766105961054564
255 0.003796531353145838
