0 0.003791993483901024
1 0.003482624888420105
2 0.0037401323206722736
3 0.0039999657310545444
4 0.004139144439250231
5 0.0038894840981811285
6 0.004107839893549681
7 0.0040758028626441956
8 0.004352657124400139
9 0.0036327100824564695
10 0.003972088452428579
11 0.003919574897736311
12 0.003655032953247428
13 0.003851182758808136
14 0.0040716067887842655
15 0.0037959390319883823
16 0.00414493540301919
17 0.003926483914256096
18 0.0038126641884446144
19 0.0038168898317962885
20 0.004154745955020189
21 0.004292611498385668
22 0.004011752549558878
23 0.003858390962705016
24 0.004003336653113365
25 0.004129256121814251
26 0.004046077840030193
27 0.0038728266954421997
28 0.0040561058558523655
29 0.0037101951893419027
30 0.004423835314810276
31 0.003691586200147867
32 0.0037251163739711046
33 0.00345693901181221
34 0.003695695661008358
35 0.004029448609799147
36 0.004086713306605816
37 0.003826006781309843
38 0.004251872189342976
39 0.004174256231635809
40 0.004139445256441832
41 0.003344582859426737
42 0.0039465478621423244
43 0.003704097354784608
44 0.0037180709186941385
45 0.0039568813517689705
46 0.004532498307526112
47 0.004217526409775019
48 0.0038033118471503258
49 0.003651164472103119
50 0.003909768536686897
51 0.003518332028761506
52 0.00393558107316494
53 0.003891865722835064
54 0.0036548275966197252
55 0.004156080540269613
56 0.0039709885604679585
57 0.003787750843912363
58 0.003857854288071394
59 0.0035208142362535
60 0.0037763388827443123
61 0.003917256370186806
62 0.004238341003656387
63 0.0035456856712698936
64 0.003951704129576683
65 0.004070652183145285
66 0.0039568254724144936
67 0.0038571173790842295
68 0.00404039490967989
69 0.004105660133063793
70 0.00419109221547842
71 0.0038766798097640276
72 0.003798288758844137
73 0.0037654901389032602
74 0.004012474790215492
75 0.004277337342500687
76 0.003956599161028862
77 0.003861143719404936
78 0.003989411052316427
79 0.003835236420854926
80 0.003730601631104946
81 0.004096249118447304
82 0.0038410176057368517
83 0.003550168126821518
84 0.004129195120185614
85 0.0037159326020628214
86 0.003782857209444046
87 0.004104194231331348
88 0.0036164098419249058
89 0.0036648064851760864
90 0.004004088696092367
91 0.0040207975544035435
92 0.003944700118154287
93 0.004360564518719912
94 0.0037832316011190414
95 0.004178577568382025
96 0.003968199249356985
97 0.004086677450686693
98 0.0038923234678804874
99 0.004145468585193157
100 0.0039976295083761215
101 0.003913304768502712
102 0.003652108833193779
103 0.004142989404499531
104 0.003484658896923065
105 0.004019554238766432
106 0.0038724932819604874
107 0.004619194660335779
108 0.004134374670684338
109 0.003623301163315773
110 0.004180749412626028
111 0.0036634316202253103
112 0.0037795191165059805
113 0.0045103998854756355
114 0.004034341778606176
115 0.0036505560856312513
116 0.004153199028223753
117 0.003944525960832834
118 0.003577800467610359
119 0.004033573903143406
120 0.003916384652256966
121 0.004400505684316158
122 0.004205720499157906
123 0.003852377412840724
124 0.0039215064607560635
125 0.004036378115415573
126 0.0042944541200995445
127 0.0038326710928231478
128 0.0037131125573068857
129 0.0037846919149160385
130 0.003865583101287484
131 0.0036073497030884027
132 0.0040161279030144215
133 0.004089511930942535
134 0.0038146316073834896
135 0.0036494459491223097
136 0.004247454460710287
137 0.0037745831068605185
138 0.004039942752569914
139 0.003946410026401281
140 0.003463461995124817
141 0.0037381420843303204
142 0.003574002766981721
143 0.0036155348643660545
144 0.0036431066691875458
145 0.00435350276529789
146 0.003765768837183714
147 0.004023986868560314
148 0.0037503766361624002
149 0.0036846299190074205
150 0.004174836911261082
151 0.00406995415687561
152 0.003649261314421892
153 0.0037926258519291878
154 0.0038065577391535044
155 0.0035054474137723446
156 0.003731813747435808
157 0.0036719071213155985
158 0.00393116706982255
159 0.0036878252867609262
160 0.0036709944251924753
161 0.003868694882839918
162 0.004384222906082869
163 0.003604236524552107
164 0.0037569876294583082
165 0.004057335201650858
166 0.003759742947295308
167 0.003777817590162158
168 0.004214640706777573
169 0.0040368977934122086
170 0.003682901384308934
171 0.003947064280509949
172 0.003542568301782012
173 0.003755864454433322
174 0.003955479245632887
175 0.004047207534313202
176 0.00423081312328577
177 0.00380760058760643
178 0.0036521556321531534
179 0.0037126478273421526
180 0.00378444348461926
181 0.004208969417959452
182 0.0038186137098819017
183 0.00374372280202806
184 0.003977328073233366
185 0.004002189263701439
186 0.0034768220502883196
187 0.003957235254347324
188 0.003930306527763605
189 0.00394969480112195
190 0.0038599763065576553
191 0.003767552087083459
192 0.0039351447485387325
193 0.004085834138095379
194 0.004213602282106876
195 0.004131300840526819
196 0.004197887144982815
197 0.003854416310787201
198 0.0038547078147530556
199 0.0037044368218630552
200 0.003867564257234335
201 0.0038913246244192123
202 0.003969080746173859
203 0.0036805698182433844
204 0.003833531867712736
205 0.0036425418220460415
206 0.0038315225392580032
207 0.003682880662381649
208 0.004014851525425911
209 0.0040374333038926125
210 0.003735628444701433
211 0.004353816621005535
212 0.0035884594544768333
213 0.0038918633945286274
214 0.004158180672675371
215 0.004073896445333958
216 0.004209803882986307
217 0.004458916373550892
218 0.0037498953752219677
219 0.0035758933518081903
220 0.0037729996256530285
221 0.004112460650503635
222 0.003480366198346019
223 0.004199393559247255
224 0.003646307857707143
225 0.004000802058726549
226 0.004096935037523508
227 0.0038710942026227713
228 0.004146062768995762
229 0.004397330805659294
230 0.003670826554298401
231 0.004241941962391138
232 0.003805960761383176
233 0.0036410437896847725
234 0.0038201615680009127
235 0.003705413546413183
236 0.004053662996739149
237 0.003996141254901886
238 0.0036289573181420565
239 0.004217501264065504
240 0.00392514280974865
241 0.003701405832543969
242 0.0040410365909338
243 0.0036017363891005516
244 0.003897265065461397
245 0.0037086871452629566
246 0.004252937622368336
247 0.0041877347975969315
248 0.003906218335032463
249 0.0038883830420672894
250 0.0034355258103460073
251 0.003621253650635481
252 0.003942085430026054
253 0.0035254613030701876
254 0.003845635335892439
255 0.0036826247815042734
