0 0.004026415757834911
1 0.00371467019431293
2 0.0038344906643033028
3 0.00383763643912971
4 0.004225163254886866
5 0.003845880040898919
6 0.004101055674254894
7 0.0041561429388821125
8 0.004088650457561016
9 0.0033367753494530916
10 0.004088080022484064
11 0.003916692920029163
12 0.0037318801041692495
13 0.003969367127865553
14 0.0039444868452847
15 0.004030840005725622
16 0.0038152115885168314
17 0.0037191566079854965
18 0.003755781101062894
19 0.004108085762709379
20 0.004130409099161625
21 0.004076414275914431
22 0.004022807814180851
23 0.0037128999829292297
24 0.004041763953864574
25 0.004120431840419769
26 0.003913983702659607
27 0.0038560661487281322
28 0.004273417871445417
29 0.003769545117393136
30 0.0040034945122897625
31 0.0036919163540005684
32 0.003427332965657115
33 0.0036780459340661764
34 0.0037390480283647776
35 0.004225221462547779
36 0.003968995064496994
37 0.0038768183439970016
38 0.0041964855045080185
39 0.0043241833336651325
40 0.004039485473185778
41 0.003693397156894207
42 0.004003360401839018
43 0.0037210206501185894
44 0.003942638169974089
45 0.003711037803441286
46 0.004405849147588015
47 0.004226683173328638
48 0.004149728454649448
49 0.0037232490722090006
50 0.004210198763757944
51 0.003765788162127137
52 0.003982217516750097
53 0.003731293836608529
54 0.0036602956242859364
55 0.0041732038371264935
56 0.003939175046980381
57 0.003628036705777049
58 0.0036161569878458977
59 0.003832533024251461
60 0.003658214583992958
61 0.0036907887551933527
62 0.004314745776355267
63 0.003749325405806303
64 0.003993534948676825
65 0.0036454738583415747
66 0.0040380158461630344
67 0.003868804546073079
68 0.0038878105115145445
69 0.004160894546657801
70 0.00412128958851099
71 0.003870545420795679
72 0.0038848447147756815
73 0.0038426932878792286
74 0.003862535348162055
75 0.004130106419324875
76 0.004057887941598892
77 0.004085696302354336
78 0.003807374741882086
79 0.00396299222484231
80 0.003909137099981308
81 0.004305731505155563
82 0.0038205471355468035
83 0.003852315479889512
84 0.00405928585678339
85 0.0036113152746111155
86 0.003805088810622692
87 0.0038696681149303913
88 0.0036985096521675587
89 0.0037068543024361134
90 0.00403804425150156
91 0.0038153906352818012
92 0.0039603798650205135
93 0.004439511336386204
94 0.0037771770730614662
95 0.004063017666339874
96 0.00385931390337646
97 0.0041513280011713505
98 0.0037828506901860237
99 0.004023782443255186
100 0.003943599294871092
101 0.004091900307685137
102 0.003709826385602355
103 0.004240597132593393
104 0.0038318410515785217
105 0.00449525099247694
106 0.0038899837527424097
107 0.0042503830045461655
108 0.004289502277970314
109 0.003519289428368211
110 0.003946350421756506
111 0.003837049938738346
112 0.003710952354595065
113 0.004170732107013464
114 0.004013012629002333
115 0.0037630933802574873
116 0.003859042190015316
117 0.003927693236619234
118 0.003785904264077544
119 0.004076965618878603
120 0.003926730714738369
121 0.0039667594246566296
122 0.004488836042582989
123 0.0038713947869837284
124 0.004156544804573059
125 0.004003954119980335
126 0.004096277989447117
127 0.0039764586836099625
128 0.0034805636387318373
129 0.0037799091078341007
130 0.003807666478678584
131 0.0037473663687705994
132 0.003928062971681356
133 0.004172847140580416
134 0.003856675699353218
135 0.0035257316194474697
136 0.004246881231665611
137 0.0037232032045722008
138 0.004125033970922232
139 0.00394069030880928
140 0.003759502898901701
141 0.003494543954730034
142 0.003752072574570775
143 0.0037526150699704885
144 0.003595022950321436
145 0.00408613495528698
146 0.003959984518587589
147 0.0040071806870400906
148 0.0036599580198526382
149 0.003769767237827182
150 0.003926657140254974
151 0.004053197801113129
152 0.003781969426199794
153 0.0039462735876441
154 0.00382374320179224
155 0.0035249029751867056
156 0.003961050882935524
157 0.003669074736535549
158 0.003858667565509677
159 0.0036440168041735888
160 0.0036651885602623224
161 0.0037892882246524096
162 0.004079880658537149
163 0.003736532758921385
164 0.003908132202923298
165 0.003933200612664223
166 0.0040812077932059765
167 0.0036769129801541567
168 0.004112841095775366
169 0.00408561434596777
170 0.0036773858591914177
171 0.0036507141776382923
172 0.003625597106292844
173 0.003790601622313261
174 0.004055709112435579
175 0.003847394837066531
176 0.004185895435512066
177 0.0038594193756580353
178 0.003588313702493906
179 0.003879738040268421
180 0.0036804652772843838
181 0.004174111410975456
182 0.0040603866800665855
183 0.0038848835974931717
184 0.003802039660513401
185 0.004161770921200514
186 0.003619407070800662
187 0.0037649429868906736
188 0.004026826471090317
189 0.003841298632323742
190 0.004133264534175396
191 0.003526153275743127
192 0.003892716020345688
193 0.004042144399136305
194 0.0039901589043438435
195 0.004006837960332632
196 0.004187250975519419
197 0.0036900718696415424
198 0.00372431892901659
199 0.0037848609499633312
200 0.003859906457364559
201 0.003661156166344881
202 0.003983782604336739
203 0.0036974186077713966
204 0.003873225301504135
205 0.0038459203206002712
206 0.0036733343731611967
207 0.003755793906748295
208 0.004201728384941816
209 0.003984874580055475
210 0.003805119078606367
211 0.003942376933991909
212 0.003650856204330921
213 0.003918625880032778
214 0.004122604615986347
215 0.004085629712790251
216 0.003912570886313915
217 0.004059349186718464
218 0.003700957866385579
219 0.003634951077401638
220 0.003841463942080736
221 0.0040212771855294704
222 0.0037032770924270153
223 0.003979024477303028
224 0.0039545693434774876
225 0.003953929059207439
226 0.003992291633039713
227 0.0037994314916431904
228 0.004096683114767075
229 0.0041703577153384686
230 0.0037346503231674433
231 0.004121903330087662
232 0.0037925350479781628
233 0.0037833095993846655
234 0.0037306949961930513
235 0.0038193832151591778
236 0.004206548910588026
237 0.0038779715541750193
238 0.003806711407378316
239 0.004200592637062073
240 0.004037334118038416
241 0.004025332164019346
242 0.0039620231837034225
243 0.0036985415499657393
244 0.0037895869463682175
245 0.003775745164602995
246 0.004217477049678564
247 0.004146216437220573
248 0.003908807877451181
249 0.003950534854084253
250 0.0037134881131350994
251 0.003503201063722372
252 0.003871151013299823
253 0.003803972387686372
254 0.0038505354896187782
255 0.0037309841718524694
