0 0.0038925055414438248
1 0.003397055435925722
2 0.0038452455773949623
3 0.0038382699713110924
4 0.004235691856592894
5 0.003870223416015506
6 0.004063283558934927
7 0.004073186311870813
8 0.004055611789226532
9 0.00352886482141912
10 0.004256253596395254
11 0.0038446038961410522
12 0.0037090133409947157
13 0.003927952144294977
14 0.003752505173906684
15 0.003982796333730221
16 0.0038513883482664824
17 0.003943002782762051
18 0.003824931802228093
19 0.004004755523055792
20 0.004069524351507425
21 0.004141032230108976
22 0.003828276414424181
23 0.0036325007677078247
24 0.003832254558801651
25 0.003937195520848036
26 0.004026963375508785
27 0.003980080597102642
28 0.003982784226536751
29 0.0039037021342664957
30 0.004486407153308392
31 0.004097272641956806
32 0.0036980612203478813
33 0.0036915354430675507
34 0.0035461452789604664
35 0.004093985538929701
36 0.004070324823260307
37 0.0037666689604520798
38 0.003888501552864909
39 0.0040511577390134335
40 0.003984862472862005
41 0.003507779212668538
42 0.0040491982363164425
43 0.003681289032101631
44 0.0037971811834722757
45 0.003987693693488836
46 0.003989147488027811
47 0.004109526984393597
48 0.0040314351208508015
49 0.003825114108622074
50 0.004205198027193546
51 0.0036644863430410624
52 0.004050915129482746
53 0.003620140254497528
54 0.00388551177456975
55 0.003948809579014778
56 0.004094792529940605
57 0.003632113803178072
58 0.003803551895543933
59 0.00368054723367095
60 0.003935272339731455
61 0.004073736723512411
62 0.004339149221777916
63 0.003788572270423174
64 0.004163299687206745
65 0.0039048949256539345
66 0.0037755288649350405
67 0.0040059457533061504
68 0.0037999737542122602
69 0.004028639290481806
70 0.00424475921317935
71 0.003931059036403894
72 0.0038673386443406343
73 0.0038740115705877542
74 0.003785151755437255
75 0.004163301084190607
76 0.0040182871744036674
77 0.004166925325989723
78 0.003802238730713725
79 0.0036948369815945625
80 0.003670681035146117
81 0.004169939085841179
82 0.003782474435865879
83 0.0037005660124123096
84 0.004098609089851379
85 0.00383306248113513
86 0.003833155846223235
87 0.003945847507566214
88 0.0036628672387450933
89 0.0036093592643737793
90 0.0040135253220796585
91 0.004051015712320805
92 0.003891189116984606
93 0.004025103524327278
94 0.003723196219652891
95 0.003966686315834522
96 0.004012618213891983
97 0.004132185596972704
98 0.003800872713327408
99 0.004095722921192646
100 0.00391006376594305
101 0.004258292727172375
102 0.0037485803477466106
103 0.004059156868606806
104 0.003714201273396611
105 0.004109487868845463
106 0.004032195080071688
107 0.0046302322298288345
108 0.004360763821750879
109 0.003923268057405949
110 0.0038470174185931683
111 0.0038606589660048485
112 0.0037419083528220654
113 0.004340976942330599
114 0.004009390715509653
115 0.0038593229837715626
116 0.003968210890889168
117 0.003865111619234085
118 0.0035732456017285585
119 0.003912974614650011
120 0.003899824805557728
121 0.0041340915486216545
122 0.004359645303338766
123 0.0037171535659581423
124 0.004037511069327593
125 0.004042256157845259
126 0.004212610889226198
127 0.0038053193129599094
128 0.00353590352460742
129 0.003588524181395769
130 0.0037217296194285154
131 0.0037109018303453922
132 0.004130171611905098
133 0.0041361902840435505
134 0.003935450688004494
135 0.003605231875553727
136 0.004122133832424879
137 0.003787479130551219
138 0.004007274750620127
139 0.0036996176932007074
140 0.0038407782558351755
141 0.0035351328551769257
142 0.0038621509447693825
143 0.0038248340133577585
144 0.0034659274388104677
145 0.004202228970825672
146 0.003905058605596423
147 0.003762648208066821
148 0.003932479303330183
149 0.0038951404858380556
150 0.004118507727980614
151 0.004172000102698803
152 0.0037279759999364614
153 0.004086155444383621
154 0.003963347524404526
155 0.0037692859768867493
156 0.0037249946035444736
157 0.003546901745721698
158 0.003971355967223644
159 0.003714017104357481
160 0.0036850925534963608
161 0.0036758286878466606
162 0.004049824085086584
163 0.003565875580534339
164 0.0038417314644902945
165 0.0037908246740698814
166 0.004112024791538715
167 0.004136752337217331
168 0.0040616197511553764
169 0.003979267552495003
170 0.003881175071001053
171 0.0038580559194087982
172 0.003729110350832343
173 0.0036481053102761507
174 0.004000606946647167
175 0.004180899355560541
176 0.004262043163180351
177 0.0038049505092203617
178 0.003556953277438879
179 0.003671921556815505
180 0.0038333632983267307
181 0.0041954051703214645
182 0.0038455664180219173
183 0.0037907236255705357
184 0.0038466088008135557
185 0.004085061140358448
186 0.0036281344946473837
187 0.0038260454311966896
188 0.0038349521346390247
189 0.003911328501999378
190 0.004051106981933117
191 0.0037078075110912323
192 0.004008100833743811
193 0.0039238156750798225
194 0.004340134095400572
195 0.004299696069210768
196 0.004238808061927557
197 0.003797464305534959
198 0.003866430837661028
199 0.003914202097803354
200 0.0037037290167063475
201 0.0040297298692166805
202 0.0038771010003983974
203 0.003791885217651725
204 0.0038535024505108595
205 0.003543516620993614
206 0.0035994485951960087
207 0.004233975894749165
208 0.004027273505926132
209 0.004110519774258137
210 0.0035456723999232054
211 0.004229063168168068
212 0.0036750773433595896
213 0.003704279661178589
214 0.003923824522644281
215 0.003937991801649332
216 0.0039767310954630375
217 0.003979284781962633
218 0.004014772828668356
219 0.003911613021045923
220 0.0037625900004059076
221 0.00402875617146492
222 0.003597864182665944
223 0.004215858411043882
224 0.0037475693970918655
225 0.00384332612156868
226 0.004045438952744007
227 0.003995952662080526
228 0.004158139228820801
229 0.0042392113246023655
230 0.003732481272891164
231 0.004040659870952368
232 0.0038931621238589287
233 0.00371843040920794
234 0.003634182270616293
235 0.003766990266740322
236 0.004092520102858543
237 0.003694802289828658
238 0.00364921847358346
239 0.003912942949682474
240 0.003830432891845703
241 0.0039811329916119576
242 0.003830166067928076
243 0.0037809235509485006
244 0.003988956566900015
245 0.0038897350896149874
246 0.004335805773735046
247 0.003908222075551748
248 0.003958943299949169
249 0.0038998888339847326
250 0.0037512918934226036
251 0.0036401664838194847
252 0.0037219072692096233
253 0.003509417874738574
254 0.003841623431071639
255 0.00376741960644722
