0 0.004034609068185091
1 0.0033210101537406445
2 0.0036916551180183887
3 0.0038025120738893747
4 0.004301554523408413
5 0.004028572700917721
6 0.00405644066631794
7 0.0040191225707530975
8 0.004116242751479149
9 0.0036253242287784815
10 0.004044376313686371
11 0.003937857691198587
12 0.0037501666229218245
13 0.003832482732832432
14 0.003806201508268714
15 0.003748430870473385
16 0.00418472196906805
17 0.003739550244063139
18 0.0037600991781800985
19 0.003882122226059437
20 0.004186146892607212
21 0.004203015938401222
22 0.004133653361350298
23 0.0037984102964401245
24 0.004077220801264048
25 0.003993735183030367
26 0.004055993165820837
27 0.0039430526085197926
28 0.0039144475013017654
29 0.003757048398256302
30 0.004263729322701693
31 0.0038765030913054943
32 0.003564112586900592
33 0.003633699845522642
34 0.003781720530241728
35 0.004122589249163866
36 0.004193663131445646
37 0.0038295798003673553
38 0.004047572612762451
39 0.004296955186873674
40 0.004215661436319351
41 0.0033552637323737144
42 0.00372688309289515
43 0.0039036250673234463
44 0.0037644095718860626
45 0.003709504147991538
46 0.004464899189770222
47 0.0040561743080616
48 0.004103755112737417
49 0.0037103944923728704
50 0.004327224101871252
51 0.0035814177244901657
52 0.003972124308347702
53 0.0036761080846190453
54 0.003890536492690444
55 0.004241775255650282
56 0.004194863606244326
57 0.003822110127657652
58 0.0036865309812128544
59 0.003664209507405758
60 0.0037832327652722597
61 0.003919591195881367
62 0.004266663454473019
63 0.0037740198895335197
64 0.003987069707363844
65 0.0036683150101453066
66 0.0037986913230270147
67 0.0037418329156935215
68 0.003986502531915903
69 0.004005270078778267
70 0.004178002011030912
71 0.003919009119272232
72 0.0037026293575763702
73 0.003615553257986903
74 0.0037668521981686354
75 0.00442652078345418
76 0.004115871619433165
77 0.003813631134107709
78 0.004049086011946201
79 0.003776522818952799
80 0.003754410892724991
81 0.004257367458194494
82 0.0037624812684953213
83 0.0036657925229519606
84 0.003930576145648956
85 0.003852792317047715
86 0.003483382984995842
87 0.0038973363116383553
88 0.003594296984374523
89 0.003705228678882122
90 0.004002448637038469
91 0.004100265447050333
92 0.003922772128134966
93 0.0041906205005943775
94 0.003712758654728532
95 0.0038552521727979183
96 0.003869105828925967
97 0.004195559769868851
98 0.003764788154512644
99 0.004123971331864595
100 0.003852143418043852
101 0.003654895117506385
102 0.0038894973695278168
103 0.004066809546202421
104 0.0036734642926603556
105 0.004258028697222471
106 0.0038322845939546824
107 0.00462945643812418
108 0.004057265818119049
109 0.0037402166053652763
110 0.0037539133336395025
111 0.003852429799735546
112 0.0036398828960955143
113 0.004504721146076918
114 0.003835174487903714
115 0.003702823305502534
116 0.0038990993052721024
117 0.0038675761315971613
118 0.003538996446877718
119 0.0039712428115308285
120 0.0038121752440929413
121 0.004017307423055172
122 0.0044794282875955105
123 0.004043380729854107
124 0.003966283518821001
125 0.003969045355916023
126 0.004207576159387827
127 0.003745106980204582
128 0.0036755676846951246
129 0.0036740500945597887
130 0.0038299064617604017
131 0.0038326960057020187
132 0.003867847379297018
133 0.004405018873512745
134 0.003839754033833742
135 0.0035371221601963043
136 0.004186303820461035
137 0.0038927895948290825
138 0.00405867537483573
139 0.003995030652731657
140 0.0036980658769607544
141 0.0037167523987591267
142 0.0038394955918192863
143 0.00383099727332592
144 0.0034633607137948275
145 0.004237246233969927
146 0.0037451584357768297
147 0.003935737069696188
148 0.004142425954341888
149 0.0037739442195743322
150 0.004051727242767811
151 0.0042776139453053474
152 0.0036425755824893713
153 0.003945718053728342
154 0.003780100494623184
155 0.003822882426902652
156 0.0037891524843871593
157 0.003649028716608882
158 0.003933426924049854
159 0.0038116546347737312
160 0.003784775035455823
161 0.003697991371154785
162 0.004287317860871553
163 0.003739298088476062
164 0.0037184064276516438
165 0.0037099632900208235
166 0.004078959114849567
167 0.003856329945847392
168 0.004204635042697191
169 0.004178826697170734
170 0.003743839217349887
171 0.003735265228897333
172 0.003676852211356163
173 0.003604802070185542
174 0.004006448667496443
175 0.0037764296866953373
176 0.004253191873431206
177 0.0038660981226712465
178 0.00364474905654788
179 0.0037677541840821505
180 0.003790397197008133
181 0.004429494962096214
182 0.004056103061884642
183 0.003972103353589773
184 0.004065665416419506
185 0.004338668193668127
186 0.003438466228544712
187 0.003931444603949785
188 0.003890471998602152
189 0.003972088918089867
190 0.004062861204147339
191 0.003694647690281272
192 0.004009446129202843
193 0.004142963793128729
194 0.004022244829684496
195 0.004050077870488167
196 0.004084549844264984
197 0.0038549501914530993
198 0.0038676061667501926
199 0.0038388788234442472
200 0.0037685802672058344
201 0.0036964586470276117
202 0.004050481598824263
203 0.003853732254356146
204 0.00381282321177423
205 0.003928929101675749
206 0.0036538036074489355
207 0.004140930250287056
208 0.0038957102224230766
209 0.00405295891687274
210 0.0036185835488140583
211 0.004046504385769367
212 0.00360265769995749
213 0.00401617307215929
214 0.003959530498832464
215 0.004004483576864004
216 0.0040505919605493546
217 0.0041174753569066525
218 0.003962773829698563
219 0.0038542463444173336
220 0.0038321276661008596
221 0.004146737977862358
222 0.0036509500350803137
223 0.0041849189437925816
224 0.0038939937949180603
225 0.0038820584304630756
226 0.004062945954501629
227 0.0037589981220662594
228 0.0041558812372386456
229 0.004145439248532057
230 0.003687709802761674
231 0.004292474128305912
232 0.004042379558086395
233 0.003676086664199829
234 0.0036990127991884947
235 0.0037055322900414467
236 0.0041038161143660545
237 0.0037624246906489134
238 0.0037354915402829647
239 0.00401971023529768
240 0.003992040175944567
241 0.0037286290898919106
242 0.003917152062058449
243 0.0036354921758174896
244 0.003780645551159978
245 0.003756118705496192
246 0.004060560837388039
247 0.004071792121976614
248 0.003703322261571884
249 0.0037597345653921366
250 0.0037598113995045424
251 0.003379417583346367
252 0.004027494229376316
253 0.0036367331631481647
254 0.004159517586231232
255 0.0035589076578617096
