0 0.0039017414674162865
1 0.0035536556970328093
2 0.003956845495849848
3 0.0037287299055606127
4 0.004303429741412401
5 0.0038437240291386843
6 0.004099389538168907
7 0.004104257095605135
8 0.003929017577320337
9 0.003617470618337393
10 0.003999709617346525
11 0.0038077831268310547
12 0.0038509280420839787
13 0.0039029186591506004
14 0.003969063516706228
15 0.0038644003216177225
16 0.004011594690382481
17 0.0038304594345390797
18 0.003920033108443022
19 0.0038129957392811775
20 0.004238237161189318
21 0.003939908463507891
22 0.00394929014146328
23 0.003934579901397228
24 0.00388183887116611
25 0.004065105691552162
26 0.004092671442776918
27 0.004209576174616814
28 0.004156514536589384
29 0.0038112502079457045
30 0.004188512917608023
31 0.003760190214961767
32 0.003581950906664133
33 0.003481517545878887
34 0.0037445214111357927
35 0.003892303444445133
36 0.004080069717019796
37 0.00386998918838799
38 0.004068705253303051
39 0.004223894327878952
40 0.003952112048864365
41 0.003435249673202634
42 0.0037943455390632153
43 0.003854963695630431
44 0.003913945518434048
45 0.003876256989315152
46 0.004002754110842943
47 0.0042158630676567554
48 0.003972203005105257
49 0.003649391932412982
50 0.004096785094588995
51 0.003765277797356248
52 0.004011794459074736
53 0.0037280009128153324
54 0.0037699101958423853
55 0.003968338016420603
56 0.004007868003100157
57 0.0036065904423594475
58 0.003677604952827096
59 0.0036605068016797304
60 0.003880124306306243
61 0.003933905158191919
62 0.004319613333791494
63 0.0037893173284828663
64 0.004230172839015722
65 0.0038537553045898676
66 0.0037864253390580416
67 0.0036889517214149237
68 0.003891371190547943
69 0.003972659353166819
70 0.004226658493280411
71 0.004070459399372339
72 0.0038197103422135115
73 0.0039047833997756243
74 0.0038416592869907618
75 0.004149506334215403
76 0.004070890136063099
77 0.0040720440447330475
78 0.004009767435491085
79 0.00366586004383862
80 0.003827490611001849
81 0.0041860551573336124
82 0.003895688336342573
83 0.0037470499519258738
84 0.003834458999335766
85 0.003933594562113285
86 0.00405406067147851
87 0.003982506226748228
88 0.0036234178114682436
89 0.003773646429181099
90 0.003938109148293734
91 0.00394048634916544
92 0.003951142076402903
93 0.004275766666978598
94 0.0038831571582704782
95 0.003878438612446189
96 0.0038392471615225077
97 0.004086999222636223
98 0.0039085703901946545
99 0.0039757294580340385
100 0.0040787928737699986
101 0.003910009749233723
102 0.00401191646233201
103 0.004175129812210798
104 0.00376985059119761
105 0.0042349956929683685
106 0.003804481355473399
107 0.0044534881599247456
108 0.004231740720570087
109 0.003851101500913501
110 0.0037999479100108147
111 0.003822002559900284
112 0.003697893815115094
113 0.00446308683604002
114 0.0040137567557394505
115 0.003751239972189069
116 0.003971206024289131
117 0.004046102520078421
118 0.0035658220294862986
119 0.003872144501656294
120 0.00375824561342597
121 0.004078187048435211
122 0.004314003977924585
123 0.0038466271944344044
124 0.004099366720765829
125 0.0038552579935640097
126 0.0040885647758841515
127 0.003893875749781728
128 0.00368925160728395
129 0.0036515865940600634
130 0.0037799468263983727
131 0.0035718283616006374
132 0.0038216293323785067
133 0.004270201548933983
134 0.004004369024187326
135 0.003427005372941494
136 0.004278421867638826
137 0.0038373947609215975
138 0.003963158931583166
139 0.0038834908045828342
140 0.00385754881426692
141 0.003575065638870001
142 0.0037193174939602613
143 0.003692019497975707
144 0.0038058976642787457
145 0.004274917300790548
146 0.0038029809948056936
147 0.00394285237416625
148 0.003690069541335106
149 0.0035495988558977842
150 0.003895428031682968
151 0.003997280262410641
152 0.0033569736406207085
153 0.003760306863114238
154 0.0037879899609833956
155 0.003510315204039216
156 0.0037217235658317804
157 0.0036063084844499826
158 0.0040272013284265995
159 0.0037138788029551506
160 0.0037448385264724493
161 0.0037477153819054365
162 0.004260300658643246
163 0.003654087893664837
164 0.0037636857014149427
165 0.0038571027107536793
166 0.003923153039067984
167 0.003841123543679714
168 0.00428472924977541
169 0.004045686684548855
170 0.0038837629836052656
171 0.003843998536467552
172 0.003691848134621978
173 0.0036968206986784935
174 0.003926021978259087
175 0.0039771609008312225
176 0.004211314022541046
177 0.003970973659306765
178 0.0035793499555438757
179 0.0038018738850951195
180 0.003628737526014447
181 0.004435393493622541
182 0.003951086197048426
183 0.004132821224629879
184 0.0040781088173389435
185 0.004065566696226597
186 0.0037087907548993826
187 0.003870865795761347
188 0.0038423992227762938
189 0.0038665032479912043
190 0.003939969930797815
191 0.0038208747282624245
192 0.0039012948982417583
193 0.004087716341018677
194 0.003964973147958517
195 0.00412928219884634
196 0.004133551847189665
197 0.0036300169304013252
198 0.0036935501266270876
199 0.003800841048359871
200 0.003826723899692297
201 0.003659432288259268
202 0.0039879209361970425
203 0.003734283847734332
204 0.00384994107298553
205 0.003709807526320219
206 0.003826309461146593
207 0.003964060451835394
208 0.004032998811453581
209 0.00403292290866375
210 0.0036842389963567257
211 0.004046998452395201
212 0.003657281631603837
213 0.003955647815018892
214 0.004218094516545534
215 0.0040069264359772205
216 0.004093124531209469
217 0.004178226925432682
218 0.0037991695571690798
219 0.0036401289980858564
220 0.003985132556408644
221 0.004120484925806522
222 0.0036875647492706776
223 0.004141713492572308
224 0.003863382153213024
225 0.004008221440017223
226 0.0041176131926476955
227 0.0038272810634225607
228 0.004025623667985201
229 0.004233640152961016
230 0.0038068422582000494
231 0.004125840030610561
232 0.003775082528591156
233 0.0037258195225149393
234 0.003730709897354245
235 0.0036463565193116665
236 0.0041248672641813755
237 0.0038814705330878496
238 0.003902345197275281
239 0.0040067341178655624
240 0.00418767798691988
241 0.0037977329920977354
242 0.0039043608121573925
243 0.003865550272166729
244 0.0038386902306228876
245 0.003691319143399596
246 0.004213013220578432
247 0.0041376384906470776
248 0.0038232223596423864
249 0.0041007306426763535
250 0.0037223524414002895
251 0.0036640644539147615
252 0.0038961449172347784
253 0.003719479078426957
254 0.003826499916613102
255 0.003806117456406355
