0 0.003903801552951336
1 0.003483247710391879
2 0.003951978869736195
3 0.004072962794452906
4 0.003996643237769604
5 0.003845507511869073
6 0.004185966681689024
7 0.003812306560575962
8 0.004332052543759346
9 0.003566292580217123
10 0.004130312707275152
11 0.003851669142022729
12 0.003516329452395439
13 0.003792938543483615
14 0.0038066136185079813
15 0.0037142501678317785
16 0.003841171972453594
17 0.004155034199357033
18 0.0038256889674812555
19 0.003791788825765252
20 0.004006297793239355
21 0.004173147026449442
22 0.0040013412944972515
23 0.0036434882786124945
24 0.004205264151096344
25 0.004131035413593054
26 0.004009201657027006
27 0.003747848328202963
28 0.004069910384714603
29 0.0038473838940262794
30 0.003994260914623737
31 0.004077673424035311
32 0.003844171529635787
33 0.0035877369809895754
34 0.0035829537082463503
35 0.00414650421589613
36 0.004266149364411831
37 0.0037819985300302505
38 0.0040221018716692924
39 0.004133637063205242
40 0.003904299344867468
41 0.003388621611520648
42 0.004035029094666243
43 0.003819023258984089
44 0.003643398405984044
45 0.003788925474509597
46 0.004307605791836977
47 0.004182815086096525
48 0.0038615409284830093
49 0.0037478518206626177
50 0.004153789486736059
51 0.0034072676207870245
52 0.004070528317242861
53 0.0036531805526465178
54 0.0037455386482179165
55 0.004194744396954775
56 0.003965896554291248
57 0.003800171660259366
58 0.003831726498901844
59 0.0038923327811062336
60 0.0037415968254208565
61 0.003951610065996647
62 0.004093848168849945
63 0.004063130356371403
64 0.0036745343822985888
65 0.003722868859767914
66 0.0037727640010416508
67 0.003935806453227997
68 0.003687724005430937
69 0.003955482039600611
70 0.0040956297889351845
71 0.003913319669663906
72 0.003990003373473883
73 0.0037891706451773643
74 0.0039182398468256
75 0.004238165449351072
76 0.004117307718843222
77 0.0038981514517217875
78 0.004043571650981903
79 0.0038027879782021046
80 0.0035946809221059084
81 0.004147763829678297
82 0.003962230868637562
83 0.0037170567084103823
84 0.004244258161634207
85 0.0036523407325148582
86 0.003937763627618551
87 0.004006967879831791
88 0.003694715676829219
89 0.0036955627147108316
90 0.004348214715719223
91 0.00391556229442358
92 0.0040150536224246025
93 0.004302486777305603
94 0.003610825864598155
95 0.003662100061774254
96 0.003986132796853781
97 0.003955743741244078
98 0.0037677951622754335
99 0.004214477259665728
100 0.003768728580325842
101 0.004051834810525179
102 0.003615353023633361
103 0.004110701847821474
104 0.003793042153120041
105 0.004102373495697975
106 0.003669624449685216
107 0.0044129397720098495
108 0.0041488828137516975
109 0.003825233317911625
110 0.0039929114282131195
111 0.0039347195997834206
112 0.0039031486958265305
113 0.004136166535317898
114 0.003986616153270006
115 0.0035901914816349745
116 0.003787308931350708
117 0.0038423691876232624
118 0.003916728310286999
119 0.0038865909446030855
120 0.004058067221194506
121 0.004391301888972521
122 0.004102169070392847
123 0.003764278721064329
124 0.0040970840491354465
125 0.0037437183782458305
126 0.004204357974231243
127 0.003761513624340296
128 0.0037646673154085875
129 0.0035838186740875244
130 0.0036928318440914154
131 0.0038206675089895725
132 0.003959380555897951
133 0.004411122761666775
134 0.0038255087565630674
135 0.003707010531798005
136 0.0045061795972287655
137 0.003878144547343254
138 0.0038342939224094152
139 0.003986550495028496
140 0.0035777247976511717
141 0.003629777580499649
142 0.0038535548374056816
143 0.003738061524927616
144 0.003487642854452133
145 0.004110017791390419
146 0.003899134462699294
147 0.003941251430660486
148 0.0038288442883640528
149 0.004057740326970816
150 0.0039259567856788635
151 0.004021917935460806
152 0.003864638740196824
153 0.0038791007827967405
154 0.003865364706143737
155 0.0035964385606348515
156 0.0037943029310554266
157 0.0037572707515209913
158 0.004045735578984022
159 0.0038405107334256172
160 0.0036918262485414743
161 0.0038024932146072388
162 0.004235124681144953
163 0.0037255045026540756
164 0.0040052211843431
165 0.003974280785769224
166 0.003873944515362382
167 0.0038441666401922703
168 0.004145283252000809
169 0.003931373357772827
170 0.00377794005908072
171 0.003935307264328003
172 0.0037522304337471724
173 0.003759113373234868
174 0.004065982066094875
175 0.003992837388068438
176 0.004356612451374531
177 0.003921752795577049
178 0.00378335639834404
179 0.003667237237095833
180 0.003941868897527456
181 0.004106565378606319
182 0.004054896999150515
183 0.003664484014734626
184 0.003991671372205019
185 0.004094709176570177
186 0.0038400841876864433
187 0.0037902446929365396
188 0.004110255744308233
189 0.003999459091573954
190 0.0038514009211212397
191 0.0038216847460716963
192 0.0038446523249149323
193 0.003828630084171891
194 0.004211743827909231
195 0.0041482471860945225
196 0.004235429689288139
197 0.0037542972713708878
198 0.003942086827009916
199 0.004012876655906439
200 0.0038679162971675396
201 0.0038797950837761164
202 0.003908999264240265
203 0.00372903048992157
204 0.003645094810053706
205 0.003660912159830332
206 0.0037597280461341143
207 0.0038212959188967943
208 0.004011307377368212
209 0.003966205753386021
210 0.0036085282918065786
211 0.004047152120620012
212 0.00363943912088871
213 0.0038187748286873102
214 0.004118125885725021
215 0.004034607205539942
216 0.004049467388540506
217 0.00417267344892025
218 0.0036779381334781647
219 0.0037483342457562685
220 0.004063138272613287
221 0.00387701578438282
222 0.0037072396371513605
223 0.0042393384501338005
224 0.003591261338442564
225 0.004050588700920343
226 0.0041769715026021
227 0.003565322607755661
228 0.004160655662417412
229 0.004173067398369312
230 0.004062000662088394
231 0.004198734182864428
232 0.003838985227048397
233 0.0038266009651124477
234 0.003719218075275421
235 0.0038087458815425634
236 0.0038555681239813566
237 0.0038560095708817244
238 0.0036509723868221045
239 0.003865289967507124
240 0.0039180186577141285
241 0.004034360405057669
242 0.0037190576549619436
243 0.003786848857998848
244 0.003968049772083759
245 0.0038515867199748755
246 0.004133922979235649
247 0.004019455052912235
248 0.004132297355681658
249 0.003879629774019122
250 0.0035242787562310696
251 0.003541393205523491
252 0.0038246004842221737
253 0.0038678767159581184
254 0.003817994613200426
255 0.00367816723883152
