0 0.00410186592489481
1 0.0032112551853060722
2 0.003933330066502094
3 0.003916167188435793
4 0.00416053831577301
5 0.003833407536149025
6 0.004124593921005726
7 0.004067546688020229
8 0.0042225695215165615
9 0.0035922620445489883
10 0.004475177265703678
11 0.003967637196183205
12 0.003464916255325079
13 0.003823156002908945
14 0.003882672870531678
15 0.0038943144027143717
16 0.003917616326361895
17 0.004079432692378759
18 0.00343904085457325
19 0.003994253929704428
20 0.004055486060678959
21 0.004108573775738478
22 0.004126714076846838
23 0.0036944528110325336
24 0.004220816306769848
25 0.004037658218294382
26 0.0038955812342464924
27 0.003988557029515505
28 0.0038758215960115194
29 0.003989059943705797
30 0.004406604915857315
31 0.00402282178401947
32 0.0036999592557549477
33 0.00365745578892529
34 0.0034305094741284847
35 0.0038994045462459326
36 0.004247611854225397
37 0.0037139172200113535
38 0.00413665734231472
39 0.004002528730779886
40 0.0039915903471410275
41 0.003472133306786418
42 0.0039030432235449553
43 0.003809613874182105
44 0.0037133977748453617
45 0.003872180124744773
46 0.004049151204526424
47 0.004397873301059008
48 0.004185302183032036
49 0.0038744467310607433
50 0.00421628262847662
51 0.003334531793370843
52 0.004169441293925047
53 0.0037189077120274305
54 0.0038124765269458294
55 0.0040798187255859375
56 0.004109128378331661
57 0.00389655539765954
58 0.00403798371553421
59 0.0037598733324557543
60 0.0036515621468424797
61 0.004270913079380989
62 0.004310690797865391
63 0.003694548737257719
64 0.0037049464881420135
65 0.0037794774398207664
66 0.003918117843568325
67 0.003919420763850212
68 0.0038292172830551863
69 0.004099419340491295
70 0.0043213143944740295
71 0.003973106853663921
72 0.004005285445600748
73 0.003913617692887783
74 0.003554397029802203
75 0.004442879464477301
76 0.0039968122728168964
77 0.004191004205495119
78 0.004010103642940521
79 0.003988268785178661
80 0.003598699579015374
81 0.003947587218135595
82 0.0038766441866755486
83 0.0036292511504143476
84 0.0037999844644218683
85 0.0038052182644605637
86 0.0035602510906755924
87 0.003859542775899172
88 0.0035633970983326435
89 0.0038199960254132748
90 0.004092235583811998
91 0.003923906944692135
92 0.003956407308578491
93 0.004035886377096176
94 0.0038102595135569572
95 0.003971135709434748
96 0.004112619906663895
97 0.004241700749844313
98 0.0035655763931572437
99 0.004230899270623922
100 0.003975131083279848
101 0.004101846367120743
102 0.0037126801908016205
103 0.004183948040008545
104 0.004020445514470339
105 0.004015889950096607
106 0.004154664929956198
107 0.004378426354378462
108 0.00436668936163187
109 0.0039475117810070515
110 0.004092331975698471
111 0.0038012315053492785
112 0.003746737726032734
113 0.004022316075861454
114 0.004184278659522533
115 0.0038243464659899473
116 0.004164048470556736
117 0.004018628969788551
118 0.0035689836367964745
119 0.0037647010758519173
120 0.0040599992498755455
121 0.004049855284392834
122 0.00461684912443161
123 0.003964705858379602
124 0.003975039813667536
125 0.0037344545125961304
126 0.004388481378555298
127 0.0037973772268742323
128 0.0037971721030771732
129 0.003579111536964774
130 0.003791996045038104
131 0.003722470486536622
132 0.0039036546368151903
133 0.0040038269944489
134 0.003768737893551588
135 0.0034822106827050447
136 0.004293943289667368
137 0.004105608444660902
138 0.003769470378756523
139 0.0038341786712408066
140 0.0035272492095828056
141 0.0032641165889799595
142 0.003915924578905106
143 0.0036576250568032265
144 0.003525425447151065
145 0.0038219825364649296
146 0.0037262241821736097
147 0.003700277069583535
148 0.004100137390196323
149 0.004242311231791973
150 0.003891042433679104
151 0.003977740649133921
152 0.003688499331474304
153 0.0038993286434561014
154 0.003552572801709175
155 0.003644918091595173
156 0.003951131831854582
157 0.003643979085609317
158 0.0038603313732892275
159 0.0036526985932141542
160 0.003678038716316223
161 0.003944400232285261
162 0.0044358582235872746
163 0.003680560505017638
164 0.004021039232611656
165 0.0041783591732382774
166 0.003829070134088397
167 0.003860321594402194
168 0.004138175398111343
169 0.003939730580896139
170 0.003795115975663066
171 0.004014851525425911
172 0.00372340832836926
173 0.003924467135220766
174 0.004060140810906887
175 0.003912381827831268
176 0.004443329758942127
177 0.003991283942013979
178 0.0034656720235943794
179 0.0036287978291511536
180 0.0037297226954251528
181 0.0040885149501264095
182 0.004072618205100298
183 0.0038210577331483364
184 0.0038886787369847298
185 0.004363554995507002
186 0.003497620578855276
187 0.0036976728588342667
188 0.0041154008358716965
189 0.003811522852629423
190 0.003732484532520175
191 0.003849155269563198
192 0.0037552141584455967
193 0.0039750998839735985
194 0.004052738193422556
195 0.004285206086933613
196 0.0044809565879404545
197 0.00362941762432456
198 0.004089311696588993
199 0.003935472574084997
200 0.0036331492010504007
201 0.003920102957636118
202 0.003707428928464651
203 0.003925816621631384
204 0.0035823292564600706
205 0.00374060170724988
206 0.00381491263397038
207 0.003971452359110117
208 0.00380122778005898
209 0.004065386950969696
210 0.0035945724230259657
211 0.004115721210837364
212 0.003492256859317422
213 0.0038539215456694365
214 0.003963911440223455
215 0.004019864834845066
216 0.004062506835907698
217 0.003999433014541864
218 0.00371881783939898
219 0.00364415580406785
220 0.003902855794876814
221 0.003937378525733948
222 0.003716222709044814
223 0.004012771416455507
224 0.003601203439757228
225 0.0038246014155447483
226 0.00422185193747282
227 0.0035756202414631844
228 0.003944902215152979
229 0.004241134040057659
230 0.00363897904753685
231 0.004332204815000296
232 0.004009532742202282
233 0.0037539685145020485
234 0.0037426447961479425
235 0.0038734255358576775
236 0.003912252373993397
237 0.003712198231369257
238 0.003593531670048833
239 0.00392241682857275
240 0.0039783138781785965
241 0.003885020734742284
242 0.0037182203959673643
243 0.003809550777077675
244 0.0037391954101622105
245 0.003732404438778758
246 0.004139467608183622
247 0.004124906845390797
248 0.003959242720156908
249 0.0038282901514321566
250 0.0037098308093845844
251 0.003599351504817605
252 0.0038381994236260653
253 0.0035783692728728056
254 0.004232220817357302
255 0.0038742416072636843
