0 0.0037822872400283813
1 0.0034363623708486557
2 0.003753980854526162
3 0.0038825685624033213
4 0.004209412727504969
5 0.003934407141059637
6 0.003951136954128742
7 0.004050308372825384
8 0.004015889018774033
9 0.003692635800689459
10 0.004001617431640625
11 0.004022143315523863
12 0.0036186780780553818
13 0.003977576270699501
14 0.003921080846339464
15 0.003795963479205966
16 0.0038479643408209085
17 0.003941093571484089
18 0.003696681000292301
19 0.003970133140683174
20 0.004098806530237198
21 0.004091502167284489
22 0.0039948406629264355
23 0.0037476620636880398
24 0.003988516516983509
25 0.003983612172305584
26 0.0038455703761428595
27 0.003808136098086834
28 0.004277587868273258
29 0.003930104896426201
30 0.0041723549365997314
31 0.0038263483438640833
32 0.003681429661810398
33 0.0037585196550935507
34 0.00365382875315845
35 0.003921714145690203
36 0.004083109553903341
37 0.004201998934149742
38 0.004234457854181528
39 0.004269326105713844
40 0.0042234500870108604
41 0.0035402255598455667
42 0.004058575723320246
43 0.003760316874831915
44 0.003916079178452492
45 0.004023958928883076
46 0.004454076290130615
47 0.00417042663320899
48 0.0039843227714300156
49 0.0037448036018759012
50 0.004212844651192427
51 0.003705429146066308
52 0.004033348057419062
53 0.003700131783261895
54 0.0037602251395583153
55 0.004213939420878887
56 0.0040590763092041016
57 0.0036523458547890186
58 0.0038837760221213102
59 0.0037214038893580437
60 0.0036311522126197815
61 0.004029140342026949
62 0.004001762252300978
63 0.003714995225891471
64 0.0038962694816291332
65 0.003838073229417205
66 0.0038811296690255404
67 0.0036316481418907642
68 0.0038542384281754494
69 0.004193332977592945
70 0.0043909987434744835
71 0.003796433564275503
72 0.003921383526176214
73 0.003859655698761344
74 0.00411507161334157
75 0.004216684028506279
76 0.003929681610316038
77 0.0037510129623115063
78 0.003699579741805792
79 0.0039971740916371346
80 0.003649137681350112
81 0.0039181639440357685
82 0.0038732937537133694
83 0.0036513337399810553
84 0.0038444017991423607
85 0.0036654004361480474
86 0.003811310511082411
87 0.003950014710426331
88 0.003755479585379362
89 0.0037146920803934336
90 0.003962890710681677
91 0.004012710880488157
92 0.003974324557930231
93 0.0042190817184746265
94 0.0037745449226349592
95 0.003944500349462032
96 0.003936194349080324
97 0.0040322765707969666
98 0.0037258730735629797
99 0.003989782650023699
100 0.004112924914807081
101 0.004122613929212093
102 0.00371220032684505
103 0.004155375063419342
104 0.0038089859299361706
105 0.0040848939679563046
106 0.003772056195884943
107 0.004197254776954651
108 0.004147753585129976
109 0.003856635419651866
110 0.004244035109877586
111 0.003802845487371087
112 0.003603821387514472
113 0.004273821599781513
114 0.003938910085707903
115 0.0038152069319039583
116 0.003912171348929405
117 0.004117576405405998
118 0.0037891638930886984
119 0.003984059672802687
120 0.003946775570511818
121 0.004190309438854456
122 0.004461042582988739
123 0.003909018822014332
124 0.004241593647748232
125 0.003965531475841999
126 0.004115059040486813
127 0.003710693446919322
128 0.0036858911626040936
129 0.0036888974718749523
130 0.0036090733483433723
131 0.003686626208946109
132 0.003972434904426336
133 0.004270683042705059
134 0.003950659651309252
135 0.003674982814118266
136 0.004462073091417551
137 0.003958150278776884
138 0.0039543528109788895
139 0.00391834182664752
140 0.003539242083206773
141 0.0037561659701168537
142 0.004080701619386673
143 0.0036739720962941647
144 0.003624610835686326
145 0.003948635421693325
146 0.003932496532797813
147 0.004101522266864777
148 0.0037966242525726557
149 0.0038864165544509888
150 0.004137784708291292
151 0.004111893009394407
152 0.003691172692924738
153 0.004035962279886007
154 0.0038247015327215195
155 0.003686771495267749
156 0.003652730258181691
157 0.003527555614709854
158 0.003768777009099722
159 0.0037543822545558214
160 0.0037803794257342815
161 0.00386687065474689
162 0.004199224058538675
163 0.0036516941618174314
164 0.0038883432280272245
165 0.003906418569386005
166 0.0040354058146476746
167 0.003837737487629056
168 0.004057199694216251
169 0.004062990192323923
170 0.003548698266968131
171 0.00405217194929719
172 0.0036632942501455545
173 0.003760889871045947
174 0.0041324240155518055
175 0.0038056259509176016
176 0.0041008018888533115
177 0.0037171898875385523
178 0.0035956804640591145
179 0.003860717872157693
180 0.003848670283332467
181 0.004016124177724123
182 0.004111236426979303
183 0.003921984229236841
184 0.003861486678943038
185 0.0038955844938755035
186 0.0034334876108914614
187 0.0038932852912694216
188 0.003904899349436164
189 0.0038040855433791876
190 0.003937853500247002
191 0.003598020877689123
192 0.003801202168688178
193 0.0038888691924512386
194 0.004051083233207464
195 0.004060490522533655
196 0.004278227221220732
197 0.0038606806192547083
198 0.003951226361095905
199 0.004056432284414768
200 0.0036297100596129894
201 0.00389252626337111
202 0.003965792246162891
203 0.0037444368936121464
204 0.003701686393469572
205 0.003672247054055333
206 0.0035446651745587587
207 0.004065921530127525
208 0.004221286624670029
209 0.0038946892600506544
210 0.003880365053191781
211 0.00402170792222023
212 0.003624856239184737
213 0.0038159287068992853
214 0.004124331753700972
215 0.003955263644456863
216 0.0038291029632091522
217 0.003993419464677572
218 0.0038687451742589474
219 0.003771078074350953
220 0.003997033461928368
221 0.0039943489246070385
222 0.0037826199550181627
223 0.00398795073851943
224 0.00416340958327055
225 0.003814711468294263
226 0.003963680937886238
227 0.0037666382268071175
228 0.003926844336092472
229 0.004228772129863501
230 0.0038015793543308973
231 0.004075832199305296
232 0.003893754445016384
233 0.0039025198202580214
234 0.003790720598772168
235 0.00379571714438498
236 0.003944202326238155
237 0.003836547490209341
238 0.0037749437615275383
239 0.004212492611259222
240 0.004078056663274765
241 0.00392990093678236
242 0.004022723529487848
243 0.0036443958524614573
244 0.003832998452708125
245 0.0038148188032209873
246 0.004107712768018246
247 0.004211242310702801
248 0.004004203714430332
249 0.0037062265910208225
250 0.0037055830471217632
251 0.0033494553063064814
252 0.003746521193534136
253 0.003692656522616744
254 0.003845270024612546
255 0.0037359464913606644
