0 0.0037582076620310545
1 0.0034140979405492544
2 0.0036528862547129393
3 0.003746909787878394
4 0.004095018841326237
5 0.0038714674301445484
6 0.004195858724415302
7 0.0038729822263121605
8 0.004025307483971119
9 0.003499278100207448
10 0.004030980169773102
11 0.0036810520105063915
12 0.0036072719376534224
13 0.003946742974221706
14 0.0038624401204288006
15 0.0039058916736394167
16 0.004032370634377003
17 0.0037365746684372425
18 0.0037893387489020824
19 0.003945198375731707
20 0.004135534167289734
21 0.004269866272807121
22 0.003993459045886993
23 0.00376786757260561
24 0.0038413878064602613
25 0.004015468526631594
26 0.0040571498684585094
27 0.003951565362513065
28 0.004045115318149328
29 0.003931304439902306
30 0.004107797052711248
31 0.0038800532929599285
32 0.003587614744901657
33 0.003500299761071801
34 0.00380660779774189
35 0.004033799283206463
36 0.00410235533490777
37 0.0037864346522837877
38 0.00409746402874589
39 0.004385294392704964
40 0.004005454946309328
41 0.0033305552788078785
42 0.0036999036092311144
43 0.003728507086634636
44 0.00399173516780138
45 0.003950722981244326
46 0.004309818614274263
47 0.004063005093485117
48 0.0037945620715618134
49 0.0036517661064863205
50 0.004130241926759481
51 0.0034334221854805946
52 0.003913037478923798
53 0.0038740055169910192
54 0.0038138816598802805
55 0.004227735102176666
56 0.004136792849749327
57 0.003835185430943966
58 0.0038206265307962894
59 0.003766098525375128
60 0.003714977763593197
61 0.004162227269262075
62 0.004111805930733681
63 0.0036866352893412113
64 0.003937726374715567
65 0.0038569183088839054
66 0.0038771340623497963
67 0.003776022233068943
68 0.0038077794015407562
69 0.004205317702144384
70 0.004292020574212074
71 0.004009666852653027
72 0.004003609996289015
73 0.003795594209805131
74 0.003847719868645072
75 0.004333905875682831
76 0.004166827071458101
77 0.0038124918937683105
78 0.0036686535459011793
79 0.003774972865357995
80 0.003676391439512372
81 0.004180472809821367
82 0.003841874422505498
83 0.003604240482673049
84 0.004115322604775429
85 0.004083689767867327
86 0.0039220848120749
87 0.003869653446599841
88 0.0035069601144641638
89 0.0035984443966299295
90 0.00409983703866601
91 0.004100284539163113
92 0.004096255172044039
93 0.004217912442982197
94 0.004027565009891987
95 0.003743839683011174
96 0.003926597535610199
97 0.004113453906029463
98 0.0037647259887307882
99 0.004073117394000292
100 0.003936755936592817
101 0.004032203461974859
102 0.003726671217009425
103 0.004298725631088018
104 0.00392608717083931
105 0.004147940780967474
106 0.0036908669862896204
107 0.004379638470709324
108 0.004276718944311142
109 0.0040522306226193905
110 0.0039449529722332954
111 0.00367261515930295
112 0.003656300250440836
113 0.004350384697318077
114 0.004067022353410721
115 0.003884747624397278
116 0.004098758101463318
117 0.0039928387850522995
118 0.003687027608975768
119 0.004051332827657461
120 0.0038381596095860004
121 0.004083650186657906
122 0.004396180622279644
123 0.0036719825584441423
124 0.004082144238054752
125 0.003947318997234106
126 0.004325430374592543
127 0.003805936314165592
128 0.003683018498122692
129 0.0038520991802215576
130 0.0037803177256137133
131 0.0037034281995147467
132 0.004066633526235819
133 0.004078144207596779
134 0.004006025847047567
135 0.0035240238066762686
136 0.004225971642881632
137 0.003908729646354914
138 0.004075433127582073
139 0.003933246713131666
140 0.0036083313170820475
141 0.003813329851254821
142 0.003773147938773036
143 0.003576083341613412
144 0.0035117140505462885
145 0.004109765402972698
146 0.0038924303371459246
147 0.0040056100115180016
148 0.004034961108118296
149 0.003748084418475628
150 0.0038063745014369488
151 0.0041543226689100266
152 0.0036052654031664133
153 0.003980651497840881
154 0.003887087805196643
155 0.0035758859012275934
156 0.0036852529738098383
157 0.0035792191047221422
158 0.003842470236122608
159 0.003797313431277871
160 0.003484050277620554
161 0.003910943865776062
162 0.004470967687666416
163 0.0037911178078502417
164 0.003723969217389822
165 0.0038737086579203606
166 0.003934553358703852
167 0.003932400606572628
168 0.00410830182954669
169 0.0038873599842190742
170 0.00364514347165823
171 0.0038383498322218657
172 0.003649379825219512
173 0.0036023836582899094
174 0.0039351219311356544
175 0.0038909167051315308
176 0.004277772270143032
177 0.0038360829930752516
178 0.0035561705008149147
179 0.0038027786649763584
180 0.0037357963155955076
181 0.00439110305160284
182 0.0038961165118962526
183 0.003904734505340457
184 0.003919985610991716
185 0.0042298054322600365
186 0.003556005423888564
187 0.003989496733993292
188 0.003886085469275713
189 0.003799784928560257
190 0.0038470663130283356
191 0.0038014831952750683
192 0.0038674434181302786
193 0.004080833867192268
194 0.004282080568373203
195 0.0040746708400547504
196 0.004222565796226263
197 0.003659107256680727
198 0.004065875429660082
199 0.0036967024207115173
200 0.003604431403800845
201 0.0038677991833537817
202 0.004052562639117241
203 0.003922475967556238
204 0.0036430787295103073
205 0.0035759666934609413
206 0.003630843246355653
207 0.004001555033028126
208 0.0038830938283354044
209 0.003951170947402716
210 0.0035641025751829147
211 0.004268273711204529
212 0.003697259584441781
213 0.0037523393984884024
214 0.003914889879524708
215 0.0042405198328197
216 0.004020960070192814
217 0.004077395424246788
218 0.003808160312473774
219 0.0037257098592817783
220 0.003974949941039085
221 0.004167348146438599
222 0.003724971553310752
223 0.004350576084107161
224 0.0038717270363122225
225 0.003843603888526559
226 0.003981479909271002
227 0.003929315600544214
228 0.0042426069267094135
229 0.004238303750753403
230 0.0037935730069875717
231 0.004350829403847456
232 0.003784830216318369
233 0.0038305388297885656
234 0.003787691704928875
235 0.0036756331101059914
236 0.004053468815982342
237 0.0035825723316520452
238 0.003784205298870802
239 0.004072652664035559
240 0.004088746849447489
241 0.0039035065565258265
242 0.003940103575587273
243 0.0037238229997456074
244 0.003995954990386963
245 0.003750012256205082
246 0.004105942323803902
247 0.004116323310881853
248 0.003848733613267541
249 0.003987431991845369
250 0.0036698277108371258
251 0.003608079394325614
252 0.00404750183224678
253 0.0035190635826438665
254 0.0040501877665519714
255 0.0036459756083786488
