0 0.0038351328112185
1 0.0035647854674607515
2 0.0038011420983821154
3 0.003935030661523342
4 0.004125400446355343
5 0.0040468256920576096
6 0.004134197253733873
7 0.004046990070492029
8 0.004090424161404371
9 0.00370985665358603
10 0.0037936558946967125
11 0.003883498487994075
12 0.0036819151137024164
13 0.0037953276187181473
14 0.0038937923964112997
15 0.004088555462658405
16 0.0037861999589949846
17 0.003921135328710079
18 0.00385115179233253
19 0.003755947109311819
20 0.004080542828887701
21 0.0041079954244196415
22 0.0039161089807748795
23 0.003913364838808775
24 0.0038491275627166033
25 0.004072399344295263
26 0.00398693373426795
27 0.003777415957301855
28 0.004001644439995289
29 0.003913813270628452
30 0.004172462970018387
31 0.0038251846563071012
32 0.0037485926877707243
33 0.003426726208999753
34 0.003655064618214965
35 0.00393419386819005
36 0.0038989009335637093
37 0.003801568178460002
38 0.0038744814228266478
39 0.004086959175765514
40 0.00410162890329957
41 0.00326967122964561
42 0.003739777486771345
43 0.0037779572885483503
44 0.0036688288673758507
45 0.003771955380216241
46 0.004284270107746124
47 0.004117706790566444
48 0.004043167922645807
49 0.003683054121211171
50 0.004073420073837042
51 0.003579025622457266
52 0.0038452690932899714
53 0.003908867947757244
54 0.0039020548574626446
55 0.004092988092452288
56 0.0039334408938884735
57 0.00395114766433835
58 0.004048132337629795
59 0.0037914211861789227
60 0.003925149329006672
61 0.0038929732982069254
62 0.004078728146851063
63 0.003761203261092305
64 0.0039666276425123215
65 0.0037091183476150036
66 0.003970703575760126
67 0.0038821580819785595
68 0.004056453239172697
69 0.004131167661398649
70 0.004069657530635595
71 0.004050037357956171
72 0.0039359163492918015
73 0.003913617692887783
74 0.003804815700277686
75 0.004376496188342571
76 0.0039491853676736355
77 0.003844330320134759
78 0.00395917659625411
79 0.003780391300097108
80 0.0038109407760202885
81 0.004097605124115944
82 0.003891147905960679
83 0.00362005946226418
84 0.0040158675983548164
85 0.0035943733528256416
86 0.0038195878732949495
87 0.003851537359878421
88 0.003415351267904043
89 0.0038680750876665115
90 0.004214623011648655
91 0.003904126351699233
92 0.0039021240081638098
93 0.004191629122942686
94 0.0037210346199572086
95 0.004068364854902029
96 0.0037796080578118563
97 0.004074058961123228
98 0.0038770646788179874
99 0.0039848461747169495
100 0.0038319502491503954
101 0.004025386646389961
102 0.0037922472693026066
103 0.003901239251717925
104 0.0036988104693591595
105 0.004216475877910852
106 0.003974507562816143
107 0.004287243355065584
108 0.004210849292576313
109 0.003875923343002796
110 0.004048507660627365
111 0.003901679767295718
112 0.003600760130211711
113 0.004328077659010887
114 0.004112171940505505
115 0.0037159619387239218
116 0.003568976419046521
117 0.004018950276076794
118 0.003720963140949607
119 0.003939277492463589
120 0.0040572392754256725
121 0.0040321191772818565
122 0.0041380515322089195
123 0.0036969641223549843
124 0.0039988113567233086
125 0.003753721248358488
126 0.004155511036515236
127 0.004027933347970247
128 0.003781468141824007
129 0.0038543532136827707
130 0.00378894479945302
131 0.0040151141583919525
132 0.003771294839680195
133 0.004309372045099735
134 0.003710163524374366
135 0.00378189655020833
136 0.0043508270755410194
137 0.0037936954759061337
138 0.004047479014843702
139 0.004041849635541439
140 0.0036110111977905035
141 0.0037698042578995228
142 0.0037702845875173807
143 0.003735453588888049
144 0.0036708007100969553
145 0.004205965902656317
146 0.003857420291751623
147 0.0038601586129516363
148 0.004189355298876762
149 0.0038131801411509514
150 0.004119944758713245
151 0.004290591925382614
152 0.003666760865598917
153 0.0037514623254537582
154 0.003920064773410559
155 0.003707797732204199
156 0.0037938058376312256
157 0.0036536958068609238
158 0.004240807611495256
159 0.0037452385295182467
160 0.0038222067523747683
161 0.0037881580647081137
162 0.004350873176008463
163 0.003522649873048067
164 0.0038627402391284704
165 0.0038488542195409536
166 0.0040153865702450275
167 0.004049393348395824
168 0.004101024009287357
169 0.004247928503900766
170 0.003761043306440115
171 0.003964523319154978
172 0.0037430899683386087
173 0.0036116333212703466
174 0.004083184991031885
175 0.003789419075474143
176 0.0041894628666341305
177 0.003877609735354781
178 0.003552115522325039
179 0.003858585376292467
180 0.003734889905899763
181 0.0041609639301896095
182 0.003960043657571077
183 0.003823032835498452
184 0.0039132134988904
185 0.004108211491256952
186 0.00353017239831388
187 0.00392748462036252
188 0.00416142400354147
189 0.003923633135855198
190 0.003692900063470006
191 0.003741825232282281
192 0.0038068394642323256
193 0.004049856681376696
194 0.00395582988858223
195 0.00420812051743269
196 0.004286231938749552
197 0.003667026525363326
198 0.003895820351317525
199 0.003665364347398281
200 0.0039901589043438435
201 0.0037579459603875875
202 0.004082048311829567
203 0.003817896358668804
204 0.00392814539372921
205 0.0036504154559224844
206 0.003709407290443778
207 0.00414483156055212
208 0.004099504090845585
209 0.003996823914349079
210 0.0036000024992972612
211 0.004152996931225061
212 0.0035407058894634247
213 0.003888350911438465
214 0.004065018612891436
215 0.004108772613108158
216 0.004017003811895847
217 0.004139155615121126
218 0.0037716347724199295
219 0.0038441859651356936
220 0.0038249073550105095
221 0.0040261815302073956
222 0.0036334472242742777
223 0.00450699869543314
224 0.003851276822388172
225 0.0038311651442199945
226 0.004008139483630657
227 0.0038808530662208796
228 0.00408173305913806
229 0.004263330716639757
230 0.0037255086936056614
231 0.004114112351089716
232 0.003835004521533847
233 0.0036808131262660027
234 0.0036717962939292192
235 0.003813982242718339
236 0.004105911590158939
237 0.003836484393104911
238 0.0038901132065802813
239 0.004447484854608774
240 0.004073128569871187
241 0.0037149880081415176
242 0.003944126423448324
243 0.003753230208531022
244 0.0038005232345312834
245 0.003746791509911418
246 0.004056433215737343
247 0.004089214373379946
248 0.004116847645491362
249 0.003650710918009281
250 0.0036421797703951597
251 0.00348960910923779
252 0.0038339586462825537
253 0.0037475409917533398
254 0.003913071937859058
255 0.003462076187133789
