0 0.003899364033713937
1 0.0035466414410620928
2 0.003668755991384387
3 0.0038161189295351505
4 0.004086834378540516
5 0.0038272407837212086
6 0.004155624192208052
7 0.004029754549264908
8 0.004300396889448166
9 0.003413785481825471
10 0.004081350285559893
11 0.003861640579998493
12 0.0037194788455963135
13 0.003932373132556677
14 0.0037510800175368786
15 0.004076866433024406
16 0.004184766672551632
17 0.003702558344230056
18 0.003629768965765834
19 0.0038326135836541653
20 0.00402011489495635
21 0.004313067998737097
22 0.004028992261737585
23 0.003849622793495655
24 0.0041380045004189014
25 0.004003430716693401
26 0.004052870441228151
27 0.003986171912401915
28 0.00406294921413064
29 0.003935322631150484
30 0.004011555574834347
31 0.0038626461755484343
32 0.003606477752327919
33 0.0036733790766447783
34 0.0035845560487359762
35 0.004000910557806492
36 0.004187358543276787
37 0.0037541589699685574
38 0.004172855988144875
39 0.004097083117812872
40 0.0039632865227758884
41 0.0033907678443938494
42 0.003918495494872332
43 0.003902287455275655
44 0.0038299786392599344
45 0.0038001653738319874
46 0.0041833966970443726
47 0.004182078875601292
48 0.003992683254182339
49 0.004003303591161966
50 0.003958859946578741
51 0.0035332979168742895
52 0.0038669309578835964
53 0.0038965868297964334
54 0.003734516678377986
55 0.004090471193194389
56 0.004197772592306137
57 0.004253434482961893
58 0.003851055633276701
59 0.00386291416361928
60 0.0036712640430778265
61 0.0038709102664142847
62 0.004153550136834383
63 0.004169158637523651
64 0.0037735803052783012
65 0.0037749356124550104
66 0.004108825698494911
67 0.003973377402871847
68 0.003989878576248884
69 0.0039835358038544655
70 0.004211070481687784
71 0.003977568820118904
72 0.003944930620491505
73 0.003811213653534651
74 0.0038107861764729023
75 0.004601959604769945
76 0.004341886378824711
77 0.003960041329264641
78 0.00393880158662796
79 0.0039178659208118916
80 0.003704498754814267
81 0.003994316793978214
82 0.003972772508859634
83 0.0035608052276074886
84 0.004053173586726189
85 0.0037012831307947636
86 0.0037424652837216854
87 0.004115570802241564
88 0.0033928900957107544
89 0.0038670736830681562
90 0.004112773574888706
91 0.003962453920394182
92 0.0038383903447538614
93 0.004185774363577366
94 0.0036351997405290604
95 0.003965625539422035
96 0.004097894299775362
97 0.004084071610122919
98 0.0034994373563677073
99 0.004177173599600792
100 0.0038155182264745235
101 0.004315479192882776
102 0.003846949664875865
103 0.004257252439856529
104 0.0038440157659351826
105 0.004359057173132896
106 0.003817135002464056
107 0.004330732394009829
108 0.004141759127378464
109 0.003712037578225136
110 0.0042642042972147465
111 0.0038055740296840668
112 0.004022256005555391
113 0.0040246788412332535
114 0.004034360870718956
115 0.003735726699233055
116 0.0038763759657740593
117 0.0040843430906534195
118 0.003987166564911604
119 0.004127536900341511
120 0.004005445633083582
121 0.004262157715857029
122 0.004363715648651123
123 0.0037134941667318344
124 0.004107426851987839
125 0.003737491089850664
126 0.0040851556695997715
127 0.003839957993477583
128 0.0036411378532648087
129 0.0036136996932327747
130 0.0034816544502973557
131 0.0036498617846518755
132 0.003747530747205019
133 0.004145793151110411
134 0.003702933667227626
135 0.0035026438999921083
136 0.00452411687001586
137 0.004002711735665798
138 0.003907151520252228
139 0.003751063719391823
140 0.003464438021183014
141 0.003573757829144597
142 0.003750631120055914
143 0.0035937358625233173
144 0.0034436825662851334
145 0.0040213982574641705
146 0.003824209328740835
147 0.0038624247536063194
148 0.003942671697586775
149 0.003878067247569561
150 0.0038703049067407846
151 0.004040229134261608
152 0.0037902628537267447
153 0.0036599920131266117
154 0.003628600388765335
155 0.0035553236957639456
156 0.004121075849980116
157 0.003917079418897629
158 0.0041075656190514565
159 0.003670713398605585
160 0.0036578825674951077
161 0.003996646031737328
162 0.004089678637683392
163 0.003813124494627118
164 0.0037487836088985205
165 0.003946731798350811
166 0.003907610662281513
167 0.003675219137221575
168 0.0043210238218307495
169 0.003953372593969107
170 0.003815171541646123
171 0.0036843549460172653
172 0.003774659475311637
173 0.0039597805589437485
174 0.003942608833312988
175 0.0039236219599843025
176 0.004351817537099123
177 0.0038503941614180803
178 0.003673393512144685
179 0.003771744668483734
180 0.0036784480325877666
181 0.004226884339004755
182 0.003916117362678051
183 0.003764618653804064
184 0.0039901756681501865
185 0.004100161138921976
186 0.0036569538060575724
187 0.0038241688162088394
188 0.004103392828255892
189 0.003560923971235752
190 0.004067196045070887
191 0.00380222056992352
192 0.003886533435434103
193 0.004001975525170565
194 0.004210993647575378
195 0.004065395332872868
196 0.004314321558922529
197 0.003603351302444935
198 0.0036976109258830547
199 0.0037443337496370077
200 0.0036834031343460083
201 0.0038742448668926954
202 0.003726290538907051
203 0.0038269448559731245
204 0.0035586312878876925
205 0.0038544111885130405
206 0.0036577971186488867
207 0.003961451351642609
208 0.004091403912752867
209 0.0038928838912397623
210 0.0037062542978674173
211 0.004125391598790884
212 0.00338921882212162
213 0.003879766445606947
214 0.004303377121686935
215 0.0042261662892997265
216 0.0038062261883169413
217 0.00404270738363266
218 0.0036690786946564913
219 0.003622674150392413
220 0.0038803464267402887
221 0.004011992365121841
222 0.0036920327693223953
223 0.004140971694141626
224 0.0037045138888061047
225 0.003965799231082201
226 0.0038519930094480515
227 0.0035998690873384476
228 0.003915673587471247
229 0.003919477108865976
230 0.0037382952868938446
231 0.0040730820037424564
232 0.0037962805945426226
233 0.003858633805066347
234 0.0037577219773083925
235 0.0036650642286986113
236 0.004206644371151924
237 0.0037708887830376625
238 0.0037566516548395157
239 0.004044950474053621
240 0.003994872327893972
241 0.004020343068987131
242 0.003852111054584384
243 0.0038634680677205324
244 0.003942698705941439
245 0.0037690652534365654
246 0.004102357197552919
247 0.004276985768228769
248 0.004290273878723383
249 0.00397842051461339
250 0.0037482676561921835
251 0.0036860727705061436
252 0.004035437013953924
253 0.0035842235665768385
254 0.004032032564282417
255 0.003677699016407132
