0 0.003944305703043938
1 0.0035374469589442015
2 0.004189139232039452
3 0.003828005865216255
4 0.004156918730586767
5 0.004008876625448465
6 0.004139314871281385
7 0.004198458977043629
8 0.004058861173689365
9 0.003625177778303623
10 0.0037960619665682316
11 0.0038990378379821777
12 0.0035678448621183634
13 0.003834841074422002
14 0.0038856284227222204
15 0.00399297708645463
16 0.0038419752381742
17 0.003928523976355791
18 0.003751247888430953
19 0.003942046780139208
20 0.004157226532697678
21 0.0039312089793384075
22 0.0037827426567673683
23 0.003696537809446454
24 0.004140118137001991
25 0.004005412105470896
26 0.0038925118278712034
27 0.003613262204453349
28 0.004181236028671265
29 0.0038898016791790724
30 0.004288521129637957
31 0.003954880405217409
32 0.0037721204571425915
33 0.00356989330612123
34 0.003645220771431923
35 0.00402932520955801
36 0.004309889394789934
37 0.003866242477670312
38 0.004417151678353548
39 0.004294955637305975
40 0.004121360369026661
41 0.003648849204182625
42 0.0038768048398196697
43 0.004049690440297127
44 0.003803786588832736
45 0.0038553234189748764
46 0.004252994433045387
47 0.004170597530901432
48 0.004126356448978186
49 0.003553705057129264
50 0.004282590001821518
51 0.0035784209612756968
52 0.0041670952923595905
53 0.003880990669131279
54 0.004112178459763527
55 0.004047227557748556
56 0.004179963376373053
57 0.003985220566391945
58 0.0037590530700981617
59 0.0037352610379457474
60 0.003568338230252266
61 0.003910943400114775
62 0.004119973164051771
63 0.003825173946097493
64 0.003830294357612729
65 0.003537511918693781
66 0.004013920668512583
67 0.0036773968022316694
68 0.003819573437795043
69 0.004003842361271381
70 0.004317955579608679
71 0.0037686768919229507
72 0.003779053222388029
73 0.003720769891515374
74 0.00382050359621644
75 0.004180191084742546
76 0.003934723790735006
77 0.00393107021227479
78 0.0039511555805802345
79 0.003920558374375105
80 0.003723138477653265
81 0.004090473521500826
82 0.004062408581376076
83 0.0037638209760189056
84 0.004035284277051687
85 0.0034294244833290577
86 0.0036049210466444492
87 0.0038132155314087868
88 0.003697903361171484
89 0.003907052334398031
90 0.004013392608612776
91 0.003985968418419361
92 0.004159312229603529
93 0.0044129821471869946
94 0.003685538424178958
95 0.003768936265259981
96 0.003694665851071477
97 0.00406018877401948
98 0.003724053269252181
99 0.003883741796016693
100 0.003840058110654354
101 0.004158746916800737
102 0.0037368079647421837
103 0.004174674861133099
104 0.003924309276044369
105 0.004327088128775358
106 0.0038103919941931963
107 0.004183471668511629
108 0.004291194956749678
109 0.003974127117544413
110 0.004153607878834009
111 0.003917767200618982
112 0.0036415564827620983
113 0.004425446502864361
114 0.0041305311024188995
115 0.0035810586996376514
116 0.003799866884946823
117 0.004026930779218674
118 0.0038507895078510046
119 0.004002366214990616
120 0.0038019835483282804
121 0.0040946644730865955
122 0.004492436535656452
123 0.0038764989003539085
124 0.004251234699040651
125 0.004010121338069439
126 0.004040631931275129
127 0.003758402308449149
128 0.003599742893129587
129 0.0039818971417844296
130 0.0037082319613546133
131 0.00382572622038424
132 0.003899046452715993
133 0.004399800207465887
134 0.0038096909411251545
135 0.0036948013585060835
136 0.004240900743752718
137 0.0038995607756078243
138 0.003832161193713546
139 0.0039168354123830795
140 0.003488907590508461
141 0.0035923896357417107
142 0.0037229673471301794
143 0.0038121386896818876
144 0.003534669755026698
145 0.004203709773719311
146 0.003973830956965685
147 0.004041575826704502
148 0.003960793372243643
149 0.00373645662330091
150 0.003988966811448336
151 0.004064740613102913
152 0.00398028502240777
153 0.0038828211836516857
154 0.004057734739035368
155 0.00367394438944757
156 0.0037913096603006124
157 0.003964577801525593
158 0.0037110657431185246
159 0.0037919078022241592
160 0.003717022016644478
161 0.003703828901052475
162 0.004158364608883858
163 0.003805868560448289
164 0.004129079636186361
165 0.003978874068707228
166 0.004168814048171043
167 0.0038506796117872
168 0.004048587754368782
169 0.003860361175611615
170 0.0037026009522378445
171 0.0039099836722016335
172 0.0038467135746032
173 0.0036057308316230774
174 0.004055661614984274
175 0.0036017573438584805
176 0.004305710084736347
177 0.0037897732108831406
178 0.003560790093615651
179 0.003941388800740242
180 0.003800708334892988
181 0.00421252753585577
182 0.004008267540484667
183 0.0038582952693104744
184 0.004025115165859461
185 0.004222782328724861
186 0.0036514676176011562
187 0.0037781945429742336
188 0.0038814968429505825
189 0.003895714646205306
190 0.003929678350687027
191 0.003430682234466076
192 0.0038291928358376026
193 0.004058084916323423
194 0.004101735074073076
195 0.004037564620375633
196 0.0040570218116045
197 0.0037563396617770195
198 0.003861182602122426
199 0.003845624392852187
200 0.003767329268157482
201 0.003896125126630068
202 0.004142618738114834
203 0.0037064380012452602
204 0.003695786464959383
205 0.0038411186542361975
206 0.0035968555603176355
207 0.004105704836547375
208 0.004100776743143797
209 0.004102772101759911
210 0.003764358116313815
211 0.003793412819504738
212 0.003709208918735385
213 0.003707143710926175
214 0.004464325495064259
215 0.003904622746631503
216 0.003639193018898368
217 0.00408711563795805
218 0.0037623755633831024
219 0.0037893301341682673
220 0.004041751846671104
221 0.003979510627686977
222 0.003736785613000393
223 0.003991959150880575
224 0.0038075484335422516
225 0.0037793980445712805
226 0.004158856347203255
227 0.0036078530829399824
228 0.004010302945971489
229 0.004057933576405048
230 0.0037656575441360474
231 0.0041226414032280445
232 0.003908312413841486
233 0.0037512965500354767
234 0.0037950919941067696
235 0.003734152065590024
236 0.004077371209859848
237 0.003826513420790434
238 0.0037098887842148542
239 0.00423024594783783
240 0.003961092326790094
241 0.0038649393245577812
242 0.003927063662558794
243 0.0035678232088685036
244 0.0036421807017177343
245 0.0037681006360799074
246 0.00414111977443099
247 0.004007181618362665
248 0.0038584948051720858
249 0.0038791277911514044
250 0.0035055167973041534
251 0.0033795414492487907
252 0.0038337281439453363
253 0.0036673692520707846
254 0.0038178004324436188
255 0.0035655577667057514
