0 0.003958171233534813
1 0.0036724319215863943
2 0.0038667237386107445
3 0.00397240137681365
4 0.004346054047346115
5 0.003881149459630251
6 0.0039016774389892817
7 0.004016753751784563
8 0.004023631568998098
9 0.003619109746068716
10 0.004078042693436146
11 0.0036709520500153303
12 0.0037854088004678488
13 0.0037943157367408276
14 0.003945942968130112
15 0.004011204000562429
16 0.004022760316729546
17 0.003649079939350486
18 0.003811888862401247
19 0.0037630025763064623
20 0.004066884517669678
21 0.004141709301620722
22 0.004042848479002714
23 0.003961415495723486
24 0.003998233005404472
25 0.00392196886241436
26 0.00400626752525568
27 0.003829099703580141
28 0.00394415482878685
29 0.003831395646557212
30 0.004103166051208973
31 0.003734337631613016
32 0.0037231766618788242
33 0.003506419714540243
34 0.003722174558788538
35 0.004003199748694897
36 0.004095697309821844
37 0.003736832644790411
38 0.003947163000702858
39 0.004327678587287664
40 0.004098330624401569
41 0.0033752676099538803
42 0.004014062229543924
43 0.00403259601444006
44 0.003971755970269442
45 0.003975777421146631
46 0.004126205109059811
47 0.0043198480270802975
48 0.003858715994283557
49 0.003739037550985813
50 0.004027862101793289
51 0.0036068037152290344
52 0.004018721636384726
53 0.003791685914620757
54 0.0038547480944544077
55 0.003951916471123695
56 0.003956954926252365
57 0.003825661726295948
58 0.0036697618197649717
59 0.0037500367034226656
60 0.003729473100975156
61 0.0038341961335390806
62 0.004216774832457304
63 0.0039007181767374277
64 0.003838675795122981
65 0.003760784398764372
66 0.003957821987569332
67 0.0038471282459795475
68 0.00389631069265306
69 0.0040686712600290775
70 0.004260707180947065
71 0.003942793235182762
72 0.003908179234713316
73 0.003760287305340171
74 0.0037673090118914843
75 0.004360505845397711
76 0.004038241226226091
77 0.0038711035158485174
78 0.0039238035678863525
79 0.003709375625476241
80 0.0038503073155879974
81 0.004091899376362562
82 0.0038424995727837086
83 0.0037461258471012115
84 0.004026826936751604
85 0.0037542313802987337
86 0.0037333557847887278
87 0.003949977923184633
88 0.003670835169032216
89 0.003984218463301659
90 0.0039345030672848225
91 0.003852064022794366
92 0.00402507558465004
93 0.004243229050189257
94 0.0039046125020831823
95 0.0038588589522987604
96 0.003930781036615372
97 0.004257279448211193
98 0.00387842976488173
99 0.004154118709266186
100 0.0038990373723208904
101 0.004082369618117809
102 0.003742313478142023
103 0.0040394519455730915
104 0.0037682729307562113
105 0.00408782996237278
106 0.003833250841125846
107 0.004454154055565596
108 0.004108974244445562
109 0.0037155160680413246
110 0.003816855838522315
111 0.003942291252315044
112 0.003817822551354766
113 0.004227088764309883
114 0.0038852225989103317
115 0.0035735254641622305
116 0.004001046530902386
117 0.004090888425707817
118 0.003666458185762167
119 0.003879041410982609
120 0.004020944703370333
121 0.003982253838330507
122 0.0043003796599805355
123 0.0039644320495426655
124 0.004083559848368168
125 0.0038609174080193043
126 0.004327843897044659
127 0.00403896439820528
128 0.003637320827692747
129 0.00369528797455132
130 0.0038695528637617826
131 0.003684142604470253
132 0.003967009484767914
133 0.004146734718233347
134 0.003862030105665326
135 0.0034263560082763433
136 0.0043328688479959965
137 0.003896473441272974
138 0.004119256976991892
139 0.003883967874571681
140 0.0037629457656294107
141 0.003520131343975663
142 0.003941464237868786
143 0.0036250236444175243
144 0.0036281528882682323
145 0.004070637281984091
146 0.0039422172121703625
147 0.004030706826597452
148 0.003937053959816694
149 0.0038337840232998133
150 0.003945458214730024
151 0.004210993181914091
152 0.003622297663241625
153 0.003854881040751934
154 0.0038331958930939436
155 0.0036187288351356983
156 0.0038427049294114113
157 0.0035683936439454556
158 0.00427203718572855
159 0.003843216923996806
160 0.003791030729189515
161 0.003851599059998989
162 0.004092376679182053
163 0.0036507598124444485
164 0.003769237082451582
165 0.003983295988291502
166 0.003999990411102772
167 0.0037167291156947613
168 0.004300984553992748
169 0.004153009969741106
170 0.0037891080137342215
171 0.003801151644438505
172 0.0036789097357541323
173 0.0038280212320387363
174 0.004054006654769182
175 0.003826514817774296
176 0.004189409781247377
177 0.0038758947048336267
178 0.0034724888391792774
179 0.0037064598873257637
180 0.0038075351621955633
181 0.004189331084489822
182 0.004158077761530876
183 0.004187086131423712
184 0.0040476699359714985
185 0.004137535113841295
186 0.0035315214190632105
187 0.003903118195012212
188 0.0038474511820822954
189 0.003789769485592842
190 0.003959663677960634
191 0.0037245212588459253
192 0.0038158332463353872
193 0.004150148946791887
194 0.003854108974337578
195 0.004241655580699444
196 0.004159650765359402
197 0.003619520226493478
198 0.003877987153828144
199 0.003873162204399705
200 0.0036073466762900352
201 0.0036723327357321978
202 0.0039515080861747265
203 0.003798003774136305
204 0.003720166627317667
205 0.003761309664696455
206 0.003675699234008789
207 0.003940099850296974
208 0.00413115369156003
209 0.0038060813676565886
210 0.0039293584413826466
211 0.004022818058729172
212 0.003505030879750848
213 0.0037918502930551767
214 0.003953884355723858
215 0.004095048177987337
216 0.004025900736451149
217 0.004158273804932833
218 0.0037566369865089655
219 0.0036165385972708464
220 0.0038053945172578096
221 0.003926276229321957
222 0.0037625995464622974
223 0.004228947684168816
224 0.003722825553268194
225 0.004002794623374939
226 0.0039384556002914906
227 0.0037237387150526047
228 0.004119844641536474
229 0.004112583585083485
230 0.003890021936967969
231 0.004141754470765591
232 0.0039854273200035095
233 0.003751357551664114
234 0.003681326750665903
235 0.003663306823000312
236 0.003890847787261009
237 0.0039058064576238394
238 0.0037905031349509954
239 0.003886302700266242
240 0.0040921419858932495
241 0.003955028019845486
242 0.003841014578938484
243 0.003678762586787343
244 0.0037041273899376392
245 0.003942916635423899
246 0.004059796221554279
247 0.0042800297960639
248 0.00391058623790741
249 0.00409724609926343
250 0.0038261348381638527
251 0.003585883416235447
252 0.003952918574213982
253 0.0037242071703076363
254 0.003969965502619743
255 0.003805652027949691
