0 0.003965186420828104
1 0.0034604736138135195
2 0.0038482709787786007
3 0.003939408343285322
4 0.004151159431785345
5 0.003694580402225256
6 0.003946847748011351
7 0.0040986193343997
8 0.004270254168659449
9 0.0036243628710508347
10 0.004021905362606049
11 0.003687796648591757
12 0.0036381143145263195
13 0.004031098447740078
14 0.0038094455376267433
15 0.003965668845921755
16 0.004000398796051741
17 0.003953102044761181
18 0.003944919910281897
19 0.004057377111166716
20 0.0039495131932199
21 0.004152414854615927
22 0.00393841415643692
23 0.003688244614750147
24 0.004097848664969206
25 0.0041438741609454155
26 0.004196565598249435
27 0.003904829267412424
28 0.004030043259263039
29 0.0038938114885240793
30 0.004296572878956795
31 0.003954974934458733
32 0.0036645468790084124
33 0.003589334199205041
34 0.0036394998896867037
35 0.004009491764008999
36 0.004345690831542015
37 0.003786466084420681
38 0.004058996681123972
39 0.004154418595135212
40 0.004229971207678318
41 0.0035951940808445215
42 0.00395148154348135
43 0.003888070350512862
44 0.0038243946619331837
45 0.0039943852461874485
46 0.004084523767232895
47 0.004400630481541157
48 0.004245764575898647
49 0.0037477079313248396
50 0.004252053331583738
51 0.0034481645561754704
52 0.0040143695659935474
53 0.0036418794188648462
54 0.00394529290497303
55 0.004204535856842995
56 0.004085599910467863
57 0.003667207434773445
58 0.0038033982273191214
59 0.003684249008074403
60 0.0035534207709133625
61 0.004065033979713917
62 0.004189136438071728
63 0.0037069497630000114
64 0.00391056202352047
65 0.0036361953243613243
66 0.0038866803515702486
67 0.003814389230683446
68 0.003804554231464863
69 0.004036398138850927
70 0.004464737139642239
71 0.003653315594419837
72 0.0037777593825012445
73 0.003912073560059071
74 0.003910658415406942
75 0.004205750767141581
76 0.004092680290341377
77 0.003925698343664408
78 0.003811996430158615
79 0.003557019867002964
80 0.0038176262751221657
81 0.004149729385972023
82 0.0038933679461479187
83 0.0036930369678884745
84 0.004006775561720133
85 0.0038203615695238113
86 0.003930921200662851
87 0.003780634608119726
88 0.0037143996451050043
89 0.0035784549545496702
90 0.004015996586531401
91 0.004064181819558144
92 0.003825428197160363
93 0.0042000082321465015
94 0.003839882556349039
95 0.0037522437050938606
96 0.004095291253179312
97 0.004010106436908245
98 0.003565103281289339
99 0.004164478275924921
100 0.003836140502244234
101 0.004080107901245356
102 0.0037045383360236883
103 0.004178666975349188
104 0.003834767732769251
105 0.004110442940145731
106 0.00382358580827713
107 0.004430773667991161
108 0.004082603845745325
109 0.0038175007794052362
110 0.003948211669921875
111 0.004048043396323919
112 0.0037702389527112246
113 0.004280897323042154
114 0.003886657301336527
115 0.003807086031883955
116 0.003916745539754629
117 0.0038437871262431145
118 0.003710684133693576
119 0.004057506565004587
120 0.003952328115701675
121 0.004259147681295872
122 0.004239130765199661
123 0.003663592506200075
124 0.004188242368400097
125 0.004012989811599255
126 0.004142281599342823
127 0.0038240859284996986
128 0.0036002390552312136
129 0.0035907563287764788
130 0.0037011192180216312
131 0.0037127346731722355
132 0.003922631964087486
133 0.004329528659582138
134 0.003855455433949828
135 0.0036688747350126505
136 0.0041483743116259575
137 0.003956847358494997
138 0.003941420931369066
139 0.003930001985281706
140 0.003705395385622978
141 0.0035420511849224567
142 0.003779466263949871
143 0.003754971781745553
144 0.0035885453689843416
145 0.004181358963251114
146 0.0038277111016213894
147 0.0039023638237267733
148 0.0039287833496928215
149 0.003944606985896826
150 0.00400207843631506
151 0.00397477438673377
152 0.003641100600361824
153 0.0038609770126640797
154 0.0037311213091015816
155 0.003565502120181918
156 0.003766436129808426
157 0.0036857197992503643
158 0.00395476259291172
159 0.003637089394032955
160 0.0038177799433469772
161 0.00366370752453804
162 0.004169320221990347
163 0.0035506875719875097
164 0.003793385112658143
165 0.0038603548891842365
166 0.00407905038446188
167 0.003903534496203065
168 0.004170313011854887
169 0.0040135798044502735
170 0.003856675000861287
171 0.0038829848635941744
172 0.0037786397151649
173 0.003663262352347374
174 0.00416127685457468
175 0.0038524006959050894
176 0.004068555310368538
177 0.004001275170594454
178 0.0037481507752090693
179 0.003693746402859688
180 0.0037374584935605526
181 0.004118381533771753
182 0.004064778331667185
183 0.003980516921728849
184 0.003988543525338173
185 0.003908873535692692
186 0.0034882782492786646
187 0.003711099736392498
188 0.003937902394682169
189 0.003785946872085333
190 0.004054490942507982
191 0.0037248115986585617
192 0.0038831811398267746
193 0.003949163015931845
194 0.004211097490042448
195 0.004259949550032616
196 0.004407505504786968
197 0.003778377315029502
198 0.0037836311385035515
199 0.0038469035644084215
200 0.003788558067753911
201 0.004093428608030081
202 0.00394844263792038
203 0.0037513929419219494
204 0.0038231469225138426
205 0.0036693718284368515
206 0.003723948495462537
207 0.004071218427270651
208 0.004020417109131813
209 0.004046081565320492
210 0.0037607739213854074
211 0.0041678850539028645
212 0.003631268860772252
213 0.0037474532146006823
214 0.003799093421548605
215 0.003981421701610088
216 0.003946345765143633
217 0.0038152779452502728
218 0.003824546467512846
219 0.003866884857416153
220 0.0038606710731983185
221 0.004110527224838734
222 0.003725616727024317
223 0.004185426514595747
224 0.0038478008937090635
225 0.003773166099563241
226 0.004011974204331636
227 0.0038682345766574144
228 0.0042855823412537575
229 0.00411996291950345
230 0.003890074323862791
231 0.004255481064319611
232 0.003965465351939201
233 0.003570568049326539
234 0.0036600057501345873
235 0.0037212937604635954
236 0.003943980671465397
237 0.0036650612019002438
238 0.003773236181586981
239 0.004112104419618845
240 0.003831511829048395
241 0.00393982557579875
242 0.003918612375855446
243 0.0038704434409737587
244 0.004051234107464552
245 0.0038289569783955812
246 0.004195173271000385
247 0.003931110259145498
248 0.003756979713216424
249 0.003803688334301114
250 0.0037066610530018806
251 0.003577198600396514
252 0.004044633824378252
253 0.00375841255299747
254 0.003921703901141882
255 0.0037610868457704782
