0 0.0038954918272793293
1 0.0034639034420251846
2 0.0037374873645603657
3 0.003939787391573191
4 0.004071969538927078
5 0.003857424482703209
6 0.004249353893101215
7 0.003802207065746188
8 0.004002835601568222
9 0.0035519900266081095
10 0.004083514679223299
11 0.003752434626221657
12 0.0038235189858824015
13 0.0038256607949733734
14 0.004027513787150383
15 0.003830244531854987
16 0.004059299360960722
17 0.003851909190416336
18 0.0038019497878849506
19 0.0038740544114261866
20 0.004091505892574787
21 0.0041709234938025475
22 0.004114031791687012
23 0.0035303125623613596
24 0.003862005891278386
25 0.004134536720812321
26 0.004115086514502764
27 0.0038436760660260916
28 0.004133604001253843
29 0.004095213953405619
30 0.004290326032787561
31 0.003775255987420678
32 0.0038912363816052675
33 0.003627994330599904
34 0.0035127680748701096
35 0.004091521725058556
36 0.004243575036525726
37 0.003803189378231764
38 0.003924214281141758
39 0.00419794674962759
40 0.004006101284176111
41 0.0034108322579413652
42 0.003912829328328371
43 0.003635257016867399
44 0.003913186490535736
45 0.003862395416945219
46 0.0042112828232347965
47 0.0040971580892801285
48 0.003893900429829955
49 0.0036906206514686346
50 0.004035878926515579
51 0.003618465503677726
52 0.0038618515245616436
53 0.0037315692752599716
54 0.0039002036210149527
55 0.004323770757764578
56 0.004182150587439537
57 0.0037848663050681353
58 0.003913331776857376
59 0.003556643845513463
60 0.0038354061543941498
61 0.0042433226481080055
62 0.004362702835351229
63 0.00372972316108644
64 0.003596281399950385
65 0.004013812635093927
66 0.003977486863732338
67 0.003803948638960719
68 0.003669734811410308
69 0.004088880028575659
70 0.004012886434793472
71 0.003778761951252818
72 0.003891574451699853
73 0.003919702954590321
74 0.003699032124131918
75 0.0041586365550756454
76 0.004206505604088306
77 0.0040617831982672215
78 0.003953418228775263
79 0.0037582996301352978
80 0.003610322019085288
81 0.0038925025146454573
82 0.0037354787345975637
83 0.003562401747331023
84 0.004329581279307604
85 0.003950348123908043
86 0.003856831230223179
87 0.0038705654442310333
88 0.0036377047654241323
89 0.003589506493881345
90 0.004119982942938805
91 0.004023707006126642
92 0.003979215398430824
93 0.0041285548359155655
94 0.0037745151203125715
95 0.004033238627016544
96 0.0037329138722270727
97 0.0040892078541219234
98 0.003716627135872841
99 0.0040804012678563595
100 0.0040539950132369995
101 0.00396145461127162
102 0.0036398540250957012
103 0.0043895309790968895
104 0.0038349502719938755
105 0.0039810906164348125
106 0.0037697141524404287
107 0.00445873849093914
108 0.004250643774867058
109 0.0037242586258798838
110 0.004045871086418629
111 0.0038973719347268343
112 0.0037760171107947826
113 0.00402590399608016
114 0.003885579062625766
115 0.004095879383385181
116 0.003908891696482897
117 0.00413169339299202
118 0.003589074593037367
119 0.0039048849139362574
120 0.004178754054009914
121 0.00420211860910058
122 0.004407933447510004
123 0.0037573310546576977
124 0.003936821594834328
125 0.003987820819020271
126 0.004163631238043308
127 0.003906284458935261
128 0.003966907039284706
129 0.0035516596399247646
130 0.003739699488505721
131 0.003562220139428973
132 0.004032171797007322
133 0.004059987608343363
134 0.003867276245728135
135 0.0035250657238066196
136 0.004483084660023451
137 0.003961235284805298
138 0.003921694587916136
139 0.0038844982627779245
140 0.0035564913414418697
141 0.0036045205779373646
142 0.003922440577298403
143 0.003805542830377817
144 0.003544608596712351
145 0.004114388953894377
146 0.003912554122507572
147 0.0037541796918958426
148 0.004066964611411095
149 0.004011107143014669
150 0.0038891639560461044
151 0.004103399347513914
152 0.0036259291227906942
153 0.003883873112499714
154 0.0037618717178702354
155 0.0036787919234484434
156 0.003908749204128981
157 0.003537507029250264
158 0.003971841651946306
159 0.003744308138266206
160 0.003768402151763439
161 0.003697084728628397
162 0.004220270086079836
163 0.003683741670101881
164 0.003901795484125614
165 0.004091175273060799
166 0.003954521380364895
167 0.003938539884984493
168 0.003995228558778763
169 0.004103789106011391
170 0.003706966992467642
171 0.003734458005055785
172 0.0037483691703528166
173 0.003870602697134018
174 0.004055385012179613
175 0.003946981392800808
176 0.004279249347746372
177 0.0038514919579029083
178 0.003602011827751994
179 0.003649418242275715
180 0.003945937380194664
181 0.004357267636805773
182 0.0038515652995556593
183 0.003646491328254342
184 0.0036251950077712536
185 0.004060111474245787
186 0.0036522140726447105
187 0.003908379469066858
188 0.0040227011777460575
189 0.003745592199265957
190 0.003952996805310249
191 0.0038559481035917997
192 0.00392302917316556
193 0.004061545245349407
194 0.004119456745684147
195 0.004306902177631855
196 0.00416136346757412
197 0.0037835987750440836
198 0.004095082171261311
199 0.003820655168965459
200 0.0037303681019693613
201 0.0039558326825499535
202 0.004019969142973423
203 0.0037401262670755386
204 0.003518778830766678
205 0.0037830742076039314
206 0.003830266185104847
207 0.003811090951785445
208 0.003992563113570213
209 0.004043926950544119
210 0.0035992192570120096
211 0.004106048960238695
212 0.0036677364259958267
213 0.0038893739692866802
214 0.003955023363232613
215 0.004004314541816711
216 0.0039209481328725815
217 0.004116928204894066
218 0.0038919022772461176
219 0.0036351096350699663
220 0.003771748160943389
221 0.004032397177070379
222 0.0036899540573358536
223 0.004216558765619993
224 0.00359906954690814
225 0.004002499859780073
226 0.004199565853923559
227 0.003809285117313266
228 0.0042322841472923756
229 0.004274831619113684
230 0.003738855943083763
231 0.004251513164490461
232 0.003739310195669532
233 0.0036410887259989977
234 0.003895894158631563
235 0.0037339869886636734
236 0.004082174971699715
237 0.0036302339285612106
238 0.0037584458477795124
239 0.0038917867932468653
240 0.003981411922723055
241 0.0039690718986094
242 0.004032354801893234
243 0.00380438263528049
244 0.0039384691044688225
245 0.0036488384939730167
246 0.004250928293913603
247 0.004101048223674297
248 0.004133386071771383
249 0.003879925236105919
250 0.0036465772427618504
251 0.0037184911780059338
252 0.003726869123056531
253 0.0036754957400262356
254 0.003893560031428933
255 0.003710462711751461
