0 0.003949849400669336
1 0.0035012855660170317
2 0.0037255764473229647
3 0.003951991908252239
4 0.0040341890417039394
5 0.003776850178837776
6 0.004104744642972946
7 0.004004138056188822
8 0.0041241031140089035
9 0.0035049079451709986
10 0.00406511127948761
11 0.003726773429661989
12 0.0035882736556231976
13 0.0039052837528288364
14 0.0036767127458006144
15 0.003886655205860734
16 0.004110422451049089
17 0.003808170324191451
18 0.0038022941444069147
19 0.004010714124888182
20 0.004003624431788921
21 0.0040892004035413265
22 0.004067508038133383
23 0.0036433767527341843
24 0.004004495684057474
25 0.004019631072878838
26 0.004021988715976477
27 0.003829401219263673
28 0.003863101126626134
29 0.003944003023207188
30 0.004005589056760073
31 0.003932122606784105
32 0.003628915874287486
33 0.0036109331995248795
34 0.0035499504301697016
35 0.004179240204393864
36 0.004350557923316956
37 0.0036388570442795753
38 0.004015195183455944
39 0.0042655873112380505
40 0.004056641366332769
41 0.0034805152099579573
42 0.003948570694774389
43 0.003811965463683009
44 0.0038357931189239025
45 0.0039694951847195625
46 0.004337539430707693
47 0.004153494257479906
48 0.003926713019609451
49 0.0038352017290890217
50 0.0041539366357028484
51 0.0034802076406776905
52 0.00398628506809473
53 0.0034749882761389017
54 0.003912076819688082
55 0.004227064549922943
56 0.004254573490470648
57 0.0037924337666481733
58 0.0037960633635520935
59 0.003800631035119295
60 0.003719514701515436
61 0.004043588414788246
62 0.0040595862083137035
63 0.0036957196425646544
64 0.003840905148535967
65 0.003953232429921627
66 0.0038705056067556143
67 0.0038310314994305372
68 0.0037734380457550287
69 0.003877095179632306
70 0.004362144041806459
71 0.0038718674331903458
72 0.003972518257796764
73 0.003845869330689311
74 0.003832934657111764
75 0.0042816754430532455
76 0.004070026334375143
77 0.0038586771115660667
78 0.003817516379058361
79 0.003677717875689268
80 0.003674481064081192
81 0.004168136045336723
82 0.0038496716879308224
83 0.0036383720580488443
84 0.0041677579283714294
85 0.003866625251248479
86 0.004035863094031811
87 0.0037097400054335594
88 0.0034801403526216745
89 0.0037546036764979362
90 0.0042226542718708515
91 0.004071145784109831
92 0.0041308775544166565
93 0.004048461560159922
94 0.0037662775721400976
95 0.003687791060656309
96 0.003916233312338591
97 0.0041322712786495686
98 0.0038357432931661606
99 0.004086060915142298
100 0.0038284596521407366
101 0.004172975197434425
102 0.0038309453520923853
103 0.0043574911542236805
104 0.003810631111264229
105 0.004190540872514248
106 0.0035936636850237846
107 0.004379468038678169
108 0.00414754543453455
109 0.004018780309706926
110 0.00390635896474123
111 0.0038579092361032963
112 0.003705800510942936
113 0.004364502616226673
114 0.00384051026776433
115 0.003755825338885188
116 0.00399607140570879
117 0.0040018861182034016
118 0.0036966372281312943
119 0.003971428144723177
120 0.004002968780696392
121 0.004032523836940527
122 0.004288612399250269
123 0.003807622008025646
124 0.004094219300895929
125 0.003816238371655345
126 0.004323618486523628
127 0.003879726631566882
128 0.0037395304534584284
129 0.003647887147963047
130 0.003687044372782111
131 0.003626379184424877
132 0.004135108552873135
133 0.004303411114960909
134 0.003974193707108498
135 0.0034903674386441708
136 0.004196659661829472
137 0.003978969529271126
138 0.0037966480012983084
139 0.00385997723788023
140 0.0036817584186792374
141 0.0036978567950427532
142 0.003863216144964099
143 0.0036421066615730524
144 0.003671205835416913
145 0.004134552553296089
146 0.003954624757170677
147 0.003873910056427121
148 0.003927541431039572
149 0.003900657407939434
150 0.00397036038339138
151 0.004132398404181004
152 0.003595368703827262
153 0.0038695663679391146
154 0.003761877305805683
155 0.003541983664035797
156 0.0035739874001592398
157 0.003568412968888879
158 0.0038800628390163183
159 0.0036791013553738594
160 0.003731279168277979
161 0.003727746196091175
162 0.004547559190541506
163 0.003727726871147752
164 0.0036708880215883255
165 0.003876315662637353
166 0.004094632808119059
167 0.0036760626826435328
168 0.00407793652266264
169 0.003930027596652508
170 0.003698145505040884
171 0.003958830609917641
172 0.0037780217826366425
173 0.003763088257983327
174 0.0038636866956949234
175 0.003923444077372551
176 0.004199914168566465
177 0.0037736014928668737
178 0.003745702560991049
179 0.003540010191500187
180 0.0040245940908789635
181 0.004199394956231117
182 0.0041289012879133224
183 0.0038335646968334913
184 0.003943523857742548
185 0.004036068916320801
186 0.0036682533100247383
187 0.0039601633325219154
188 0.003877087030559778
189 0.0038897302001714706
190 0.004153911955654621
191 0.003765464061871171
192 0.0038829371333122253
193 0.003951640333980322
194 0.003994582686573267
195 0.004089868627488613
196 0.00417227391153574
197 0.003645683405920863
198 0.004085369408130646
199 0.0038272386882454157
200 0.0037155032623559237
201 0.0038326745852828026
202 0.004047086928039789
203 0.0037670794408768415
204 0.003785551991313696
205 0.00364900310523808
206 0.003656210610643029
207 0.003952781204134226
208 0.004088052082806826
209 0.00409451499581337
210 0.0036920213606208563
211 0.004233011044561863
212 0.0036584138870239258
213 0.003911916166543961
214 0.0041411882266402245
215 0.004137685056775808
216 0.004025478381663561
217 0.004183370154350996
218 0.003795988392084837
219 0.003927902784198523
220 0.0039821709506213665
221 0.0040788971818983555
222 0.003752129850909114
223 0.0042591518722474575
224 0.003933493513613939
225 0.003876957343891263
226 0.004091592971235514
227 0.003800822887569666
228 0.004410200752317905
229 0.0043140584602952
230 0.00392285268753767
231 0.004220223054289818
232 0.003961801063269377
233 0.0037371444050222635
234 0.003683682531118393
235 0.0036952632945030928
236 0.004025841597467661
237 0.003663579234853387
238 0.0037868733052164316
239 0.0039565470069646835
240 0.004022219218313694
241 0.003779880702495575
242 0.003975490108132362
243 0.0037117106840014458
244 0.003948328085243702
245 0.003764782566577196
246 0.004091905429959297
247 0.004038489889353514
248 0.003798781894147396
249 0.003904329612851143
250 0.003625331213697791
251 0.0035813103895634413
252 0.00394124211743474
253 0.003590713022276759
254 0.003937999717891216
255 0.0037202462553977966
