0 0.003915729932487011
1 0.003324443707242608
2 0.003848391119390726
3 0.004008066840469837
4 0.00418205326423049
5 0.004001408349722624
6 0.004117521457374096
7 0.004224833566695452
8 0.004297460429370403
9 0.003648169804364443
10 0.004159301053732634
11 0.004173157270997763
12 0.0035381149500608444
13 0.0038433214649558067
14 0.003949007950723171
15 0.0040175458416342735
16 0.00382213294506073
17 0.003955732099711895
18 0.003695046529173851
19 0.0037994880694895983
20 0.003869399195536971
21 0.004092744085937738
22 0.004128519911319017
23 0.0038977006915956736
24 0.003856163937598467
25 0.003966345451772213
26 0.003675724845379591
27 0.0038821641355752945
28 0.0038930128794163465
29 0.0038698483258485794
30 0.004157008603215218
31 0.003984054550528526
32 0.003584180260077119
33 0.003609930630773306
34 0.003439726773649454
35 0.0038259821012616158
36 0.0041861445643007755
37 0.0037180939689278603
38 0.004126264248043299
39 0.004077496938407421
40 0.004019939340651035
41 0.003494626609608531
42 0.003996644634753466
43 0.004012435209006071
44 0.003935846034437418
45 0.004005699884146452
46 0.004110217560082674
47 0.0042609418742358685
48 0.0040894560515880585
49 0.0038585676811635494
50 0.004042583983391523
51 0.0035590697079896927
52 0.004276567604392767
53 0.0036510813515633345
54 0.0037866481579840183
55 0.004084219690412283
56 0.004136637784540653
57 0.003997116349637508
58 0.004010600503534079
59 0.003837746335193515
60 0.0036932684015482664
61 0.003949587699025869
62 0.004168459214270115
63 0.003843586891889572
64 0.00401680963113904
65 0.003943323157727718
66 0.003896331414580345
67 0.003749860916286707
68 0.003882908495143056
69 0.004036229103803635
70 0.00423828000202775
71 0.004048771224915981
72 0.003959720954298973
73 0.003958913031965494
74 0.004023092333227396
75 0.0042991312220692635
76 0.003807057859376073
77 0.004043197259306908
78 0.003862939076498151
79 0.0038630308117717505
80 0.00373505474999547
81 0.0039801630191504955
82 0.0038123594131320715
83 0.0036098468117415905
84 0.0038666960317641497
85 0.003518494311720133
86 0.003736353712156415
87 0.003980778623372316
88 0.0035224861931055784
89 0.0038019130006432533
90 0.003926650620996952
91 0.003694390645250678
92 0.0037244069389998913
93 0.004346020519733429
94 0.0038818586617708206
95 0.0038634517695754766
96 0.003939700312912464
97 0.004149530082941055
98 0.003661825554445386
99 0.004211502615362406
100 0.004060780629515648
101 0.004002430941909552
102 0.003806701162829995
103 0.004131734371185303
104 0.0037864409387111664
105 0.004173105116933584
106 0.003881643060594797
107 0.004422251600772142
108 0.00406786659732461
109 0.0039997948333621025
110 0.004431743174791336
111 0.0036901377607136965
112 0.003726203925907612
113 0.004069614689797163
114 0.004130563233047724
115 0.003785229055210948
116 0.0037774103693664074
117 0.004077112302184105
118 0.0038705605547875166
119 0.003878798335790634
120 0.0038687519263476133
121 0.004255708307027817
122 0.004555567167699337
123 0.003953049890697002
124 0.004254872910678387
125 0.0038376750890165567
126 0.004335945472121239
127 0.0038333686534315348
128 0.0036015408113598824
129 0.0035190836060792208
130 0.0037109078839421272
131 0.003596520284190774
132 0.003844598075374961
133 0.00407010642811656
134 0.003895774483680725
135 0.003517694538459182
136 0.004443578887730837
137 0.003955491352826357
138 0.004022103734314442
139 0.003870543325319886
140 0.003693392500281334
141 0.0034636911004781723
142 0.003948894329369068
143 0.003773965174332261
144 0.0036140275187790394
145 0.004044006112962961
146 0.00391428405418992
147 0.0039193169213831425
148 0.00394881097599864
149 0.0038787531666457653
150 0.004032478667795658
151 0.004086003638803959
152 0.0035687340423464775
153 0.0037192439194768667
154 0.0038046257104724646
155 0.00358721730299294
156 0.004042016342282295
157 0.0037370987702161074
158 0.004093405324965715
159 0.0037334661465138197
160 0.003952730912715197
161 0.003899205941706896
162 0.004264801740646362
163 0.0035380080807954073
164 0.003728958312422037
165 0.004037104081362486
166 0.0038438276387751102
167 0.0039288755506277084
168 0.004054602235555649
169 0.004101072903722525
170 0.003983412869274616
171 0.003971694502979517
172 0.0036175556015223265
173 0.003926219884306192
174 0.004090397153049707
175 0.00391632504761219
176 0.00404814537614584
177 0.003776398953050375
178 0.003518016543239355
179 0.0036059056874364614
180 0.0037821007426828146
181 0.004171594046056271
182 0.004019990563392639
183 0.003991174511611462
184 0.004167682025581598
185 0.0041739968582987785
186 0.0036463662981987
187 0.003935556393116713
188 0.003941255155950785
189 0.003828208427876234
190 0.0038296780548989773
191 0.0037385928444564342
192 0.0035502458922564983
193 0.00383594143204391
194 0.004024545196443796
195 0.003988058306276798
196 0.004366592038422823
197 0.003910769708454609
198 0.00387172750197351
199 0.003882313845679164
200 0.0037161679938435555
201 0.0037642072420567274
202 0.003956615924835205
203 0.0038323793560266495
204 0.003877263516187668
205 0.0038359540048986673
206 0.0037810620851814747
207 0.0040812501683831215
208 0.003939955495297909
209 0.004056980833411217
210 0.00376899354159832
211 0.0041042217053473
212 0.0036504382733255625
213 0.0037338233087211847
214 0.004265915602445602
215 0.004020433872938156
216 0.003989455755800009
217 0.004039570689201355
218 0.003651028499007225
219 0.003714093007147312
220 0.0038525897543877363
221 0.003944947384297848
222 0.0037437225691974163
223 0.004065507557243109
224 0.0038823678623884916
225 0.0037956475280225277
226 0.004007474519312382
227 0.0036751602310687304
228 0.0036317904014140368
229 0.004216126631945372
230 0.003826550906524062
231 0.004066926427185535
232 0.003921086434274912
233 0.0038035667967051268
234 0.0038179459515959024
235 0.0038384993094950914
236 0.004093747120350599
237 0.0037918805610388517
238 0.003704480594024062
239 0.004120926838368177
240 0.004004122223705053
241 0.0036567142233252525
242 0.00394950108602643
243 0.0036714563611894846
244 0.0035856361500918865
245 0.003693454200401902
246 0.0040856157429516315
247 0.004183022305369377
248 0.004069669172167778
249 0.0036054684314876795
250 0.0035838447511196136
251 0.003505335422232747
252 0.0038164975121617317
253 0.003608803730458021
254 0.004055776633322239
255 0.0037921504117548466
