0 0.003956134896725416
1 0.003581766504794359
2 0.0038903497625142336
3 0.004217793699353933
4 0.004283327609300613
5 0.0038181727286428213
6 0.0038973474875092506
7 0.004091416951268911
8 0.004083212465047836
9 0.0035836263559758663
10 0.0042976499535143375
11 0.003825887804850936
12 0.0035683629103004932
13 0.0038089894223958254
14 0.0038152297493070364
15 0.003844307269901037
16 0.003983409609645605
17 0.003707712283357978
18 0.003730046097189188
19 0.0039913225919008255
20 0.004078885540366173
21 0.004129200242459774
22 0.004072274547070265
23 0.003836582647636533
24 0.004120057448744774
25 0.004056326113641262
26 0.003924153279513121
27 0.0037880311720073223
28 0.004041063133627176
29 0.0037729362957179546
30 0.004312953446060419
31 0.003707908559590578
32 0.0036970803048461676
33 0.0035800153855234385
34 0.0036732133012264967
35 0.003976436797529459
36 0.004300426691770554
37 0.003705593990162015
38 0.004120046738535166
39 0.004351299721747637
40 0.004050334449857473
41 0.003486626548692584
42 0.004013465717434883
43 0.004023115616291761
44 0.0038192719221115112
45 0.004153968300670385
46 0.004298442043364048
47 0.004265656229108572
48 0.004129353445023298
49 0.003686329582706094
50 0.0040082670748233795
51 0.0035135895013809204
52 0.004062571097165346
53 0.0035555546637624502
54 0.003681065049022436
55 0.004139714874327183
56 0.0040450990200042725
57 0.003744923509657383
58 0.003685776609927416
59 0.003899326315149665
60 0.0035415450111031532
61 0.003876363392919302
62 0.004250107798725367
63 0.0035479117650538683
64 0.003754398785531521
65 0.0036942511796951294
66 0.003911129664629698
67 0.0037020016461610794
68 0.0037120224442332983
69 0.00384078873321414
70 0.004349245224148035
71 0.003609449602663517
72 0.003988118376582861
73 0.0038955900818109512
74 0.0038819739129394293
75 0.004305973649024963
76 0.004063047934323549
77 0.003920629620552063
78 0.00391616253182292
79 0.003687376854941249
80 0.003883588360622525
81 0.00426910538226366
82 0.003797305980697274
83 0.003686778713017702
84 0.00424101110547781
85 0.00374725298024714
86 0.003594640176743269
87 0.00395383732393384
88 0.0036117888521403074
89 0.0036966779734939337
90 0.004078430589288473
91 0.003806890221312642
92 0.0040457784198224545
93 0.004325003828853369
94 0.0037788322661072016
95 0.0037506604567170143
96 0.003933903761208057
97 0.003938237205147743
98 0.003706397721543908
99 0.004042076412588358
100 0.003964361269026995
101 0.0040726675651967525
102 0.003970867954194546
103 0.004131231922656298
104 0.0038288121577352285
105 0.004438451491296291
106 0.003883922705426812
107 0.004242174793034792
108 0.004200620576739311
109 0.003812334965914488
110 0.003951375838369131
111 0.0038057949859648943
112 0.003847267245873809
113 0.004234518855810165
114 0.003983015194535255
115 0.0037878002040088177
116 0.004287207033485174
117 0.0039659724570810795
118 0.003840492805466056
119 0.004009640775620937
120 0.003860934404656291
121 0.00404539005830884
122 0.0047238655388355255
123 0.003908878192305565
124 0.0041404422372579575
125 0.004053011536598206
126 0.004351680167019367
127 0.0038801305927336216
128 0.0035219090059399605
129 0.003637910122051835
130 0.0037293299101293087
131 0.003825392806902528
132 0.004031709395349026
133 0.0041391002014279366
134 0.003916624933481216
135 0.003395176026970148
136 0.004274304490536451
137 0.004058311693370342
138 0.0038705405313521624
139 0.004078011494129896
140 0.0034970189444720745
141 0.003734084079042077
142 0.003744532121345401
143 0.0038563855923712254
144 0.003454869147390127
145 0.004067565314471722
146 0.0039143371395766735
147 0.004251708276569843
148 0.0038071011658757925
149 0.003960867412388325
150 0.003940948750823736
151 0.004093832336366177
152 0.0037452257238328457
153 0.0038922755047678947
154 0.0038178851827979088
155 0.003473848570138216
156 0.00383454910479486
157 0.003852905472740531
158 0.003923312295228243
159 0.0036517507396638393
160 0.0037996561732143164
161 0.0037770483177155256
162 0.004132262896746397
163 0.0037488997913897038
164 0.003931295592337847
165 0.003907592035830021
166 0.003973054699599743
167 0.004027348477393389
168 0.003916057758033276
169 0.004003631882369518
170 0.0035745720379054546
171 0.003927926067262888
172 0.0035486777778714895
173 0.00369856390170753
174 0.004151750355958939
175 0.0037693833000957966
176 0.0040971338748931885
177 0.0038890005089342594
178 0.0037537908647209406
179 0.0037108799442648888
180 0.003882152494043112
181 0.004023413639515638
182 0.003933081869035959
183 0.003969625104218721
184 0.003921026363968849
185 0.004252538084983826
186 0.003616423811763525
187 0.0038487736601382494
188 0.003958804998546839
189 0.0037655553314834833
190 0.0040689012967050076
191 0.0037331958301365376
192 0.004026914015412331
193 0.003977305721491575
194 0.0042559136636555195
195 0.004237303510308266
196 0.004125314299017191
197 0.0038039193022996187
198 0.004043605178594589
199 0.0035747764632105827
200 0.0035175036173313856
201 0.004040251486003399
202 0.003965939395129681
203 0.0038320040330290794
204 0.00381886912509799
205 0.0037112990394234657
206 0.0037039420567452908
207 0.003993129823356867
208 0.003980204928666353
209 0.003953689709305763
210 0.0038803794886916876
211 0.00423775240778923
212 0.003569020889699459
213 0.0037851626984775066
214 0.0038527920842170715
215 0.004046405199915171
216 0.003881356678903103
217 0.003835016395896673
218 0.003747084876522422
219 0.003827718086540699
220 0.0038432246074080467
221 0.003924361430108547
222 0.003511641174554825
223 0.0041751437820494175
224 0.0038289243821054697
225 0.004023518413305283
226 0.004067727830260992
227 0.003690846497192979
228 0.004293411038815975
229 0.00437393831089139
230 0.00394419115036726
231 0.004198350012302399
232 0.003933874890208244
233 0.003719581523910165
234 0.0038366096559911966
235 0.003651438979431987
236 0.0038864915259182453
237 0.0036088619381189346
238 0.003697802312672138
239 0.0040955813601613045
240 0.003912657964974642
241 0.0037694552447646856
242 0.0038107784930616617
243 0.003611941123381257
244 0.003622298361733556
245 0.003909190651029348
246 0.004087898414582014
247 0.004191157873719931
248 0.003932535648345947
249 0.0038560538087040186
250 0.0036317449994385242
251 0.0035136195365339518
252 0.003980366513133049
253 0.0036747129634022713
254 0.003722596913576126
255 0.0038954068440943956
