0 0.00399805186316371
1 0.0033712098374962807
2 0.0037844704929739237
3 0.003931746818125248
4 0.003893759334459901
5 0.003888464532792568
6 0.003890654304996133
7 0.0042641120962798595
8 0.00412478344514966
9 0.0036148568615317345
10 0.00393675034865737
11 0.003788276808336377
12 0.003675471292808652
13 0.0037560409400612116
14 0.003959637135267258
15 0.0039422838017344475
16 0.003837838303297758
17 0.003919688053429127
18 0.003849986707791686
19 0.003995339386165142
20 0.0038870936259627342
21 0.0040917606092989445
22 0.003927790094166994
23 0.0037799205165356398
24 0.004056840669363737
25 0.003899764036759734
26 0.003968241158872843
27 0.0038459934294223785
28 0.004078315105289221
29 0.003926791250705719
30 0.004160599783062935
31 0.0039003011770546436
32 0.0035889530554413795
33 0.003812749870121479
34 0.003708816831931472
35 0.003981273155659437
36 0.004008043557405472
37 0.0037398994900286198
38 0.004260481335222721
39 0.0042030843906104565
40 0.004164181184023619
41 0.003607663093134761
42 0.0038398047909140587
43 0.003761298255994916
44 0.003818412311375141
45 0.0038803156930953264
46 0.004284972790628672
47 0.004345330409705639
48 0.003997417166829109
49 0.003832995193079114
50 0.004206025041639805
51 0.0036615317221730947
52 0.004077310673892498
53 0.003924320451915264
54 0.0039747366681694984
55 0.004089809954166412
56 0.004216157831251621
57 0.003913308028131723
58 0.0036990067455917597
59 0.004075235687196255
60 0.0037370529025793076
61 0.0038704010657966137
62 0.0040559060871601105
63 0.004014558158814907
64 0.003897550282999873
65 0.003620362840592861
66 0.003685570787638426
67 0.003920925781130791
68 0.004074101336300373
69 0.004178305622190237
70 0.004178471863269806
71 0.003768536727875471
72 0.004065137356519699
73 0.0038050746079534292
74 0.00409146212041378
75 0.00421871105208993
76 0.004057141486555338
77 0.00401520449668169
78 0.0037317881360650063
79 0.00377784576267004
80 0.003934349864721298
81 0.004014529753476381
82 0.0040414645336568356
83 0.0036640865728259087
84 0.003986526280641556
85 0.0035471301525831223
86 0.004040355794131756
87 0.003735161852091551
88 0.003738946979865432
89 0.0038793166168034077
90 0.004065472166985273
91 0.003926851321011782
92 0.00408542063087225
93 0.004204954952001572
94 0.003865901380777359
95 0.003906825091689825
96 0.004063459113240242
97 0.00412211986258626
98 0.0036824613343924284
99 0.004001406021416187
100 0.003770677372813225
101 0.00430561788380146
102 0.003444763831794262
103 0.004162237048149109
104 0.003933788742870092
105 0.004097814206033945
106 0.003731964621692896
107 0.004373303614556789
108 0.004094164818525314
109 0.003990483935922384
110 0.004160194657742977
111 0.004088899120688438
112 0.003746320493519306
113 0.0042227995581924915
114 0.003924805670976639
115 0.00373543007299304
116 0.003921769093722105
117 0.0038287716452032328
118 0.003967971540987492
119 0.0038737126160413027
120 0.003995686769485474
121 0.00428991112858057
122 0.004123704507946968
123 0.0038906827103346586
124 0.004079236648976803
125 0.0038922305684536695
126 0.004101780243217945
127 0.003923160023987293
128 0.0035781264305114746
129 0.003721620887517929
130 0.003667810233309865
131 0.0036244422663003206
132 0.0038494302425533533
133 0.0044744741171598434
134 0.003891983535140753
135 0.0038395398296415806
136 0.004228523466736078
137 0.0037433544639497995
138 0.003995500039309263
139 0.00396168977022171
140 0.0036302278749644756
141 0.00378740974701941
142 0.0038506940472871065
143 0.00362404715269804
144 0.0035751773975789547
145 0.004085131920874119
146 0.004113723058253527
147 0.003954646177589893
148 0.00390482391230762
149 0.0038215373642742634
150 0.003953917883336544
151 0.004188882187008858
152 0.0037509168032556772
153 0.0037630938459187746
154 0.003807022236287594
155 0.0035466745030134916
156 0.0035720772575587034
157 0.0036510631907731295
158 0.004140498116612434
159 0.0036081874277442694
160 0.0037752422504127026
161 0.0037716650404036045
162 0.004064754117280245
163 0.0035949721932411194
164 0.003962575923651457
165 0.0038941847160458565
166 0.004089617636054754
167 0.0036112728994339705
168 0.004285534843802452
169 0.004109418019652367
170 0.003739205887541175
171 0.0035336879082024097
172 0.003696837229654193
173 0.003926652017980814
174 0.004118344280868769
175 0.003912189044058323
176 0.004165517166256905
177 0.00374041311442852
178 0.0034469920210540295
179 0.0038095004856586456
180 0.003558127908036113
181 0.004338654689490795
182 0.004058609250932932
183 0.003931027837097645
184 0.003888243343681097
185 0.0042486414313316345
186 0.003505988512188196
187 0.0036923761945217848
188 0.0039362311363220215
189 0.003821431891992688
190 0.003969254437834024
191 0.003651595674455166
192 0.00381491263397038
193 0.004136092495173216
194 0.003958814311772585
195 0.004323587287217379
196 0.0041031125001609325
197 0.003838540520519018
198 0.0037617285270243883
199 0.0039184801280498505
200 0.003821364603936672
201 0.0038230682257562876
202 0.0037963332142680883
203 0.0036825004499405622
204 0.0038742348551750183
205 0.0037690915632992983
206 0.0037176162004470825
207 0.004005499184131622
208 0.004139804746955633
209 0.003971762955188751
210 0.00378241203725338
211 0.003959988243877888
212 0.0036406475119292736
213 0.003919148817658424
214 0.004173649940639734
215 0.00392646249383688
216 0.003934546839445829
217 0.004003982059657574
218 0.0038207853212952614
219 0.003915872424840927
220 0.003894584719091654
221 0.003913645166903734
222 0.0038684862665832043
223 0.004133719950914383
224 0.003799149300903082
225 0.003876550355926156
226 0.0039851064793765545
227 0.003728909185156226
228 0.003925741650164127
229 0.004006748087704182
230 0.003819929203018546
231 0.004238467663526535
232 0.0037706010043621063
233 0.003864680416882038
234 0.0036208226811140776
235 0.003816646756604314
236 0.0038738620933145285
237 0.0038855676539242268
238 0.0037804802414029837
239 0.004060835111886263
240 0.004024676512926817
241 0.003870157292112708
242 0.0036756731569767
243 0.003674339270219207
244 0.0037458157166838646
245 0.003861563978716731
246 0.00422343984246254
247 0.003928496036678553
248 0.0038882035296410322
249 0.003837624564766884
250 0.0037090028636157513
251 0.0034917136654257774
252 0.0039095403626561165
253 0.003790137590840459
254 0.00401202030479908
255 0.003641345538198948
