0 0.0039511434733867645
1 0.0032360597979277372
2 0.0038747135549783707
3 0.003844209248200059
4 0.003966702148318291
5 0.003934494219720364
6 0.003930618520826101
7 0.0041145323775708675
8 0.004250997211784124
9 0.00368351093493402
10 0.004034407436847687
11 0.0039107920601964
12 0.003665649564936757
13 0.003906707279384136
14 0.00370223680511117
15 0.003980213310569525
16 0.00409343559294939
17 0.004116509575396776
18 0.003968482371419668
19 0.0038681679870933294
20 0.003931159153580666
21 0.0041522071696817875
22 0.003766522044315934
23 0.0037694494239985943
24 0.004017922095954418
25 0.004033515229821205
26 0.003940946888178587
27 0.004253898747265339
28 0.003910099156200886
29 0.0039487299509346485
30 0.004195039160549641
31 0.003988899290561676
32 0.0035665847826749086
33 0.003672960214316845
34 0.003526256186887622
35 0.004204105120152235
36 0.004125833045691252
37 0.003686554729938507
38 0.004183732904493809
39 0.004048547707498074
40 0.003946539480239153
41 0.0035399305634200573
42 0.003768111811950803
43 0.0038665919564664364
44 0.0036713515873998404
45 0.0038480740040540695
46 0.004287324845790863
47 0.004228205885738134
48 0.003875680500641465
49 0.0038957777433097363
50 0.004297279752790928
51 0.0034661325626075268
52 0.0041267829947173595
53 0.003570795292034745
54 0.003979022614657879
55 0.004296255763620138
56 0.0042517962865531445
57 0.0040302942506968975
58 0.0038292338140308857
59 0.003818501252681017
60 0.0038027612026780844
61 0.0040752338245511055
62 0.004075357690453529
63 0.004082418978214264
64 0.0038995295763015747
65 0.003835774725303054
66 0.0037086312659084797
67 0.003825264982879162
68 0.0037301958072930574
69 0.004043096676468849
70 0.004352999851107597
71 0.00381208723410964
72 0.0038237557746469975
73 0.0036654965952038765
74 0.00392195675522089
75 0.004348165821284056
76 0.004006851930171251
77 0.003853597678244114
78 0.003850424662232399
79 0.003833652241155505
80 0.003668811870738864
81 0.004132268484681845
82 0.0036608348600566387
83 0.0037290349137037992
84 0.003915220499038696
85 0.0038085072301328182
86 0.003795298980548978
87 0.0037640382070094347
88 0.0035165187437087297
89 0.0035204847808927298
90 0.0041728694923222065
91 0.0039281356148421764
92 0.003889335785061121
93 0.004158744588494301
94 0.003560441778972745
95 0.003896974492818117
96 0.00401658657938242
97 0.004057689569890499
98 0.003804559586569667
99 0.004210134968161583
100 0.003931753803044558
101 0.004286155570298433
102 0.0035696218255907297
103 0.004046283662319183
104 0.0038695703260600567
105 0.004072596784681082
106 0.003988930024206638
107 0.004536809865385294
108 0.003941619303077459
109 0.003912303596735001
110 0.004057035781443119
111 0.003878624178469181
112 0.00368201220408082
113 0.004285087343305349
114 0.0038424129597842693
115 0.003772016381844878
116 0.00410768436267972
117 0.004036411643028259
118 0.0037164126988500357
119 0.003994223196059465
120 0.0038164248690009117
121 0.004142089746892452
122 0.00429851608350873
123 0.0038542982656508684
124 0.003984994255006313
125 0.0037268544547259808
126 0.004228676203638315
127 0.003823183011263609
128 0.003721095621585846
129 0.0036764945834875107
130 0.0036450971383601427
131 0.0038484036922454834
132 0.0038527774158865213
133 0.0044822958298027515
134 0.0039775739423930645
135 0.0034724159631878138
136 0.004324453882873058
137 0.003710831282660365
138 0.0040098088793456554
139 0.0038386271335184574
140 0.0038961651735007763
141 0.0036729418206959963
142 0.0038472299929708242
143 0.003766576061025262
144 0.003581990022212267
145 0.004204615019261837
146 0.003910684958100319
147 0.0038842465728521347
148 0.0042860619723796844
149 0.004164240323007107
150 0.004094102885574102
151 0.004098430275917053
152 0.003639093367382884
153 0.003827502718195319
154 0.003902219468727708
155 0.0036870669573545456
156 0.0036804722622036934
157 0.00355784734711051
158 0.0039728726260364056
159 0.0036630630493164062
160 0.003832645248621702
161 0.00366981141269207
162 0.004111581947654486
163 0.0036941568832844496
164 0.0035027489066123962
165 0.003801483428105712
166 0.003933184780180454
167 0.0037672086618840694
168 0.004130644258111715
169 0.004012449644505978
170 0.003931368235498667
171 0.004037374164909124
172 0.0039475951343774796
173 0.004073683638125658
174 0.0038966455031186342
175 0.003962620161473751
176 0.004185421857982874
177 0.003911556676030159
178 0.003593434812501073
179 0.0036705047823488712
180 0.0036421464756131172
181 0.004171132110059261
182 0.003903794102370739
183 0.0038453645538538694
184 0.00397837907075882
185 0.004090794362127781
186 0.0034251122269779444
187 0.003691144287586212
188 0.0037664535921067
189 0.0037763819564133883
190 0.004047265276312828
191 0.0038781992625445127
192 0.0037703088019043207
193 0.004087699577212334
194 0.004144841805100441
195 0.004397877957671881
196 0.004347874317318201
197 0.0038318161386996508
198 0.0035969961900264025
199 0.0038722509052604437
200 0.003908589482307434
201 0.0038169969338923693
202 0.003964636940509081
203 0.0037451607640832663
204 0.0038836165331304073
205 0.003718686755746603
206 0.00373596278950572
207 0.0041676657274365425
208 0.004167348146438599
209 0.003953556530177593
210 0.003552219830453396
211 0.0041657863184809685
212 0.0034947094973176718
213 0.003777054138481617
214 0.004351379815489054
215 0.004003002308309078
216 0.003821790684014559
217 0.004001254681497812
218 0.00391956465318799
219 0.00395395141094923
220 0.0038128031883388758
221 0.004109392873942852
222 0.0037240665405988693
223 0.004161878954619169
224 0.003925346303731203
225 0.0038513769395649433
226 0.0040741353295743465
227 0.0038095484487712383
228 0.0038976818323135376
229 0.00409022206440568
230 0.003830753732472658
231 0.004136558156460524
232 0.003922035917639732
233 0.0035931102465838194
234 0.0037975278683006763
235 0.003766844281926751
236 0.004034929908812046
237 0.0037251824978739023
238 0.003799104830250144
239 0.004137443844228983
240 0.004195008892565966
241 0.003923594485968351
242 0.004045108798891306
243 0.003718860447406769
244 0.0036266862880438566
245 0.003797513199970126
246 0.004066623281687498
247 0.004023369867354631
248 0.0038592356722801924
249 0.003778997343033552
250 0.0035949512384831905
251 0.0036113043315708637
252 0.0037865270860493183
253 0.0035892422311007977
254 0.0039297607727348804
255 0.003614509478211403
