0 0.00392315536737442
1 0.0034424045588821173
2 0.0038916156627237797
3 0.003909599501639605
4 0.004045531153678894
5 0.003860335098579526
6 0.003925261087715626
7 0.0038873418234288692
8 0.003985890652984381
9 0.0036816627252846956
10 0.004051980096846819
11 0.0037891773972660303
12 0.003775044810026884
13 0.0035868417471647263
14 0.003858921816572547
15 0.0038100832607597113
16 0.0039721885696053505
17 0.003916508983820677
18 0.0038121261168271303
19 0.003883069846779108
20 0.004026697017252445
21 0.00413838867098093
22 0.004095311742275953
23 0.0038891208823770285
24 0.00386406178586185
25 0.003972256556153297
26 0.0039198920130729675
27 0.003807811299338937
28 0.003877841867506504
29 0.003667675657197833
30 0.004234849009662867
31 0.0039001384284347296
32 0.0036997520364820957
33 0.003635226748883724
34 0.003800006816163659
35 0.004029297269880772
36 0.004059891682118177
37 0.003907110542058945
38 0.004031038377434015
39 0.004204686265438795
40 0.004155383445322514
41 0.0034079744946211576
42 0.003952517174184322
43 0.0036431096959859133
44 0.003949956968426704
45 0.004139380995184183
46 0.0045488071627914906
47 0.0042573618702590466
48 0.0038454781752079725
49 0.003822846570983529
50 0.004251869395375252
51 0.0036711953580379486
52 0.004011854995042086
53 0.003896135138347745
54 0.0038824041839689016
55 0.003980841021984816
56 0.004071527626365423
57 0.003828898537904024
58 0.003959499765187502
59 0.003983526490628719
60 0.0037154436577111483
61 0.0038531527388840914
62 0.003976401407271624
63 0.0037632458843290806
64 0.00388971040956676
65 0.0036961270961910486
66 0.003635815577581525
67 0.0038607248570770025
68 0.003912804182618856
69 0.004276207648217678
70 0.004225580021739006
71 0.0037631511222571135
72 0.0038163906428962946
73 0.0037450334057211876
74 0.003959522116929293
75 0.004358985461294651
76 0.004096567630767822
77 0.0038091347087174654
78 0.003669693600386381
79 0.003752401564270258
80 0.003987859934568405
81 0.004159369971603155
82 0.003727781120687723
83 0.0036603480111807585
84 0.004202870652079582
85 0.0038467540871351957
86 0.0036682013887912035
87 0.003885881742462516
88 0.0036466869059950113
89 0.003908754326403141
90 0.004124345723539591
91 0.004189314320683479
92 0.004123187158256769
93 0.004078881349414587
94 0.003947668708860874
95 0.0036952972877770662
96 0.004038515500724316
97 0.004212428815662861
98 0.003964770119637251
99 0.004026377573609352
100 0.0036772757302969694
101 0.004074336960911751
102 0.003564734011888504
103 0.003971818834543228
104 0.0036916001699864864
105 0.003934522159397602
106 0.0037620761431753635
107 0.00446305563673377
108 0.00423726299777627
109 0.0038879248313605785
110 0.0038697202689945698
111 0.0037607867270708084
112 0.003761094994843006
113 0.004393327981233597
114 0.003946575336158276
115 0.0039273276925086975
116 0.003873264417052269
117 0.0039021815173327923
118 0.003712185425683856
119 0.004021499305963516
120 0.003983777482062578
121 0.004060846287757158
122 0.00413427222520113
123 0.003672511549666524
124 0.004130055662244558
125 0.003966640215367079
126 0.004230748862028122
127 0.003896537935361266
128 0.0036515819374471903
129 0.0038303390610963106
130 0.003670691978186369
131 0.003805512795224786
132 0.004105593543499708
133 0.004303598776459694
134 0.003836242016404867
135 0.0037773195654153824
136 0.0042509650811553
137 0.0037352631334215403
138 0.00405261293053627
139 0.003984079230576754
140 0.0037916426081210375
141 0.0035781599581241608
142 0.0038019386120140553
143 0.003612248692661524
144 0.0033852746710181236
145 0.003975818399339914
146 0.0038714443799108267
147 0.0040190634317696095
148 0.003936433698982
149 0.003972186706960201
150 0.003870891872793436
151 0.004100133664906025
152 0.0036337831988930702
153 0.003957428503781557
154 0.003992368001490831
155 0.0036455432418733835
156 0.0036233868449926376
157 0.0035400681663304567
158 0.004127952270209789
159 0.003814970375970006
160 0.0035662862937897444
161 0.0038415933959186077
162 0.004082309547811747
163 0.0036121115554124117
164 0.0035792666021734476
165 0.003946971148252487
166 0.003909855615347624
167 0.0037511952687054873
168 0.004193620290607214
169 0.004330859519541264
170 0.003595789195969701
171 0.003794462187215686
172 0.0037260146345943213
173 0.003639591857790947
174 0.004194770473986864
175 0.0041701337322592735
176 0.004035746678709984
177 0.003897142829373479
178 0.003343266434967518
179 0.0037312819622457027
180 0.003798346035182476
181 0.004444976337254047
182 0.00414658198133111
183 0.004054731223732233
184 0.003954826854169369
185 0.0042328257113695145
186 0.003547566942870617
187 0.003835806157439947
188 0.0038357258308678865
189 0.00394911365583539
190 0.0038932820316404104
191 0.003802287159487605
192 0.0038579280953854322
193 0.003992993384599686
194 0.0041682044975459576
195 0.004220845177769661
196 0.004172749817371368
197 0.003658871166408062
198 0.0038958669174462557
199 0.003970935940742493
200 0.0037257687654346228
201 0.003890824504196644
202 0.004089090973138809
203 0.0036160058807581663
204 0.003912924788892269
205 0.0035750241950154305
206 0.003580072894692421
207 0.004101404920220375
208 0.00412337202578783
209 0.0038268642965704203
210 0.003724774345755577
211 0.0041950661689043045
212 0.003585859201848507
213 0.004039659630507231
214 0.004073486663401127
215 0.003898703958839178
216 0.004161856137216091
217 0.004168716259300709
218 0.0038902650121599436
219 0.0037908675149083138
220 0.0037729768082499504
221 0.003995264880359173
222 0.003746118163689971
223 0.004295403603464365
224 0.003717015963047743
225 0.003847317071631551
226 0.003996049985289574
227 0.003811886068433523
228 0.004242456518113613
229 0.003964268136769533
230 0.0038195974193513393
231 0.004174341447651386
232 0.0040030949749052525
233 0.0036429096944630146
234 0.0037041171453893185
235 0.0036564499605447054
236 0.004072918090969324
237 0.003949571866542101
238 0.0037555855233222246
239 0.004030049312859774
240 0.004151729866862297
241 0.004233534913510084
242 0.0038598296232521534
243 0.0035452544689178467
244 0.003860051278024912
245 0.0037820683792233467
246 0.004175454843789339
247 0.0039647165685892105
248 0.0037917383015155792
249 0.0039544785395264626
250 0.0037060410249978304
251 0.0034603013191372156
252 0.003714298829436302
253 0.0038051491137593985
254 0.004054130986332893
255 0.0037322121206671
