0 0.0039020886179059744
1 0.0036666891537606716
2 0.00389106385409832
3 0.004121906589716673
4 0.0040248543955385685
5 0.003756582969799638
6 0.004176746122539043
7 0.004270720761269331
8 0.0041458383202552795
9 0.0035451347939670086
10 0.00409330241382122
11 0.003912110812962055
12 0.003731808392331004
13 0.003732128534466028
14 0.0037953185383230448
15 0.003986913710832596
16 0.004076738376170397
17 0.003946147859096527
18 0.003632146632298827
19 0.004222116898745298
20 0.003953962586820126
21 0.004148057196289301
22 0.003756125457584858
23 0.003585138823837042
24 0.004222512245178223
25 0.004086182918399572
26 0.0037536940071731806
27 0.003635014407336712
28 0.004074019845575094
29 0.004047258757054806
30 0.00425378791987896
31 0.003875663038343191
32 0.003711052006110549
33 0.0037890602834522724
34 0.0034724418073892593
35 0.0042154258117079735
36 0.004044746980071068
37 0.003631780156865716
38 0.004086411092430353
39 0.004155619535595179
40 0.004192730877548456
41 0.003569617634639144
42 0.003846977138891816
43 0.003716566599905491
44 0.0038481946103274822
45 0.0037682645488530397
46 0.004404074978083372
47 0.004400940611958504
48 0.0039926134049892426
49 0.0038599777035415173
50 0.004078628029674292
51 0.0034333141520619392
52 0.0039911940693855286
53 0.0037714370992034674
54 0.004040735308080912
55 0.004051458090543747
56 0.00420297309756279
57 0.003943201154470444
58 0.0038178819231688976
59 0.0038451366126537323
60 0.0036620779428631067
61 0.003919688519090414
62 0.00408507464453578
63 0.003668172052130103
64 0.004140675067901611
65 0.0039456505328416824
66 0.0037505128420889378
67 0.0038475575856864452
68 0.00398629903793335
69 0.004074163734912872
70 0.004186307080090046
71 0.003654720727354288
72 0.0038304561749100685
73 0.0035149308387190104
74 0.0037618495989590883
75 0.004255068022757769
76 0.003989551216363907
77 0.003853997215628624
78 0.003821080317720771
79 0.0037855880800634623
80 0.0038233790546655655
81 0.00417423015460372
82 0.0038498123176395893
83 0.003824651474133134
84 0.004198895767331123
85 0.0035291530657559633
86 0.003760542953386903
87 0.0037803209852427244
88 0.003598306095227599
89 0.0037841391749680042
90 0.004168518353253603
91 0.0037886372301727533
92 0.004012031015008688
93 0.004475430119782686
94 0.0037549720145761967
95 0.003959702327847481
96 0.0038324957713484764
97 0.004073685500770807
98 0.003745492547750473
99 0.0038899851497262716
100 0.003800451522693038
101 0.004077220801264048
102 0.003844429040327668
103 0.00422303332015872
104 0.0036201272159814835
105 0.004380558617413044
106 0.003821043064817786
107 0.0043808030895888805
108 0.004162290133535862
109 0.003799880389124155
110 0.004205604083836079
111 0.0036981028970330954
112 0.003499857848510146
113 0.004371436312794685
114 0.0038871397264301777
115 0.003431267337873578
116 0.003984479699283838
117 0.003968320321291685
118 0.0035808037500828505
119 0.004040348343551159
120 0.00390749191865325
121 0.004042796324938536
122 0.00448383204638958
123 0.003907631617039442
124 0.004169981461018324
125 0.003927626647055149
126 0.004085081163793802
127 0.003934413660317659
128 0.00363180972635746
129 0.003802371444180608
130 0.003780536586418748
131 0.0037005203776061535
132 0.0038661304861307144
133 0.004391934257000685
134 0.003716651815921068
135 0.0036833654157817364
136 0.004476232919842005
137 0.003960179165005684
138 0.003949865698814392
139 0.004011510405689478
140 0.0036157916765660048
141 0.0035791960544884205
142 0.003824501996859908
143 0.0036322474479675293
144 0.0036600788589566946
145 0.004116566386073828
146 0.003899648319929838
147 0.004054691176861525
148 0.0037437891587615013
149 0.0038346790242940187
150 0.004028175491839647
151 0.00408075051382184
152 0.003892968175932765
153 0.004026688169687986
154 0.003908959217369556
155 0.0036761153023689985
156 0.0037031969986855984
157 0.0036696610040962696
158 0.003971373196691275
159 0.0036023238208144903
160 0.0038732055108994246
161 0.0038146337028592825
162 0.004194492939859629
163 0.0037262956611812115
164 0.0036205279175192118
165 0.004057963378727436
166 0.004120698198676109
167 0.0036060833372175694
168 0.003966811113059521
169 0.004157235845923424
170 0.0036414694041013718
171 0.003945687785744667
172 0.0036998060531914234
173 0.003973455633968115
174 0.004017820581793785
175 0.004014898557215929
176 0.004372484050691128
177 0.0038609125185757875
178 0.003508889116346836
179 0.004047001712024212
180 0.0037478585727512836
181 0.003984326031059027
182 0.004103939980268478
183 0.003794828662648797
184 0.0037466443609446287
185 0.004109983332455158
186 0.003534815041348338
187 0.0037234879564493895
188 0.003967396914958954
189 0.0037924048956483603
190 0.003984321374446154
191 0.0037197552155703306
192 0.003928200341761112
193 0.003919993527233601
194 0.003949529491364956
195 0.0042831324972212315
196 0.004099598154425621
197 0.003734345780685544
198 0.0037542618811130524
199 0.0037754576187580824
200 0.003742493223398924
201 0.0037753547076135874
202 0.003998048137873411
203 0.0037422317545861006
204 0.0037025960627943277
205 0.0037959881592541933
206 0.0038396953605115414
207 0.004017623607069254
208 0.004113506060093641
209 0.003966749645769596
210 0.0037013597320765257
211 0.00430523743852973
212 0.003359378082677722
213 0.0036662293132394552
214 0.004138125106692314
215 0.004172531887888908
216 0.00371811306104064
217 0.004141432233154774
218 0.0036578867584466934
219 0.0040039727464318275
220 0.0038545543793588877
221 0.004121633246541023
222 0.0037796448450535536
223 0.0040695578791201115
224 0.004092546179890633
225 0.003958487883210182
226 0.00398721918463707
227 0.003858227049931884
228 0.0038526367861777544
229 0.004177086986601353
230 0.003916510846465826
231 0.004142467398196459
232 0.003988616168498993
233 0.0037127502728253603
234 0.0038638145197182894
235 0.0037803996820002794
236 0.003991234116256237
237 0.0039891148917376995
238 0.0038739864248782396
239 0.003989809658378363
240 0.004046867601573467
241 0.0037332698702812195
242 0.0038899192586541176
243 0.003574517322704196
244 0.003987226169556379
245 0.0038943637628108263
246 0.004009396769106388
247 0.004053786862641573
248 0.003924761898815632
249 0.0038228174671530724
250 0.0035191141068935394
251 0.003490731818601489
252 0.0036767302080988884
253 0.003770129755139351
254 0.004035388119518757
255 0.003746972419321537
