0 0.004111445974558592
1 0.003198987105861306
2 0.003627992467954755
3 0.0039106979966163635
4 0.004064613487571478
5 0.003960905130952597
6 0.00406822981312871
7 0.004267708398401737
8 0.004175953567028046
9 0.0037900942843407393
10 0.004319403320550919
11 0.003907000180333853
12 0.003548090346157551
13 0.003805265761911869
14 0.0037536448799073696
15 0.003907887265086174
16 0.003940404858440161
17 0.003910132218152285
18 0.0035334418062120676
19 0.004041729960590601
20 0.004066715016961098
21 0.004097254015505314
22 0.004011800047010183
23 0.0037818269338458776
24 0.0039583235047757626
25 0.004192841239273548
26 0.0038969304878264666
27 0.0040192678570747375
28 0.0037717099767178297
29 0.0041273911483585835
30 0.004276091232895851
31 0.003985852003097534
32 0.0036460005212575197
33 0.0038246046751737595
34 0.003584642428904772
35 0.003929737489670515
36 0.004193194210529327
37 0.003731992095708847
38 0.004016931634396315
39 0.00404641218483448
40 0.004196410067379475
41 0.0035475390031933784
42 0.0036399492528289557
43 0.0036372265312820673
44 0.00405742647126317
45 0.0037865841295570135
46 0.004272169433534145
47 0.00426482642069459
48 0.003997775260359049
49 0.0037380491849035025
50 0.004318503197282553
51 0.0033371648751199245
52 0.004087901674211025
53 0.003717186162248254
54 0.0038004873786121607
55 0.004142684396356344
56 0.004091134760528803
57 0.003906178753823042
58 0.004005069378763437
59 0.003887191182002425
60 0.003671252867206931
61 0.004200530704110861
62 0.004506030585616827
63 0.00391220161691308
64 0.004062496591359377
65 0.003646216122433543
66 0.0037209128495305777
67 0.003848347347229719
68 0.0037763749714940786
69 0.003946138545870781
70 0.004250167403370142
71 0.0038212814833968878
72 0.004092603921890259
73 0.004032960161566734
74 0.0036622947081923485
75 0.004576488863676786
76 0.004250159487128258
77 0.0037516916636377573
78 0.003995552659034729
79 0.003910909406840801
80 0.0035388527903705835
81 0.004181844647973776
82 0.0037585434038192034
83 0.003550916677340865
84 0.0037906919606029987
85 0.0036958488635718822
86 0.003766794688999653
87 0.004030308220535517
88 0.003347327932715416
89 0.003786773420870304
90 0.004252233076840639
91 0.003911169245839119
92 0.003912747371941805
93 0.004267954733222723
94 0.003885372309014201
95 0.003916412126272917
96 0.003992700017988682
97 0.004031850956380367
98 0.003823268925771117
99 0.004129663109779358
100 0.003803184488788247
101 0.004149908199906349
102 0.003857986768707633
103 0.004273955710232258
104 0.003802834078669548
105 0.004119035787880421
106 0.0039424956776201725
107 0.004435147624462843
108 0.00413828669115901
109 0.0038898023776710033
110 0.0038275071419775486
111 0.0037731858901679516
112 0.003555944887921214
113 0.004330096300691366
114 0.004078044556081295
115 0.0037161142099648714
116 0.004071446601301432
117 0.00384345930069685
118 0.003505685832351446
119 0.004004848189651966
120 0.003940892871469259
121 0.004118618555366993
122 0.004364291206002235
123 0.003668159944936633
124 0.0041208332404494286
125 0.003831778420135379
126 0.004141708370298147
127 0.003733412828296423
128 0.0036850094329565763
129 0.003543809289112687
130 0.0036501851864159107
131 0.0035603404976427555
132 0.0040137385949492455
133 0.004422916565090418
134 0.003940070979297161
135 0.0034940822515636683
136 0.004295796155929565
137 0.0039221420884132385
138 0.0040751188062131405
139 0.0039458866231143475
140 0.0036613030824810266
141 0.0036165816709399223
142 0.003912090789526701
143 0.003960014786571264
144 0.003473468590527773
145 0.004142115358263254
146 0.0037685576826334
147 0.00377901503816247
148 0.004009105730801821
149 0.0037846204359084368
150 0.0037565594539046288
151 0.004261218477040529
152 0.0036511197686195374
153 0.004027163609862328
154 0.003649028716608882
155 0.003613710170611739
156 0.003788302419707179
157 0.003669377649202943
158 0.003953821491450071
159 0.0038652410730719566
160 0.0036843428388237953
161 0.003705345094203949
162 0.004213395994156599
163 0.003817631397396326
164 0.0037454399280250072
165 0.003868913510814309
166 0.003958907909691334
167 0.003734879195690155
168 0.004059411585330963
169 0.003875435795634985
170 0.0040727704763412476
171 0.0038190579507499933
172 0.0037105607334524393
173 0.0035971819888800383
174 0.0038877588231116533
175 0.0038291639648377895
176 0.004492355976253748
177 0.0038609353359788656
178 0.0035599879920482635
179 0.003758573206141591
180 0.0036159884184598923
181 0.004122418817132711
182 0.0040055993013083935
183 0.003879909636452794
184 0.004233669489622116
185 0.004359111189842224
186 0.0034514761064201593
187 0.0038550524041056633
188 0.004009721335023642
189 0.0037308931350708008
190 0.0037964405491948128
191 0.003947709687054157
192 0.004030425101518631
193 0.0040587252005934715
194 0.004179072100669146
195 0.004137635231018066
196 0.0043978034518659115
197 0.0037679432425647974
198 0.003893075743690133
199 0.0038869644049555063
200 0.00357858557254076
201 0.0036758133210241795
202 0.003957495093345642
203 0.0035813148133456707
204 0.003807241329923272
205 0.00353117473423481
206 0.003665319411084056
207 0.0042443107813596725
208 0.0039518242701888084
209 0.003951449412852526
210 0.00365815800614655
211 0.0039079077541828156
212 0.0035398786421865225
213 0.00394582562148571
214 0.004036847967654467
215 0.004299805033951998
216 0.003831220557913184
217 0.004097494296729565
218 0.0038748090155422688
219 0.003929690457880497
220 0.003794730408117175
221 0.004233870655298233
222 0.0035056837368756533
223 0.0042700390331447124
224 0.003763132495805621
225 0.003993501421064138
226 0.004222335293889046
227 0.003633565502241254
228 0.003959552850574255
229 0.004331405274569988
230 0.00352327898144722
231 0.004253519233316183
232 0.0038573886267840862
233 0.003855850314721465
234 0.0037178294733166695
235 0.003840468591079116
236 0.003958830144256353
237 0.0037637101486325264
238 0.003857413539662957
239 0.003970685880631208
240 0.003946318291127682
241 0.004010040778666735
242 0.0038093258626759052
243 0.0036518233828246593
244 0.003850015578791499
245 0.0037582421209663153
246 0.004151114262640476
247 0.004018442705273628
248 0.004001409746706486
249 0.0037360163405537605
250 0.0035040804650634527
251 0.003299448639154434
252 0.003847424639388919
253 0.0038052049931138754
254 0.004270460456609726
255 0.0037853489629924297
