0 0.003915614914149046
1 0.0035153073258697987
2 0.003913403954356909
3 0.003867722349241376
4 0.004239466041326523
5 0.004060288425534964
6 0.0038058029022067785
7 0.00413587735965848
8 0.00406047236174345
9 0.003614299464970827
10 0.0038622221909463406
11 0.0038957023061811924
12 0.0035665202885866165
13 0.0038840847555547953
14 0.003974138759076595
15 0.0039124502800405025
16 0.003848888911306858
17 0.003925802651792765
18 0.0037600649520754814
19 0.003942134790122509
20 0.004163563251495361
21 0.004145388957113028
22 0.003999773412942886
23 0.003913483582437038
24 0.003851397195830941
25 0.004052529111504555
26 0.003969631623476744
27 0.003923100885003805
28 0.004045152571052313
29 0.003926358185708523
30 0.004164446610957384
31 0.0037575012538582087
32 0.003547895234078169
33 0.003965497948229313
34 0.003648974932730198
35 0.003928690683096647
36 0.003981169778853655
37 0.003913966007530689
38 0.004111394286155701
39 0.004083402454853058
40 0.004168008454144001
41 0.0036110212095081806
42 0.003983673639595509
43 0.00383930210955441
44 0.0038077603094279766
45 0.003863854333758354
46 0.004166238475590944
47 0.0042303623631596565
48 0.004088102839887142
49 0.0036265298258513212
50 0.004012086894363165
51 0.0035635747481137514
52 0.003950751386582851
53 0.003867589170113206
54 0.003819386474788189
55 0.003925731871277094
56 0.004005362745374441
57 0.003789597423747182
58 0.003968090750277042
59 0.0037892432883381844
60 0.003928351681679487
61 0.004075963515788317
62 0.004006955772638321
63 0.0037797351833432913
64 0.0040605138055980206
65 0.003936153370887041
66 0.0038953276816755533
67 0.003865480190142989
68 0.0038804574869573116
69 0.004206768237054348
70 0.00402525020763278
71 0.003937732428312302
72 0.003984516020864248
73 0.003741334192454815
74 0.003931271377950907
75 0.0043030185624957085
76 0.004120228346437216
77 0.0038292836397886276
78 0.0038504465483129025
79 0.003804405452683568
80 0.003629831364378333
81 0.0040435935370624065
82 0.003805196611210704
83 0.0035695864353328943
84 0.0039788600988686085
85 0.0038621840067207813
86 0.0037367697805166245
87 0.0037871592212468386
88 0.003616377478465438
89 0.0038042119704186916
90 0.004172422923147678
91 0.004066830966621637
92 0.0041312845423817635
93 0.0039786347188055515
94 0.0035648380871862173
95 0.0037108869291841984
96 0.004026529844850302
97 0.004372977185994387
98 0.003967770840972662
99 0.00396736478433013
100 0.003917057998478413
101 0.004232411738485098
102 0.0037415397819131613
103 0.004120112396776676
104 0.003639491740614176
105 0.004157412331551313
106 0.003693769220262766
107 0.004065307322889566
108 0.00422650808468461
109 0.003768076654523611
110 0.0040396228432655334
111 0.004170587752014399
112 0.004074360243976116
113 0.004496418870985508
114 0.0040032085962593555
115 0.0038441347423940897
116 0.0036320225335657597
117 0.003985554911196232
118 0.0037721821572631598
119 0.0037529487162828445
120 0.004047377500683069
121 0.004318109713494778
122 0.0041979094967246056
123 0.003751696553081274
124 0.004079272970557213
125 0.0038259520661085844
126 0.004222487565129995
127 0.003774648765102029
128 0.003607566701248288
129 0.003723869100213051
130 0.003791100811213255
131 0.0035713063552975655
132 0.00403201999142766
133 0.004214643035084009
134 0.0037000139709562063
135 0.003862706944346428
136 0.00417189160361886
137 0.003854003269225359
138 0.004033092875033617
139 0.003804249921813607
140 0.0037770653143525124
141 0.0036730547435581684
142 0.003945632837712765
143 0.0036785309202969074
144 0.0034765827003866434
145 0.004079737700521946
146 0.0037582332734018564
147 0.003969856537878513
148 0.0037759675178676844
149 0.003780623432248831
150 0.004011386074125767
151 0.00405541667714715
152 0.0036220140755176544
153 0.0040123360231518745
154 0.0038539052475243807
155 0.00356232188642025
156 0.0038513722829520702
157 0.0036476270761340857
158 0.004043537192046642
159 0.003735068254172802
160 0.003699558787047863
161 0.00370517885312438
162 0.004217347130179405
163 0.0036375701893121004
164 0.00407284963876009
165 0.003952086437493563
166 0.003990441095083952
167 0.003985696006566286
168 0.004271083511412144
169 0.0038438159972429276
170 0.0037760965060442686
171 0.003729555057361722
172 0.003602051641792059
173 0.003546042600646615
174 0.004118459299206734
175 0.0039247628301382065
176 0.0041104890406131744
177 0.0037808199413120747
178 0.003601322416216135
179 0.0037625161930918694
180 0.0038819420151412487
181 0.00416925735771656
182 0.004018314182758331
183 0.0038970469031482935
184 0.003973033744841814
185 0.0040620435029268265
186 0.0035042131785303354
187 0.003823937149718404
188 0.00399194099009037
189 0.003871302353218198
190 0.0038543951231986284
191 0.0037913683336228132
192 0.003806312335655093
193 0.003859452437609434
194 0.004193035885691643
195 0.004191619344055653
196 0.004164902959018946
197 0.003770605195313692
198 0.003824549959972501
199 0.003999615553766489
200 0.003835181938484311
201 0.003760615596547723
202 0.00407549599185586
203 0.0038221299182623625
204 0.003951645456254482
205 0.0036456638481467962
206 0.0037513887509703636
207 0.0040285238064825535
208 0.004024059511721134
209 0.00395328551530838
210 0.0038538589142262936
211 0.0038874815218150616
212 0.003667308483272791
213 0.003680914407595992
214 0.004073649179190397
215 0.004046532791107893
216 0.004221716895699501
217 0.003955373540520668
218 0.003875232068821788
219 0.00384717364795506
220 0.0037978554610162973
221 0.0038793710991740227
222 0.003723733127117157
223 0.0041329525411129
224 0.0039072297513484955
225 0.003893248038366437
226 0.004052828997373581
227 0.00386908371001482
228 0.003933212254196405
229 0.004151293076574802
230 0.003844656515866518
231 0.004072287119925022
232 0.0037456387653946877
233 0.0038256493862718344
234 0.0036004688590765
235 0.003932274878025055
236 0.004204167518764734
237 0.0037885813508182764
238 0.003752416931092739
239 0.004119109362363815
240 0.0039266967214643955
241 0.003994389437139034
242 0.003855427261441946
243 0.003758965525776148
244 0.003797834273427725
245 0.003853387897834182
246 0.00414810236543417
247 0.0041432506404817104
248 0.004068596754223108
249 0.003736273618414998
250 0.003739289939403534
251 0.003643775125965476
252 0.003759086364880204
253 0.003860482946038246
254 0.0036929682828485966
255 0.003808224108070135
