0 0.0037397483829408884
1 0.0034300389233976603
2 0.003884480334818363
3 0.004016646184027195
4 0.004373160190880299
5 0.003934060223400593
6 0.004053962882608175
7 0.004082437139004469
8 0.004145721439272165
9 0.0036879435647279024
10 0.004078177735209465
11 0.00414706626906991
12 0.0038571723271161318
13 0.0036914374213665724
14 0.0038020473439246416
15 0.0037611667066812515
16 0.004174674395471811
17 0.003792267758399248
18 0.0038842083886265755
19 0.003747620154172182
20 0.004060680978000164
21 0.004336371086537838
22 0.004103256855159998
23 0.003958071582019329
24 0.003921095747500658
25 0.003988506738096476
26 0.00396366510540247
27 0.003944724798202515
28 0.004007738083600998
29 0.003818930359557271
30 0.004014123231172562
31 0.0038616221863776445
32 0.0035602308344095945
33 0.003506448119878769
34 0.003604450961574912
35 0.004084417596459389
36 0.0041358289308846
37 0.003857231931760907
38 0.003748304909095168
39 0.00415448471903801
40 0.004037337843328714
41 0.003317218739539385
42 0.004038768820464611
43 0.0038552063051611185
44 0.003883036319166422
45 0.0038907211273908615
46 0.00433482276275754
47 0.004309272859245539
48 0.004061744082719088
49 0.003771961899474263
50 0.003977627493441105
51 0.003599867457523942
52 0.004025266505777836
53 0.0036811118479818106
54 0.003905127290636301
55 0.0039734565652906895
56 0.004074215888977051
57 0.003885117592290044
58 0.0039983089081943035
59 0.003837943309918046
60 0.0036585615016520023
61 0.003989370074123144
62 0.004308270290493965
63 0.0037360263522714376
64 0.0038537809159606695
65 0.0036944090388715267
66 0.0037532413844019175
67 0.004043269902467728
68 0.003806738182902336
69 0.003909499850124121
70 0.004018532112240791
71 0.003951944410800934
72 0.00400020694360137
73 0.0037866432685405016
74 0.0037729262840002775
75 0.0043113804422318935
76 0.004037134349346161
77 0.0038048503920435905
78 0.0040651955641806126
79 0.0036305200774222612
80 0.0036884681321680546
81 0.004072498995810747
82 0.003727940609678626
83 0.0037483437918126583
84 0.004120836034417152
85 0.003600793657824397
86 0.003766182344406843
87 0.003928842023015022
88 0.0035210978239774704
89 0.0036920614074915648
90 0.004000856541097164
91 0.003784655826166272
92 0.0036947166081517935
93 0.004367329180240631
94 0.00355359585955739
95 0.004033184610307217
96 0.003852056572213769
97 0.004186946898698807
98 0.0036892550997436047
99 0.003982636146247387
100 0.003920091316103935
101 0.004135312512516975
102 0.0038154793437570333
103 0.004221675917506218
104 0.0036747956182807684
105 0.0042758360505104065
106 0.004021765664219856
107 0.004588906187564135
108 0.004206896293908358
109 0.0036621103063225746
110 0.0041736108250916
111 0.003946753218770027
112 0.0038901250809431076
113 0.00433828542008996
114 0.0038769233506172895
115 0.0037574805319309235
116 0.00371897267177701
117 0.004057433921843767
118 0.0038130483590066433
119 0.003853491274639964
120 0.00394210871309042
121 0.004082484636455774
122 0.004333276301622391
123 0.0039012639317661524
124 0.004065875429660082
125 0.0038581681437790394
126 0.003902571741491556
127 0.003795502707362175
128 0.003610693383961916
129 0.003702789079397917
130 0.003623823868110776
131 0.0039002588018774986
132 0.0036989275831729174
133 0.004198805894702673
134 0.0038713349495083094
135 0.003523314604535699
136 0.004455938003957272
137 0.003903711913153529
138 0.004131804220378399
139 0.004010339733213186
140 0.0036117827985435724
141 0.003534326795488596
142 0.0038615392986685038
143 0.0037919622845947742
144 0.00340689392760396
145 0.0042512789368629456
146 0.0039426414296031
147 0.003952770959585905
148 0.0038611041381955147
149 0.004095680546015501
150 0.003869590349495411
151 0.0043600318022072315
152 0.003590425243601203
153 0.0038648536428809166
154 0.0038422388024628162
155 0.0036242606583982706
156 0.003965058829635382
157 0.0037359099369496107
158 0.004164647310972214
159 0.003881437936797738
160 0.0037749011535197496
161 0.0035757103469222784
162 0.004247490782290697
163 0.003703267779201269
164 0.0037164499517530203
165 0.003838228527456522
166 0.0040146284736692905
167 0.0038406793028116226
168 0.004009980242699385
169 0.004411709029227495
170 0.003808557754382491
171 0.003983978182077408
172 0.003975475672632456
173 0.0037526856176555157
174 0.0038545397110283375
175 0.0038614673539996147
176 0.004330344032496214
177 0.0038272584788501263
178 0.0036664882209151983
179 0.003843835787847638
180 0.003858062205836177
181 0.004146840889006853
182 0.003977533429861069
183 0.003927356097847223
184 0.003980210982263088
185 0.004155036527663469
186 0.0037739581894129515
187 0.003983485046774149
188 0.00397450989112258
189 0.003861068282276392
190 0.0040463670156896114
191 0.003770763287320733
192 0.003841112367808819
193 0.004025599453598261
194 0.004113569390028715
195 0.0042357719503343105
196 0.004155420232564211
197 0.0036989275831729174
198 0.003884230274707079
199 0.003895523026585579
200 0.0038374383002519608
201 0.0037032056134194136
202 0.003946253564208746
203 0.0036496752873063087
204 0.003907501231878996
205 0.0036791216116398573
206 0.003701102454215288
207 0.004004944581538439
208 0.003955774940550327
209 0.003980549983680248
210 0.0037983066868036985
211 0.00399736687541008
212 0.003438484389334917
213 0.0037932973355054855
214 0.004018171224743128
215 0.003993808291852474
216 0.0040322099812328815
217 0.004045720677822828
218 0.003952110651880503
219 0.0038824095390737057
220 0.003781234845519066
221 0.0038395370356738567
222 0.0038062981329858303
223 0.004231854807585478
224 0.0036238764878362417
225 0.003960674628615379
226 0.0039727515541017056
227 0.003626324934884906
228 0.003941827919334173
229 0.004179463721811771
230 0.0039813625626266
231 0.003957691602408886
232 0.00392779940739274
233 0.0036945585161447525
234 0.0036981836892664433
235 0.0036802610848098993
236 0.004069583956152201
237 0.0038036787882447243
238 0.003847426502034068
239 0.003923837561160326
240 0.003932890482246876
241 0.004135048482567072
242 0.00399492122232914
243 0.0037499265745282173
244 0.0037600225768983364
245 0.0037803910672664642
246 0.0041031986474990845
247 0.004012122750282288
248 0.004205815028399229
249 0.0038000319618731737
250 0.003726520109921694
251 0.003435106948018074
252 0.0034945341758430004
253 0.003829452209174633
254 0.003990928176790476
255 0.0036527940537780523
