0 0.003969043027609587
1 0.0034765328746289015
2 0.0038110201712697744
3 0.003987189847975969
4 0.004459958989173174
5 0.003749586408957839
6 0.00392631022259593
7 0.003998546861112118
8 0.004294013138860464
9 0.0036711478605866432
10 0.003959733992815018
11 0.003815466072410345
12 0.0036567896604537964
13 0.0036008183378726244
14 0.0037751805502921343
15 0.00400138646364212
16 0.0040439823642373085
17 0.00379616254940629
18 0.0036925985477864742
19 0.004091979470103979
20 0.004052664618939161
21 0.004218004178255796
22 0.004028954077512026
23 0.0038638601545244455
24 0.003906397148966789
25 0.003970904741436243
26 0.004051674157381058
27 0.00382420071400702
28 0.003956235013902187
29 0.003735329955816269
30 0.0042965044267475605
31 0.003840182675048709
32 0.003340465249493718
33 0.003685509320348501
34 0.003987586125731468
35 0.004021693952381611
36 0.004131674766540527
37 0.00365370512008667
38 0.004052425269037485
39 0.004299041349440813
40 0.0040912809781730175
41 0.003329724771901965
42 0.003886554855853319
43 0.003681797767058015
44 0.00393395870923996
45 0.00413258234038949
46 0.004481891635805368
47 0.004041864071041346
48 0.0038525222335010767
49 0.003744603833183646
50 0.004362822975963354
51 0.0034143549855798483
52 0.004049208015203476
53 0.003971491474658251
54 0.0036680044140666723
55 0.003934589214622974
56 0.004137307871133089
57 0.0038623579312115908
58 0.003886086866259575
59 0.0037985893432050943
60 0.0036707045510411263
61 0.0039340658113360405
62 0.004127634223550558
63 0.00363382650539279
64 0.0037102466449141502
65 0.0033345194533467293
66 0.0038455433677881956
67 0.0039857919327914715
68 0.003759667742997408
69 0.004286527633666992
70 0.004166983067989349
71 0.004018318839371204
72 0.0039499481208622456
73 0.0036228990647941828
74 0.0038058673962950706
75 0.004550474230200052
76 0.004045815207064152
77 0.003937838599085808
78 0.0038726592902094126
79 0.0037059993483126163
80 0.0038245462346822023
81 0.004112837836146355
82 0.003871015040203929
83 0.003764224937185645
84 0.003919722978025675
85 0.003691773395985365
86 0.0036718384362757206
87 0.0038682846352458
88 0.0036876299418509007
89 0.003755133366212249
90 0.0038679989520460367
91 0.004093881696462631
92 0.004022025037556887
93 0.004353339783847332
94 0.0038758895825594664
95 0.003878343151882291
96 0.003979600500315428
97 0.0042640469036996365
98 0.00374893331900239
99 0.004065674729645252
100 0.0036065871827304363
101 0.004222339019179344
102 0.003583734156563878
103 0.004109528847038746
104 0.0038488637655973434
105 0.004067969974130392
106 0.004000294022262096
107 0.004270242992788553
108 0.0043632872402668
109 0.00377588695846498
110 0.0037562393117696047
111 0.0038355824071913958
112 0.0035944401752203703
113 0.004432643298059702
114 0.004021704662591219
115 0.003871713997796178
116 0.0039695678278803825
117 0.004010060802102089
118 0.003715203143656254
119 0.004175570793449879
120 0.003815891221165657
121 0.004028727300465107
122 0.004571171477437019
123 0.0038898251950740814
124 0.003977092448621988
125 0.004154783673584461
126 0.004233299754559994
127 0.003768949070945382
128 0.0036725762765854597
129 0.003994359634816647
130 0.003689979435876012
131 0.00387725536711514
132 0.0037844981998205185
133 0.004135658033192158
134 0.0037987451069056988
135 0.0034965977538377047
136 0.004107071086764336
137 0.003737185150384903
138 0.004124860279262066
139 0.004059562925249338
140 0.003659882117062807
141 0.003411420388147235
142 0.0036493358202278614
143 0.0036993653047829866
144 0.003650173544883728
145 0.0041795819997787476
146 0.004084073472768068
147 0.004117615520954132
148 0.0040082563646137714
149 0.004031814634799957
150 0.0038074173498898745
151 0.004087012726813555
152 0.003640761598944664
153 0.003767839865759015
154 0.0038581087719649076
155 0.003674679435789585
156 0.003927356563508511
157 0.0037556395400315523
158 0.004192004911601543
159 0.003857567673549056
160 0.0035944830160588026
161 0.0037610975559800863
162 0.0041643064469099045
163 0.003807875094935298
164 0.0036262304056435823
165 0.0038250412326306105
166 0.003981545567512512
167 0.003708249656483531
168 0.004152288660407066
169 0.0042808763682842255
170 0.0038249443750828505
171 0.003692189697176218
172 0.003884213278070092
173 0.0037532702554017305
174 0.0038791224360466003
175 0.0037997316103428602
176 0.004267389886081219
177 0.0038595565129071474
178 0.0036228203680366278
179 0.0037704401183873415
180 0.0037697728257626295
181 0.004440941847860813
182 0.003914755769073963
183 0.0037982354406267405
184 0.0040085394866764545
185 0.004678256809711456
186 0.0033905780874192715
187 0.004004289861768484
188 0.003754527075216174
189 0.0037472418043762445
190 0.004187854006886482
191 0.003724261885508895
192 0.0038925553672015667
193 0.00414896197617054
194 0.004117276985198259
195 0.004422105383127928
196 0.004083388950675726
197 0.0034027283545583487
198 0.003876656061038375
199 0.0036514652892947197
200 0.0036927934270352125
201 0.0037446869537234306
202 0.00403740955516696
203 0.0039031440392136574
204 0.0036884245928376913
205 0.0036272588185966015
206 0.003577121300622821
207 0.003955205902457237
208 0.0040220399387180805
209 0.004003548063337803
210 0.003928724676370621
211 0.004088331945240498
212 0.0035967256408184767
213 0.0038048098795115948
214 0.004091164097189903
215 0.004016372375190258
216 0.00399567699059844
217 0.004041357897222042
218 0.0036927207838743925
219 0.0039685568772256374
220 0.003745789173990488
221 0.0038633167278021574
222 0.0037618563510477543
223 0.00404704362154007
224 0.0036913244985044003
225 0.0037466532085090876
226 0.004013772122561932
227 0.0037749113980680704
228 0.004246942233294249
229 0.004197603091597557
230 0.0037096396554261446
231 0.004127499647438526
232 0.003997318912297487
233 0.004013600759208202
234 0.003748304443433881
235 0.0037679269444197416
236 0.003976727370172739
237 0.0037633953616023064
238 0.0037129414267838
239 0.004187475424259901
240 0.003969230223447084
241 0.004096671007573605
242 0.004002886358648539
243 0.003733421443030238
244 0.003865600796416402
245 0.0038572154007852077
246 0.004031037446111441
247 0.0041483198292553425
248 0.003840415272861719
249 0.00400786055251956
250 0.003769182600080967
251 0.00331887393258512
252 0.003909474238753319
253 0.0035939100198447704
254 0.003987081814557314
255 0.003581021446734667
