0 0.0038457224145531654
1 0.0034084238577634096
2 0.003772866679355502
3 0.004170672502368689
4 0.0041179172694683075
5 0.0036595819983631372
6 0.0040298583917319775
7 0.004102383274585009
8 0.004213702864944935
9 0.0035351344849914312
10 0.00402861600741744
11 0.004050095099955797
12 0.0035671053919941187
13 0.0037926603108644485
14 0.0038233825471252203
15 0.003846113570034504
16 0.003989215008914471
17 0.003915754612535238
18 0.003565064398571849
19 0.004035012796521187
20 0.0041661690920591354
21 0.004127104301005602
22 0.004138478077948093
23 0.0038049439899623394
24 0.004059605300426483
25 0.003893858753144741
26 0.003991466015577316
27 0.0038329914677888155
28 0.00399729423224926
29 0.0037254835478961468
30 0.004229243379086256
31 0.004153829999268055
32 0.003564966842532158
33 0.003755461424589157
34 0.003525974927470088
35 0.0038521112874150276
36 0.004163533449172974
37 0.0036517491098493338
38 0.004053117707371712
39 0.00424495292827487
40 0.004045856650918722
41 0.0033317902125418186
42 0.003863091114908457
43 0.003840808058157563
44 0.003782226238399744
45 0.00400445656850934
46 0.00426199147477746
47 0.0041617052629590034
48 0.004029367119073868
49 0.003762027947232127
50 0.004010366275906563
51 0.0036424431018531322
52 0.004202856682240963
53 0.0039036457892507315
54 0.003865354461595416
55 0.003990368451923132
56 0.004046257119625807
57 0.003912695683538914
58 0.0038240263238549232
59 0.0038592168129980564
60 0.0038244265597313643
61 0.0039766160771250725
62 0.0040990374982357025
63 0.003593959379941225
64 0.003921366296708584
65 0.003632897976785898
66 0.0037805482279509306
67 0.004093548282980919
68 0.0038013344164937735
69 0.004086078144609928
70 0.004059425089508295
71 0.004131823778152466
72 0.004143143072724342
73 0.0037213428877294064
74 0.0038483315147459507
75 0.00434323213994503
76 0.004097510129213333
77 0.004236593376845121
78 0.003813316347077489
79 0.003929350525140762
80 0.003896922804415226
81 0.004151882603764534
82 0.0038898985367268324
83 0.0035924098920077085
84 0.004051577299833298
85 0.003774749580770731
86 0.003739661071449518
87 0.0038698252756148577
88 0.0035488244611769915
89 0.0037279543466866016
90 0.003989668097347021
91 0.003687960095703602
92 0.003954994026571512
93 0.0042474293150007725
94 0.003900958923622966
95 0.003848354099318385
96 0.0037959800101816654
97 0.004169343505054712
98 0.0037328999023884535
99 0.00411295285448432
100 0.0038872193545103073
101 0.004175804555416107
102 0.0037373416125774384
103 0.004176827613264322
104 0.003877607174217701
105 0.003969177603721619
106 0.003805781714618206
107 0.004332849755883217
108 0.004251175560057163
109 0.004010112024843693
110 0.004150560591369867
111 0.0037727304734289646
112 0.003530661342665553
113 0.004260531160980463
114 0.004034726414829493
115 0.003808010835200548
116 0.0038527552969753742
117 0.00401168642565608
118 0.003834167728200555
119 0.0038215802051126957
120 0.004121128469705582
121 0.004126916639506817
122 0.004551250487565994
123 0.0037247627042233944
124 0.003987295553088188
125 0.0038890100549906492
126 0.004155192524194717
127 0.0038365002255886793
128 0.0036696982569992542
129 0.0036867642775177956
130 0.003708546981215477
131 0.0037017150316387415
132 0.0037083267234265804
133 0.004092066083103418
134 0.00383287132717669
135 0.003592133754864335
136 0.0042852615006268024
137 0.0039724064990878105
138 0.0040230778977274895
139 0.004214762710034847
140 0.003623536555096507
141 0.0034651458263397217
142 0.0038053905591368675
143 0.0036735190078616142
144 0.003643582807853818
145 0.004138862248510122
146 0.003994490019977093
147 0.0038417482282966375
148 0.003966804593801498
149 0.004018392879515886
150 0.0036727250553667545
151 0.0041277226991951466
152 0.003529377281665802
153 0.003733329940587282
154 0.0038762525655329227
155 0.0035583015996962786
156 0.003768908092752099
157 0.003851421410217881
158 0.004106844775378704
159 0.0037307303864508867
160 0.0035752770490944386
161 0.0037289250176399946
162 0.004381683189421892
163 0.0035467855632305145
164 0.0037068529054522514
165 0.004052986390888691
166 0.003929029684513807
167 0.003954663407057524
168 0.004035028629004955
169 0.0042670597322285175
170 0.0036211111582815647
171 0.003720879089087248
172 0.003839521436020732
173 0.0038832430727779865
174 0.004239210393279791
175 0.0038226169999688864
176 0.004330878145992756
177 0.003788955509662628
178 0.003531624795868993
179 0.0036965899635106325
180 0.003920408431440592
181 0.004340374376624823
182 0.003974395338445902
183 0.003869871376082301
184 0.0039946092292666435
185 0.004289054777473211
186 0.0037706629373133183
187 0.003920753952115774
188 0.0039430041797459126
189 0.00393812358379364
190 0.004012176301330328
191 0.0037938738241791725
192 0.0037482143379747868
193 0.003934318665415049
194 0.004200594034045935
195 0.004273690283298492
196 0.004080545157194138
197 0.003716726554557681
198 0.003976369276642799
199 0.0037875627167522907
200 0.0037658943329006433
201 0.003713811282068491
202 0.0038701731245964766
203 0.0038088574074208736
204 0.0038123643025755882
205 0.0039005265571177006
206 0.003683983813971281
207 0.003947319928556681
208 0.0038669276982545853
209 0.004084011539816856
210 0.0036681038327515125
211 0.004206003621220589
212 0.003675430314615369
213 0.003768037771806121
214 0.0038961770478636026
215 0.003996677231043577
216 0.0039839535020291805
217 0.004151430446654558
218 0.003729057963937521
219 0.00407530227676034
220 0.003851815592497587
221 0.003875501686707139
222 0.003641062183305621
223 0.004080651327967644
224 0.003807787084951997
225 0.004031405784189701
226 0.004026374779641628
227 0.003923596814274788
228 0.004062988795340061
229 0.004153111949563026
230 0.004032270982861519
231 0.004114909563213587
232 0.0038286347407847643
233 0.003801353508606553
234 0.0038130658213049173
235 0.003861806122586131
236 0.004113474860787392
237 0.0035115450154989958
238 0.0037333646323531866
239 0.003978431690484285
240 0.003869702573865652
241 0.0038785573560744524
242 0.0038280298467725515
243 0.003792471718043089
244 0.003762241220101714
245 0.003910884726792574
246 0.004151820205152035
247 0.004052815493196249
248 0.003997032064944506
249 0.0037119367625564337
250 0.0036878343671560287
251 0.0034471959806978703
252 0.00393621576949954
253 0.003550593974068761
254 0.003910758998245001
255 0.0036580762825906277
