0 0.003956753294914961
1 0.0035372781567275524
2 0.003913590684533119
3 0.003902141936123371
4 0.004161641001701355
5 0.003919856157153845
6 0.004184044897556305
7 0.00377074908465147
8 0.003946228884160519
9 0.003472771728411317
10 0.0042144907638430595
11 0.003972338978201151
12 0.003743907902389765
13 0.003741252003237605
14 0.003828756045550108
15 0.003814775962382555
16 0.003968288190662861
17 0.0038596531376242638
18 0.003729941789060831
19 0.004021094646304846
20 0.0040049683302640915
21 0.003992830868810415
22 0.003920052200555801
23 0.0036953683011233807
24 0.003727211616933346
25 0.003865407081320882
26 0.003949825651943684
27 0.0039045801386237144
28 0.003994322847574949
29 0.0038277346175163984
30 0.00422504311427474
31 0.003789169481024146
32 0.003607203019782901
33 0.0035843518562614918
34 0.0037062475457787514
35 0.004040122497826815
36 0.004094620700925589
37 0.003896914189681411
38 0.004066380672156811
39 0.004304123111069202
40 0.003978574648499489
41 0.003439611056819558
42 0.0039058499969542027
43 0.003629859071224928
44 0.0039418465457856655
45 0.0037467607762664557
46 0.004395339172333479
47 0.004141639918088913
48 0.0037955648731440306
49 0.0037623068783432245
50 0.004095724783837795
51 0.0037154087331146
52 0.004162720870226622
53 0.0037925653159618378
54 0.003925694618374109
55 0.004002602305263281
56 0.003897286718711257
57 0.0036568439099937677
58 0.0037538439501076937
59 0.00393818411976099
60 0.003921064548194408
61 0.00392625667154789
62 0.004269587807357311
63 0.0037700587417930365
64 0.00404700729995966
65 0.0037228704895824194
66 0.003737278748303652
67 0.003975616302341223
68 0.0038491638842970133
69 0.004116589669138193
70 0.00409211590886116
71 0.0039108688943088055
72 0.003888864768669009
73 0.0036859270185232162
74 0.003848463296890259
75 0.004227331839501858
76 0.004068512469530106
77 0.004050345625728369
78 0.003731003263965249
79 0.0036073855590075254
80 0.003803627798333764
81 0.00424274243414402
82 0.003893294371664524
83 0.003773815929889679
84 0.004053514450788498
85 0.0037940177135169506
86 0.0037262840196490288
87 0.003713840153068304
88 0.0038569390308111906
89 0.0036633384879678488
90 0.004163387231528759
91 0.003813167568296194
92 0.0041900197975337505
93 0.0042278338223695755
94 0.0038320429157465696
95 0.003968217875808477
96 0.003901747055351734
97 0.004252368584275246
98 0.004021776374429464
99 0.004018083214759827
100 0.003930602688342333
101 0.004137611947953701
102 0.0036737194750458
103 0.004104203078895807
104 0.0036977750714868307
105 0.004096780903637409
106 0.003960596397519112
107 0.004304593428969383
108 0.00423225574195385
109 0.0038143761921674013
110 0.003871265100315213
111 0.003783240681514144
112 0.003661941271275282
113 0.004260342102497816
114 0.0038962881080806255
115 0.003849470056593418
116 0.004089403431862593
117 0.0040788487531244755
118 0.0036081208381801844
119 0.0038389749825000763
120 0.003924153745174408
121 0.0040144226513803005
122 0.004316664766520262
123 0.003825816558673978
124 0.004006878472864628
125 0.003930901642888784
126 0.004218205343931913
127 0.0037761093117296696
128 0.003535603638738394
129 0.004055534489452839
130 0.0038225301541388035
131 0.003897625021636486
132 0.0039221299812197685
133 0.004135866183787584
134 0.004024270921945572
135 0.0034917474258691072
136 0.004346237052232027
137 0.0038054611068218946
138 0.00401367899030447
139 0.004147031810134649
140 0.0037034377455711365
141 0.0036859866231679916
142 0.003804232692345977
143 0.0036685513332486153
144 0.0037259520031511784
145 0.0038939553778618574
146 0.0038924324326217175
147 0.00397390266880393
148 0.003941863775253296
149 0.0038447431288659573
150 0.004018303006887436
151 0.004157491493970156
152 0.003726083552464843
153 0.004120470490306616
154 0.004026799462735653
155 0.00360328471288085
156 0.003803995903581381
157 0.0035015966277569532
158 0.003997358027845621
159 0.0036703781224787235
160 0.0037249564193189144
161 0.0037815787363797426
162 0.004145125392824411
163 0.003687439486384392
164 0.003723870264366269
165 0.003901881165802479
166 0.004063825588673353
167 0.003977821208536625
168 0.00401116581633687
169 0.00407716678455472
170 0.0036317582707852125
171 0.0038731317035853863
172 0.003694168757647276
173 0.0037953671999275684
174 0.004059798549860716
175 0.004033469129353762
176 0.003913263790309429
177 0.003647430567070842
178 0.0034177096094936132
179 0.0037536323070526123
180 0.0036678339820355177
181 0.004146927502006292
182 0.004109146539121866
183 0.0037559419870376587
184 0.0038201692514121532
185 0.004177194554358721
186 0.0036670586559921503
187 0.003946906886994839
188 0.0038561613764613867
189 0.003846154548227787
190 0.004048379138112068
191 0.003773442469537258
192 0.0038270754739642143
193 0.003907385747879744
194 0.0040207672864198685
195 0.004311264026910067
196 0.004168302286416292
197 0.0038153715431690216
198 0.003936768509447575
199 0.003793385811150074
200 0.0038309514056891203
201 0.0037583871744573116
202 0.004008137620985508
203 0.00384376454167068
204 0.0038359269965440035
205 0.0037530178669840097
206 0.003750633215531707
207 0.003957993816584349
208 0.004137292038649321
209 0.00399085134267807
210 0.0037048677913844585
211 0.004115171730518341
212 0.003501548897475004
213 0.003875620197504759
214 0.004062184598296881
215 0.003988986369222403
216 0.004077906720340252
217 0.004188203252851963
218 0.003799944883212447
219 0.003820898709818721
220 0.004067146219313145
221 0.003750398987904191
222 0.0037886982318013906
223 0.0042707170359790325
224 0.0039395359344780445
225 0.0038126774597913027
226 0.0038711910601705313
227 0.0038327008951455355
228 0.003973523620516062
229 0.004089652560651302
230 0.003918376285582781
231 0.004226292949169874
232 0.004035795573145151
233 0.003843926126137376
234 0.0037997043691575527
235 0.003941645380109549
236 0.004046970512717962
237 0.003842508653178811
238 0.003796562785282731
239 0.0040169344283640385
240 0.004270429257303476
241 0.004049402195960283
242 0.0040076132863759995
243 0.0036278003826737404
244 0.0036834615748375654
245 0.0038398096803575754
246 0.00408183503895998
247 0.00414887722581625
248 0.00386388530023396
249 0.0039832680486142635
250 0.0037794350646436214
251 0.003410444827750325
252 0.003868754720315337
253 0.0036620076280087233
254 0.003805619664490223
255 0.0037872069515287876
