0 0.003851223737001419
1 0.00336555577814579
2 0.0037896879948675632
3 0.0038712075911462307
4 0.004231496248394251
5 0.0037713972851634026
6 0.004142312332987785
7 0.0038598282262682915
8 0.004100096877664328
9 0.0034776944667100906
10 0.004230128601193428
11 0.0037835801485925913
12 0.0038360038306564093
13 0.003937046974897385
14 0.0038328792434185743
15 0.003983993083238602
16 0.003853021189570427
17 0.00393405556678772
18 0.003873789682984352
19 0.0036943028680980206
20 0.004087557550519705
21 0.004054712597280741
22 0.0038495888002216816
23 0.0037439221050590277
24 0.0039184847846627235
25 0.0039769383147358894
26 0.003786098910495639
27 0.004114437848329544
28 0.0040412177331745625
29 0.003887379774823785
30 0.004183998331427574
31 0.003964715637266636
32 0.0034878551959991455
33 0.003597584553062916
34 0.003503325628116727
35 0.004139264579862356
36 0.003796445205807686
37 0.003689087461680174
38 0.003988613840192556
39 0.0039404588751494884
40 0.003818571101874113
41 0.00344854686409235
42 0.0039348904974758625
43 0.0039031854830682278
44 0.003996600396931171
45 0.003786172019317746
46 0.004301879089325666
47 0.004328005947172642
48 0.00377868115901947
49 0.003920765593647957
50 0.004007909446954727
51 0.0034463731572031975
52 0.00410377886146307
53 0.0037334382068365812
54 0.0038734995760023594
55 0.004082409664988518
56 0.004132154397666454
57 0.004051962401717901
58 0.0038640121929347515
59 0.003883557626977563
60 0.003787146182730794
61 0.0038491501472890377
62 0.00411539850756526
63 0.003638359485194087
64 0.0041557131335139275
65 0.003839840181171894
66 0.003957356326282024
67 0.0037899429444223642
68 0.0038950147572904825
69 0.003988172858953476
70 0.0042077829129993916
71 0.004018351435661316
72 0.003800857812166214
73 0.003631141735240817
74 0.0037813277449458838
75 0.004285906441509724
76 0.003942179027944803
77 0.003893981920555234
78 0.0040909601375460625
79 0.0036864473950117826
80 0.0036081518046557903
81 0.0041189552284777164
82 0.0037178939674049616
83 0.0036529877688735723
84 0.004069807939231396
85 0.0038483093958348036
86 0.0036508548073470592
87 0.003823578357696533
88 0.003423000918701291
89 0.003638237714767456
90 0.003989631775766611
91 0.003806944703683257
92 0.003993007354438305
93 0.004219235852360725
94 0.003773115109652281
95 0.0038760388270020485
96 0.0039727953262627125
97 0.004153377842158079
98 0.0038487568963319063
99 0.004038280341774225
100 0.004160955548286438
101 0.004107283893972635
102 0.003797042416408658
103 0.003910132218152285
104 0.003933004569262266
105 0.0042908224277198315
106 0.00409886846318841
107 0.004347509238868952
108 0.004316980484873056
109 0.004035759251564741
110 0.0041166385635733604
111 0.003730820957571268
112 0.0037941746413707733
113 0.0041131251491606236
114 0.004124426748603582
115 0.0038311993703246117
116 0.004032319877296686
117 0.003920059651136398
118 0.0036714014131575823
119 0.0038380103651434183
120 0.0038320289459079504
121 0.00395882548764348
122 0.004538310691714287
123 0.0038098939694464207
124 0.004364027176052332
125 0.0038653695955872536
126 0.004303447436541319
127 0.0040013594552874565
128 0.0035666602198034525
129 0.003718121675774455
130 0.0037678948137909174
131 0.0037456329446285963
132 0.0037759041879326105
133 0.003967620898038149
134 0.0037285343278199434
135 0.0035265302285552025
136 0.004371172282844782
137 0.003751959651708603
138 0.003976366017013788
139 0.0039250231347978115
140 0.0037529212422668934
141 0.003658941015601158
142 0.0039522964507341385
143 0.003921916708350182
144 0.003487054957076907
145 0.0041450560092926025
146 0.00395190017297864
147 0.0038606184534728527
148 0.004172157496213913
149 0.004097340628504753
150 0.004183994140475988
151 0.003909509629011154
152 0.003670769277960062
153 0.0038991093169897795
154 0.004064623732119799
155 0.003605363890528679
156 0.0038393493741750717
157 0.0037354256492108107
158 0.004052864853292704
159 0.0037272856570780277
160 0.0037918302696198225
161 0.003697403473779559
162 0.004275352228432894
163 0.0036782182287424803
164 0.0034514954313635826
165 0.003891521133482456
166 0.0038779149763286114
167 0.0038552815094590187
168 0.004020536318421364
169 0.004194528330117464
170 0.003837524214759469
171 0.004133989103138447
172 0.003772053401917219
173 0.0038755068089812994
174 0.003966835793107748
175 0.00420332932844758
176 0.0044501167722046375
177 0.0038940347731113434
178 0.0035352425184100866
179 0.003778086043894291
180 0.003670768579468131
181 0.004226722288876772
182 0.004038360435515642
183 0.0037954438012093306
184 0.0036902064457535744
185 0.004182557109743357
186 0.003549011657014489
187 0.003900168463587761
188 0.0037502420600503683
189 0.003875190392136574
190 0.0038007176481187344
191 0.003932298626750708
192 0.003957278095185757
193 0.004077898804098368
194 0.003969083074480295
195 0.00428645359352231
196 0.0042406897991895676
197 0.0036272720899432898
198 0.003775946330279112
199 0.0036259882617741823
200 0.004009789787232876
201 0.0037197775673121214
202 0.003827855223789811
203 0.003958998713642359
204 0.0036705888342112303
205 0.0038429873529821634
206 0.0038536125794053078
207 0.004028312396258116
208 0.004062781110405922
209 0.004014885518699884
210 0.0035666334442794323
211 0.00404442148283124
212 0.003470879979431629
213 0.0036747900303453207
214 0.004300167318433523
215 0.004025883972644806
216 0.0038622028660029173
217 0.003925877623260021
218 0.003792369971051812
219 0.0038707831408828497
220 0.004011919721961021
221 0.003946248441934586
222 0.003749425057321787
223 0.004057317040860653
224 0.003884289413690567
225 0.003812537994235754
226 0.003975480794906616
227 0.00376286543905735
228 0.0037908435333520174
229 0.004225637298077345
230 0.0038103938568383455
231 0.004340271465480328
232 0.004035695921629667
233 0.003544251201674342
234 0.004148762673139572
235 0.0038170088082551956
236 0.0039035272784531116
237 0.003765355097129941
238 0.0038158055394887924
239 0.004148793872445822
240 0.004044684581458569
241 0.004259211476892233
242 0.003855702467262745
243 0.0038211659993976355
244 0.003853929229080677
245 0.003893150482326746
246 0.004093127325177193
247 0.004222915507853031
248 0.00395998964086175
249 0.003913713153451681
250 0.003748469054698944
251 0.003639663802459836
252 0.0036946223117411137
253 0.003664127318188548
254 0.00391003442928195
255 0.0037032596301287413
