0 0.004204527009278536
1 0.003415355458855629
2 0.0034974487498402596
3 0.003868345869705081
4 0.004094303585588932
5 0.003744603833183646
6 0.004348558373749256
7 0.004217557609081268
8 0.004271723795682192
9 0.003430786309763789
10 0.004253360442817211
11 0.003751958254724741
12 0.003468827810138464
13 0.004022408742457628
14 0.0036950164940208197
15 0.004007520154118538
16 0.0038907609414309263
17 0.0037890400271862745
18 0.0036670351400971413
19 0.00404818169772625
20 0.004132150672376156
21 0.0041715651750564575
22 0.0038659777492284775
23 0.003582189790904522
24 0.0038742506876587868
25 0.0042786612175405025
26 0.004146303050220013
27 0.004062809981405735
28 0.004030038136988878
29 0.004151427187025547
30 0.0042056436650455
31 0.003839472308754921
32 0.0036381424870342016
33 0.0033730273135006428
34 0.0035117885563522577
35 0.004128762986510992
36 0.004456011112779379
37 0.0035627377219498158
38 0.0038536752108484507
39 0.004350157920271158
40 0.004219677299261093
41 0.0032797956373542547
42 0.0036216210573911667
43 0.0037558600306510925
44 0.0038693423848599195
45 0.003983673639595509
46 0.004240461625158787
47 0.004172366578131914
48 0.0037251657340675592
49 0.003940465860068798
50 0.004283294081687927
51 0.0034578810445964336
52 0.004079324193298817
53 0.0037234355695545673
54 0.003695801366120577
55 0.0040567489340901375
56 0.003934385720640421
57 0.00361378351226449
58 0.003625247860327363
59 0.0038188393227756023
60 0.0036742587108165026
61 0.003935528453439474
62 0.004336951766163111
63 0.003822674509137869
64 0.004107607528567314
65 0.0038258398417383432
66 0.003670969745144248
67 0.00398598937317729
68 0.003771021729335189
69 0.00417178962379694
70 0.004609060939401388
71 0.0038451417349278927
72 0.004053947050124407
73 0.003866599639877677
74 0.0038745813071727753
75 0.004580118227750063
76 0.004116732627153397
77 0.0038150963373482227
78 0.003668727120384574
79 0.0038464106619358063
80 0.003559771692380309
81 0.004171178676187992
82 0.00411458034068346
83 0.003733225166797638
84 0.004047212656587362
85 0.0036782470997422934
86 0.004020174033939838
87 0.0038150667678564787
88 0.003706535557284951
89 0.0036763977259397507
90 0.0043568178080022335
91 0.0038308710791170597
92 0.004094385541975498
93 0.003991654142737389
94 0.0036630057729780674
95 0.0036665741354227066
96 0.00390016776509583
97 0.0042205569334328175
98 0.003751369658857584
99 0.0040664984844625
100 0.003800378181040287
101 0.004200109280645847
102 0.003803510684520006
103 0.004273152910172939
104 0.0038353283889591694
105 0.004266749601811171
106 0.0035768593661487103
107 0.004453381989151239
108 0.004040834028273821
109 0.003967950586229563
110 0.00383760710246861
111 0.0037746441084891558
112 0.0036232301499694586
113 0.004571813158690929
114 0.003956447821110487
115 0.0036874166689813137
116 0.004116340074688196
117 0.003963576164096594
118 0.003649344202131033
119 0.003954167012125254
120 0.004199159797281027
121 0.0040925233624875546
122 0.004207496531307697
123 0.003944060765206814
124 0.004110818263143301
125 0.0038751037791371346
126 0.004458954557776451
127 0.0038740569725632668
128 0.003878196468576789
129 0.003704042872413993
130 0.0038743361365050077
131 0.0037316593807190657
132 0.003879830939695239
133 0.004302253481000662
134 0.0037824278697371483
135 0.0036087194457650185
136 0.004158011171966791
137 0.0035893574822694063
138 0.003999273292720318
139 0.003992194775491953
140 0.003874220885336399
141 0.003706676186993718
142 0.0038252146914601326
143 0.003591945394873619
144 0.0036940264981240034
145 0.003906940575689077
146 0.0036678253673017025
147 0.004115988500416279
148 0.003811303758993745
149 0.0037200201768428087
150 0.0039442447014153
151 0.004170875996351242
152 0.003719538915902376
153 0.0038650992792099714
154 0.004001281224191189
155 0.0034020086750388145
156 0.0036722905933856964
157 0.003758771577849984
158 0.003994988277554512
159 0.003813966177403927
160 0.0035633770748972893
161 0.004152935929596424
162 0.004456792492419481
163 0.003931226208806038
164 0.0036410214379429817
165 0.003820376470685005
166 0.004037926439195871
167 0.003760749474167824
168 0.00417789351195097
169 0.003963415045291185
170 0.0037147963885217905
171 0.003899638308212161
172 0.0035511846654117107
173 0.0037275769282132387
174 0.004116742871701717
175 0.0037747619207948446
176 0.004313515964895487
177 0.003968909382820129
178 0.003395320847630501
179 0.0036340472288429737
180 0.003908220678567886
181 0.0040589589625597
182 0.004088072571903467
183 0.0038160146214067936
184 0.0042494069784879684
185 0.0042215194553136826
186 0.0036066435277462006
187 0.0038721635937690735
188 0.003823628183454275
189 0.003681698814034462
190 0.0039781443774700165
191 0.003969995770603418
192 0.0037355979438871145
193 0.0038252349477261305
194 0.004076065495610237
195 0.004239145666360855
196 0.0043640886433422565
197 0.003679402871057391
198 0.0038985922001302242
199 0.003604288911446929
200 0.003616935107856989
201 0.00378909008577466
202 0.003954870626330376
203 0.0036450240295380354
204 0.0036173451226204634
205 0.0035307803191244602
206 0.003731296630576253
207 0.003945005591958761
208 0.004005541559308767
209 0.003934881184250116
210 0.0035111557226628065
211 0.004253572318702936
212 0.0037320770788937807
213 0.003929750062525272
214 0.0040544322691857815
215 0.004266641568392515
216 0.00397887360304594
217 0.0042948732152581215
218 0.003809343557804823
219 0.003824244486168027
220 0.0037900153547525406
221 0.004180857911705971
222 0.003402415197342634
223 0.004291809629648924
224 0.003993764519691467
225 0.004056745208799839
226 0.004037128295749426
227 0.0037725914735347033
228 0.0042017665691673756
229 0.0041812872514128685
230 0.0038055903278291225
231 0.004217145033180714
232 0.0036192196421325207
233 0.003969299606978893
234 0.0036594716366380453
235 0.00384156103245914
236 0.0038286796770989895
237 0.0036664747167378664
238 0.003923374693840742
239 0.003952085040509701
240 0.0039122928865253925
241 0.003889482468366623
242 0.00374963297508657
243 0.0038045148830860853
244 0.004038051702082157
245 0.003914844710379839
246 0.0040464638732373714
247 0.004051240626722574
248 0.003583161626011133
249 0.00401517516002059
250 0.003592324908822775
251 0.0035927339922636747
252 0.003865574486553669
253 0.0035057866480201483
254 0.004217971116304398
255 0.0035894112661480904
