0 0.0037843729369342327
1 0.003663990180939436
2 0.0037936014123260975
3 0.00387645629234612
4 0.003963113762438297
5 0.003922475967556238
6 0.003979311790317297
7 0.0038952603936195374
8 0.004012238699942827
9 0.0035259220749139786
10 0.003979091066867113
11 0.003756670979782939
12 0.00375594524666667
13 0.003801903687417507
14 0.0038170169573277235
15 0.004010691773146391
16 0.0039008131716400385
17 0.0038566668517887592
18 0.003851243993267417
19 0.003712685080245137
20 0.0038840423803776503
21 0.004234448075294495
22 0.0038880084175616503
23 0.0039538792334496975
24 0.003816766431555152
25 0.004030636511743069
26 0.004093834199011326
27 0.003927708603441715
28 0.003973920363932848
29 0.003882655641064048
30 0.004173459485173225
31 0.0037938791792839766
32 0.003724887501448393
33 0.0036573170218616724
34 0.003632734529674053
35 0.003907424863427877
36 0.0039291586726903915
37 0.0038040238432586193
38 0.004067097790539265
39 0.004017895553261042
40 0.003942497074604034
41 0.0034674215130507946
42 0.004017611499875784
43 0.003930527716875076
44 0.004042730666697025
45 0.0038332301191985607
46 0.004349689465016127
47 0.004129887092858553
48 0.004010763484984636
49 0.0037627979181706905
50 0.00406093942001462
51 0.0036469618789851665
52 0.003976322710514069
53 0.0039014709182083607
54 0.003813215298578143
55 0.003949813544750214
56 0.004086996428668499
57 0.0038170248735696077
58 0.00378278992138803
59 0.0038638487458229065
60 0.003777093952521682
61 0.0040382989682257175
62 0.004055500961840153
63 0.003908731509000063
64 0.0039130509831011295
65 0.00397195341065526
66 0.004031760152429342
67 0.0039831348694860935
68 0.0038245159666985273
69 0.004147722851485014
70 0.004182902164757252
71 0.0039621624164283276
72 0.003970518708229065
73 0.003955623600631952
74 0.003869205480441451
75 0.004305725451558828
76 0.0040469965897500515
77 0.004116124007850885
78 0.0038881972432136536
79 0.0037758040707558393
80 0.003939170856028795
81 0.004098502453416586
82 0.003716837614774704
83 0.0037971832789480686
84 0.004222314339131117
85 0.00385337695479393
86 0.003854155307635665
87 0.003941883333027363
88 0.003642525989562273
89 0.003670385340228677
90 0.003928349353373051
91 0.003882867284119129
92 0.0038448707200586796
93 0.004319897852838039
94 0.003721673507243395
95 0.003980399575084448
96 0.0039590648375451565
97 0.004104874562472105
98 0.0036675112787634134
99 0.004120443481951952
100 0.0039366623386740685
101 0.004254286643117666
102 0.0035800763871520758
103 0.004262019880115986
104 0.0035948005970567465
105 0.004247098695486784
106 0.0038115601055324078
107 0.004306216258555651
108 0.004087757784873247
109 0.003482534782961011
110 0.004011543933302164
111 0.0038685742765665054
112 0.003909748047590256
113 0.004341366235166788
114 0.004034678917378187
115 0.0038705063052475452
116 0.0038714949041604996
117 0.0038646787870675325
118 0.0037596570327878
119 0.004119392484426498
120 0.003959318622946739
121 0.00420463178306818
122 0.004252592567354441
123 0.003943915478885174
124 0.004012678749859333
125 0.0037495058495551348
126 0.004173301625996828
127 0.0039289239794015884
128 0.00364751392044127
129 0.0037384326569736004
130 0.0035888792481273413
131 0.003748667659237981
132 0.0038948492147028446
133 0.004024758003652096
134 0.003787297522649169
135 0.003663629526272416
136 0.004436026327311993
137 0.0037798278499394655
138 0.004219656810164452
139 0.0038930652663111687
140 0.003673780243843794
141 0.0035961982794106007
142 0.003960586618632078
143 0.003865705104544759
144 0.00360524607822299
145 0.004087209235876799
146 0.004031794145703316
147 0.003972735721617937
148 0.003775394521653652
149 0.003851837245747447
150 0.003971656784415245
151 0.004231605213135481
152 0.003774304175749421
153 0.003928379155695438
154 0.0037889883387833834
155 0.0038573909550905228
156 0.0038205385208129883
157 0.003664487274363637
158 0.0040388950146734715
159 0.0036464855074882507
160 0.0036143276374787092
161 0.0038149713072925806
162 0.004029519390314817
163 0.003577167633920908
164 0.0036774901673197746
165 0.0038136248476803303
166 0.003965374082326889
167 0.003829165128991008
168 0.004248445387929678
169 0.00411990936845541
170 0.0037521065678447485
171 0.0037024449557065964
172 0.003857371862977743
173 0.003785180626437068
174 0.003820951096713543
175 0.004115970805287361
176 0.004178277682512999
177 0.003908795304596424
178 0.003615432418882847
179 0.0036739278584718704
180 0.0037789156194776297
181 0.00414281478151679
182 0.003843672340735793
183 0.003960940986871719
184 0.003996612969785929
185 0.004102983046323061
186 0.0035382756032049656
187 0.003880167845636606
188 0.003948864992707968
189 0.0037529896944761276
190 0.003910517320036888
191 0.0036872674245387316
192 0.003934606909751892
193 0.00398158049210906
194 0.0042151473462581635
195 0.004200771916657686
196 0.004105507396161556
197 0.003793309908360243
198 0.0037702666595578194
199 0.003807101398706436
200 0.0037772185169160366
201 0.00385601120069623
202 0.003911068197339773
203 0.003758074017241597
204 0.003822350176051259
205 0.0036811900790780783
206 0.003732395591214299
207 0.003937181085348129
208 0.004150302615016699
209 0.0038539059460163116
210 0.0037016242276877165
211 0.004216326400637627
212 0.0035976918879896402
213 0.0039789918810129166
214 0.0038725249469280243
215 0.0038919125217944384
216 0.00402521388605237
217 0.003991606645286083
218 0.003956066444516182
219 0.003827169770374894
220 0.003954073414206505
221 0.003923880401998758
222 0.0036465683951973915
223 0.004178225062787533
224 0.003778556128963828
225 0.0038282563909888268
226 0.0038677919656038284
227 0.003957861568778753
228 0.004133635200560093
229 0.00405100267380476
230 0.003839354030787945
231 0.004103901330381632
232 0.0036357156932353973
233 0.0036349946167320013
234 0.003718410152941942
235 0.0037170350551605225
236 0.004218270070850849
237 0.0038049384020268917
238 0.003914032597094774
239 0.004043507855385542
240 0.004102902486920357
241 0.004068545997142792
242 0.003873037174344063
243 0.003667809534817934
244 0.0038652119692415
245 0.0037235580384731293
246 0.004067776259034872
247 0.004291913006454706
248 0.004274484235793352
249 0.0038175471127033234
250 0.003894066670909524
251 0.003508448600769043
252 0.003838174743577838
253 0.0036756990011781454
254 0.003872487461194396
255 0.0038802868220955133
