0 0.0042618983425199986
1 0.0032404724042862654
2 0.0036353201139718294
3 0.003755399491637945
4 0.004216470289975405
5 0.003786926856264472
6 0.0043363566510379314
7 0.004010735545307398
8 0.004249113611876965
9 0.0036097585689276457
10 0.004335939418524504
11 0.003761614440008998
12 0.0036916048265993595
13 0.0034745228476822376
14 0.004068023059517145
15 0.003948516212403774
16 0.004104199353605509
17 0.003873501205816865
18 0.0035823604557663202
19 0.004046025685966015
20 0.0040950775146484375
21 0.004165650345385075
22 0.0040278625674545765
23 0.00368667533621192
24 0.004045246634632349
25 0.00427435664460063
26 0.004126823041588068
27 0.004101167898625135
28 0.004041478503495455
29 0.004070216324180365
30 0.004229022189974785
31 0.0038737263530492783
32 0.003753083059564233
33 0.0037109791301190853
34 0.0035962010733783245
35 0.003913442604243755
36 0.0044186897575855255
37 0.00383441848680377
38 0.004084805957973003
39 0.004262861795723438
40 0.0042870440520346165
41 0.0034041418693959713
42 0.003867757273837924
43 0.0036584974732249975
44 0.004070857539772987
45 0.0041806334629654884
46 0.00440874882042408
47 0.004351315088570118
48 0.0036196408327668905
49 0.004095849581062794
50 0.004087811801582575
51 0.003699119435623288
52 0.004088167101144791
53 0.0037516802549362183
54 0.0037332559004426003
55 0.004020883236080408
56 0.003935474902391434
57 0.0037662112154066563
58 0.003838625270873308
59 0.0035843453370034695
60 0.0036842196714133024
61 0.00420152023434639
62 0.004232262726873159
63 0.003695073304697871
64 0.0039168912917375565
65 0.003936994355171919
66 0.003816933836787939
67 0.003786797169595957
68 0.0037613562308251858
69 0.004094204865396023
70 0.004122547805309296
71 0.004028637893497944
72 0.003986443858593702
73 0.004052633419632912
74 0.0038633933290839195
75 0.004314700607210398
76 0.004294609650969505
77 0.003832533722743392
78 0.0039427257142961025
79 0.0038154011126607656
80 0.003757146652787924
81 0.0040667979046702385
82 0.0038452730514109135
83 0.0035539353266358376
84 0.004117862321436405
85 0.003600082127377391
86 0.003974496852606535
87 0.0040372274816036224
88 0.00357425375841558
89 0.003783655818551779
90 0.003888496197760105
91 0.003889096435159445
92 0.004085306543856859
93 0.004168210085481405
94 0.003872089320793748
95 0.0038192288484424353
96 0.003950784914195538
97 0.004180527292191982
98 0.003832456422969699
99 0.0039738803170621395
100 0.003762630745768547
101 0.004131896886974573
102 0.0038226970937103033
103 0.004271110985428095
104 0.003691831836476922
105 0.004118070937693119
106 0.0037572162691503763
107 0.004475749097764492
108 0.004034129437059164
109 0.003845151513814926
110 0.00396558316424489
111 0.0038487627170979977
112 0.0036088197957724333
113 0.004310688003897667
114 0.003958890214562416
115 0.0035830666311085224
116 0.004253390245139599
117 0.004016280174255371
118 0.0035048681311309338
119 0.004077387973666191
120 0.004115699790418148
121 0.004146744031459093
122 0.004604255314916372
123 0.003826966742053628
124 0.0038223129231482744
125 0.003818836994469166
126 0.004280977416783571
127 0.003958018496632576
128 0.0036198850721120834
129 0.0035403682850301266
130 0.0036345459520816803
131 0.0035494340118020773
132 0.003992455545812845
133 0.004058750346302986
134 0.003984196577221155
135 0.003366597229614854
136 0.004137053620070219
137 0.003857486415654421
138 0.004072465468198061
139 0.0039035254158079624
140 0.0037198136560618877
141 0.0034697328228503466
142 0.003691224381327629
143 0.0036428715102374554
144 0.0033881894778460264
145 0.003987275063991547
146 0.003749275114387274
147 0.003874749643728137
148 0.003732632379978895
149 0.003647957928478718
150 0.003630715422332287
151 0.004351336043328047
152 0.003526747925207019
153 0.00394635833799839
154 0.0038198698312044144
155 0.003394810017198324
156 0.003589360974729061
157 0.003626409685239196
158 0.004020859953016043
159 0.0036771472077816725
160 0.0036333126481622458
161 0.004149830900132656
162 0.00394711596891284
163 0.0036331627052277327
164 0.003756810910999775
165 0.003955002408474684
166 0.004051639698445797
167 0.003779795952141285
168 0.004144811071455479
169 0.004139718599617481
170 0.0037724736612290144
171 0.0037640132941305637
172 0.0035507879219949245
173 0.003610332729294896
174 0.0038162029813975096
175 0.003984014969319105
176 0.004575913306325674
177 0.003898999886587262
178 0.0033281221985816956
179 0.003674993058666587
180 0.0038807971868664026
181 0.004084947984665632
182 0.0037404776085168123
183 0.004085902124643326
184 0.004208432510495186
185 0.004183492623269558
186 0.003422914771363139
187 0.003723809262737632
188 0.003925032448023558
189 0.0036083825398236513
190 0.00374018051661551
191 0.00392970722168684
192 0.00394628057256341
193 0.004070790018886328
194 0.004123741760849953
195 0.0042502363212406635
196 0.004315200727432966
197 0.003874526359140873
198 0.004054482094943523
199 0.0038036059122532606
200 0.003476435085758567
201 0.003644692013040185
202 0.004047079011797905
203 0.0035456521436572075
204 0.0036509588826447725
205 0.0035228452179580927
206 0.003801792161539197
207 0.004109796602278948
208 0.004076564684510231
209 0.0038914380129426718
210 0.0037595864851027727
211 0.004022027365863323
212 0.0035152207128703594
213 0.004188544116914272
214 0.0038394860457628965
215 0.004283009096980095
216 0.003989727236330509
217 0.004299549851566553
218 0.0037807272747159004
219 0.0036128577776253223
220 0.004046931862831116
221 0.004122176207602024
222 0.003407364245504141
223 0.004351597744971514
224 0.0036308658309280872
225 0.003976884763687849
226 0.004107939079403877
227 0.003742014290764928
228 0.0043108812533319
229 0.004175988957285881
230 0.0036012569908052683
231 0.004186571575701237
232 0.003693633247166872
233 0.003844456048682332
234 0.003803341882303357
235 0.0037916444707661867
236 0.004247333388775587
237 0.003967848140746355
238 0.004039863124489784
239 0.003777972422540188
240 0.003941437695175409
241 0.003907243255525827
242 0.0036943552549928427
243 0.003925459459424019
244 0.004061008803546429
245 0.003925629425793886
246 0.0043174042366445065
247 0.004116647876799107
248 0.003963925410062075
249 0.003980907145887613
250 0.003513825824484229
251 0.0035104122944176197
252 0.0037030295934528112
253 0.0036631671246141195
254 0.004137544427067041
255 0.003696035360917449
