0 0.0039105648174881935
1 0.003492539282888174
2 0.003851198358461261
3 0.0040865554474294186
4 0.004186921752989292
5 0.0040196566842496395
6 0.003997298423200846
7 0.00409890990704298
8 0.004250877536833286
9 0.003568267682567239
10 0.004123445134609938
11 0.0036919431295245886
12 0.0035856973845511675
13 0.003795251017436385
14 0.0038117142394185066
15 0.003857107600197196
16 0.0038584950380027294
17 0.003921057563275099
18 0.003790981136262417
19 0.004048564471304417
20 0.004050177987664938
21 0.004234818276017904
22 0.003988357726484537
23 0.003853278234601021
24 0.004077187739312649
25 0.004084186628460884
26 0.003889137413352728
27 0.003890605177730322
28 0.00394451292231679
29 0.003921792842447758
30 0.004120385739952326
31 0.004047112073749304
32 0.003556316252797842
33 0.0035620038397610188
34 0.003676709719002247
35 0.003998490050435066
36 0.003957517445087433
37 0.00377338333055377
38 0.004116413649171591
39 0.004020688124001026
40 0.00397150544449687
41 0.0034113512374460697
42 0.003955345135182142
43 0.003819588804617524
44 0.003900389652699232
45 0.0037312295753508806
46 0.004244454670697451
47 0.004394530784338713
48 0.004098511300981045
49 0.003888375125825405
50 0.004002910107374191
51 0.0035791953559964895
52 0.0038563155103474855
53 0.003777527017518878
54 0.003832068294286728
55 0.003951589576900005
56 0.004198926966637373
57 0.0038531706668436527
58 0.004013731610029936
59 0.0038752472028136253
60 0.003677621018141508
61 0.004120526369661093
62 0.004191557876765728
63 0.003810606896877289
64 0.0037687942385673523
65 0.0038711540400981903
66 0.0039650448597967625
67 0.0039775860495865345
68 0.004057141486555338
69 0.004062839318066835
70 0.0041905962862074375
71 0.00389626226387918
72 0.0038379242178052664
73 0.003958585672080517
74 0.003896005218848586
75 0.004587756469845772
76 0.0040235817432403564
77 0.003796719014644623
78 0.0038920301012694836
79 0.0036801444366574287
80 0.0038396494928747416
81 0.004136920906603336
82 0.003941468428820372
83 0.003717120736837387
84 0.00394807243719697
85 0.003828970016911626
86 0.0037156136240810156
87 0.003999592736363411
88 0.003600580617785454
89 0.0036966584157198668
90 0.0038953693583607674
91 0.003971396945416927
92 0.0037835112307220697
93 0.0043307337909936905
94 0.0038999044336378574
95 0.003849098924547434
96 0.004049219656735659
97 0.004215549677610397
98 0.0037779402919113636
99 0.004207450430840254
100 0.0039116395637393
101 0.00421384209766984
102 0.003485518041998148
103 0.004073420539498329
104 0.003771017538383603
105 0.00408260989934206
106 0.003672314342111349
107 0.004651423543691635
108 0.003967195749282837
109 0.0037021322641521692
110 0.004002271685749292
111 0.003877460490912199
112 0.003815397620201111
113 0.004392378497868776
114 0.003950048238039017
115 0.0035567483864724636
116 0.0038750062230974436
117 0.003959516994655132
118 0.004009065683931112
119 0.0041672466322779655
120 0.0039689801633358
121 0.004105324391275644
122 0.0043495516292750835
123 0.003808323061093688
124 0.004157426301389933
125 0.0038939251098781824
126 0.0042164139449596405
127 0.0037981520872563124
128 0.003699685912579298
129 0.003657765919342637
130 0.0037829154171049595
131 0.0036160878371447325
132 0.004010861273854971
133 0.0043524084612727165
134 0.00379346520639956
135 0.0036231509875506163
136 0.004270082805305719
137 0.003940882161259651
138 0.0040859985165297985
139 0.003908494953066111
140 0.003739988896995783
141 0.003618343733251095
142 0.0037502774503082037
143 0.0035718902945518494
144 0.003523423569276929
145 0.004037064965814352
146 0.0039770533330738544
147 0.004042743239551783
148 0.003843197599053383
149 0.0038740767631679773
150 0.0038130597677081823
151 0.004035190679132938
152 0.0035074169281870127
153 0.003893763292580843
154 0.0036329622380435467
155 0.003827048698440194
156 0.00379548454657197
157 0.0036380027886480093
158 0.004205574281513691
159 0.0034776944667100906
160 0.0038387842942029238
161 0.003904615296050906
162 0.004229049663990736
163 0.0035148756578564644
164 0.003586440347135067
165 0.0037403334863483906
166 0.003941311966627836
167 0.003574199043214321
168 0.004174308851361275
169 0.004058240447193384
170 0.003865781705826521
171 0.0038005118258297443
172 0.0037918509915471077
173 0.0037263366393744946
174 0.004025735426694155
175 0.003847001353278756
176 0.004186222329735756
177 0.0038196335081011057
178 0.0036093152593821287
179 0.0037154722958803177
180 0.0036231374833732843
181 0.004238142631947994
182 0.00421727541834116
183 0.004016970284283161
184 0.0037215198390185833
185 0.004074667580425739
186 0.0036294867750257254
187 0.0038401514757424593
188 0.0039207362569868565
189 0.0037157717160880566
190 0.004102219827473164
191 0.0037847463972866535
192 0.0037351883947849274
193 0.004079593811184168
194 0.004118313547223806
195 0.004030649550259113
196 0.004388825036585331
197 0.0035678448621183634
198 0.003931898158043623
199 0.0038440092466771603
200 0.0037582330405712128
201 0.003843287006020546
202 0.004063862841576338
203 0.0037695220671594143
204 0.003762196283787489
205 0.003684951923787594
206 0.003603883320465684
207 0.003937086556106806
208 0.004205942153930664
209 0.003963022492825985
210 0.003788725705817342
211 0.0043655443005263805
212 0.0034036387223750353
213 0.003951855003833771
214 0.004020655527710915
215 0.004048534203320742
216 0.003959051799029112
217 0.003993629012256861
218 0.003767112037166953
219 0.0036558550782501698
220 0.0037470681127160788
221 0.003989673685282469
222 0.0037540860939770937
223 0.00404879916459322
224 0.0038149019237607718
225 0.0038800754118710756
226 0.0038138243835419416
227 0.003767929505556822
228 0.0041162921115756035
229 0.004091097507625818
230 0.0037579606287181377
231 0.004196733236312866
232 0.004053404089063406
233 0.003617755137383938
234 0.003650632919743657
235 0.0036586362402886152
236 0.004097723867744207
237 0.0038188924081623554
238 0.003784224856644869
239 0.0040166787803173065
240 0.003876811359077692
241 0.004024546127766371
242 0.00397527264431119
243 0.0036158061120659113
244 0.00408698245882988
245 0.003975141793489456
246 0.00423422921448946
247 0.0041606249287724495
248 0.0038972115144133568
249 0.003762895939871669
250 0.0036737702321261168
251 0.003425279166549444
252 0.00419445289298892
253 0.003865096950903535
254 0.00398914935067296
255 0.0037747733294963837
