0 0.0039045389275997877
1 0.003458772087469697
2 0.0037179351784288883
3 0.004044818691909313
4 0.0041609578765928745
5 0.004034698475152254
6 0.003986057359725237
7 0.003961700480431318
8 0.004028222523629665
9 0.0035283968318253756
10 0.004249418620020151
11 0.003942262381315231
12 0.003588699270039797
13 0.00385871110484004
14 0.003939634654670954
15 0.003966182004660368
16 0.004037006758153439
17 0.0038174677174538374
18 0.003641714109107852
19 0.004165984690189362
20 0.004100326914340258
21 0.004095826297998428
22 0.0038465193938463926
23 0.003642486175522208
24 0.003914725035429001
25 0.003955338150262833
26 0.003808028530329466
27 0.004085408058017492
28 0.004150109365582466
29 0.003958038054406643
30 0.00431368313729763
31 0.003991121891885996
32 0.003578959498554468
33 0.003813953371718526
34 0.0036233242135494947
35 0.003960372414439917
36 0.003969211596995592
37 0.003827739506959915
38 0.003939568996429443
39 0.004039668012410402
40 0.004040312487632036
41 0.0034724643919616938
42 0.003866320475935936
43 0.0037092273123562336
44 0.004095073789358139
45 0.0039388989098370075
46 0.004298708867281675
47 0.004261345136910677
48 0.003935897722840309
49 0.0037006400525569916
50 0.0040160235948860645
51 0.0035846808459609747
52 0.0040295966900885105
53 0.003951161168515682
54 0.004006190691143274
55 0.0040512909181416035
56 0.004480914678424597
57 0.0036187241785228252
58 0.0038889646530151367
59 0.0037658417131751776
60 0.0036948281340301037
61 0.004070971626788378
62 0.00413333298638463
63 0.003706082236021757
64 0.004139329772442579
65 0.0041900137439370155
66 0.0040525272488594055
67 0.003965460229665041
68 0.003894058521836996
69 0.003973486367613077
70 0.004293202422559261
71 0.0040625836700201035
72 0.00403728149831295
73 0.003800756298005581
74 0.003919149748980999
75 0.004095940385013819
76 0.00398798193782568
77 0.003950632177293301
78 0.003685915842652321
79 0.003806542372331023
80 0.0037446573842316866
81 0.003935540560632944
82 0.00366556947119534
83 0.003597151953727007
84 0.00392350135371089
85 0.0038855758029967546
86 0.0036373722832649946
87 0.003941661678254604
88 0.003513630013912916
89 0.0036001410335302353
90 0.0038406476378440857
91 0.003726368071511388
92 0.003910553175956011
93 0.004216913133859634
94 0.003825141116976738
95 0.0038916391786187887
96 0.0037496890872716904
97 0.004345728084445
98 0.003626252757385373
99 0.00409915903583169
100 0.0041011059656739235
101 0.004214335698634386
102 0.0037446499336510897
103 0.004250928293913603
104 0.0036443816497921944
105 0.004097051452845335
106 0.003899210598319769
107 0.0043621063232421875
108 0.004346228204667568
109 0.004027897957712412
110 0.004274985287338495
111 0.0037108073011040688
112 0.0036492720246315002
113 0.00425075413659215
114 0.004136153496801853
115 0.0038766590878367424
116 0.0038649882189929485
117 0.0038273443933576345
118 0.003782660700380802
119 0.003945415839552879
120 0.003810751484706998
121 0.003976311068981886
122 0.004685027990490198
123 0.0038351037073880434
124 0.004126150161027908
125 0.0038979556411504745
126 0.004228687379509211
127 0.00380153045989573
128 0.0034033390693366528
129 0.0038253648672252893
130 0.0036220732145011425
131 0.0035810095723718405
132 0.0037747127935290337
133 0.0038909113500267267
134 0.00402543181553483
135 0.0035755133721977472
136 0.004381301812827587
137 0.003835176583379507
138 0.00410042516887188
139 0.003982598893344402
140 0.0036032262723892927
141 0.0033506471663713455
142 0.003818762255832553
143 0.003915312699973583
144 0.0034674338530749083
145 0.003973165526986122
146 0.004040831699967384
147 0.0038345507346093655
148 0.0037674957420676947
149 0.0038237806875258684
150 0.004035483580082655
151 0.004132929723709822
152 0.003667686367407441
153 0.004034450743347406
154 0.0039004040881991386
155 0.0037086305674165487
156 0.0037334649823606014
157 0.0038204481825232506
158 0.004005816299468279
159 0.0035488149151206017
160 0.0036869242321699858
161 0.0038965088315308094
162 0.004230293445289135
163 0.0035202649887651205
164 0.0037150378338992596
165 0.0040575177408754826
166 0.003981289453804493
167 0.003970366436988115
168 0.00394787173718214
169 0.0040464079938828945
170 0.0037134825251996517
171 0.0037670242600142956
172 0.003640430513769388
173 0.0037411788944154978
174 0.003884138772264123
175 0.003935073968023062
176 0.004327146802097559
177 0.0036344837862998247
178 0.003530617570504546
179 0.0037324021104723215
180 0.003942621871829033
181 0.004128575325012207
182 0.004073455464094877
183 0.0039022548589855433
184 0.00388320186175406
185 0.0041070906445384026
186 0.0036811940371990204
187 0.003937776666134596
188 0.0037652503233402967
189 0.0038484863471239805
190 0.0038861657958477736
191 0.0036859053652733564
192 0.003714768448844552
193 0.003856646828353405
194 0.004124178551137447
195 0.004068511072546244
196 0.004254316445440054
197 0.003910374362021685
198 0.003836137941107154
199 0.0038582414854317904
200 0.0037018710281699896
201 0.003959923051297665
202 0.0039882538840174675
203 0.003908182960003614
204 0.0038348333910107613
205 0.003632942447438836
206 0.0038662550505250692
207 0.004030724987387657
208 0.003982287831604481
209 0.0040321266278624535
210 0.0036668910179287195
211 0.004051500931382179
212 0.0037153861485421658
213 0.0037578092887997627
214 0.004148036241531372
215 0.004005629103630781
216 0.0041396780870854855
217 0.003764634020626545
218 0.00397865753620863
219 0.003913745749741793
220 0.003981937654316425
221 0.004141674377024174
222 0.003687795717269182
223 0.004123958759009838
224 0.0037820686120539904
225 0.003666154108941555
226 0.004002996254712343
227 0.003940672148019075
228 0.003951180726289749
229 0.004268270451575518
230 0.003763294778764248
231 0.004118602257221937
232 0.00384605024009943
233 0.0037605741526931524
234 0.003748749615624547
235 0.0038723854813724756
236 0.004131918773055077
237 0.0038195657543838024
238 0.0036373452749103308
239 0.004107080399990082
240 0.003982960246503353
241 0.003931377083063126
242 0.004089626483619213
243 0.00369494641199708
244 0.003976517356932163
245 0.00373892392963171
246 0.004191400483250618
247 0.004109121859073639
248 0.0042906650342047215
249 0.00367017206735909
250 0.0038118467200547457
251 0.0036316439509391785
252 0.0036726463586091995
253 0.003606890793889761
254 0.003835266223177314
255 0.003864224534481764
