0 0.004023300018161535
1 0.003676643595099449
2 0.003767478745430708
3 0.0039444430731236935
4 0.004104531370103359
5 0.003881321055814624
6 0.0039817821234464645
7 0.0041696918196976185
8 0.0041164555586874485
9 0.0034477245062589645
10 0.004068678244948387
11 0.003936188295483589
12 0.0036099303979426622
13 0.00405671913176775
14 0.0036945496685802937
15 0.00393697340041399
16 0.003891273867338896
17 0.003680136753246188
18 0.00372412521392107
19 0.004047276917845011
20 0.003926572389900684
21 0.004059270024299622
22 0.004027779679745436
23 0.0037912391126155853
24 0.004034968558698893
25 0.0039063384756445885
26 0.0038858007173985243
27 0.00385165773332119
28 0.0038702809251844883
29 0.004007564391940832
30 0.004049107898026705
31 0.0038918619975447655
32 0.0035684851463884115
33 0.0035907658748328686
34 0.0035741159226745367
35 0.004102254752069712
36 0.004013474099338055
37 0.0035840098280459642
38 0.0041014282032847404
39 0.004320395644754171
40 0.003937140107154846
41 0.0035740702878683805
42 0.003954348620027304
43 0.003935656975954771
44 0.003836717689409852
45 0.0036731502041220665
46 0.004219643771648407
47 0.004255927633494139
48 0.003906376659870148
49 0.0038228463381528854
50 0.004108020104467869
51 0.003563105361536145
52 0.003978480119258165
53 0.003785795299336314
54 0.003840200835838914
55 0.004227786790579557
56 0.00400266470387578
57 0.0037396359257400036
58 0.0037252784240990877
59 0.003828303189948201
60 0.00369717413559556
61 0.003657701425254345
62 0.004127387423068285
63 0.003954950720071793
64 0.0039300452917814255
65 0.0037254048511385918
66 0.003890051506459713
67 0.0037592826411128044
68 0.0038461412768810987
69 0.003939156886190176
70 0.004175661597400904
71 0.003907703794538975
72 0.003954852465540171
73 0.003785687033087015
74 0.003645238932222128
75 0.004367660731077194
76 0.004023183137178421
77 0.003991855774074793
78 0.0039464449509978294
79 0.0038722644094377756
80 0.0037326475139707327
81 0.004260750953108072
82 0.0037992794532328844
83 0.003881466342136264
84 0.004046412650495768
85 0.0037074959836900234
86 0.0039046488236635923
87 0.003723189467564225
88 0.003497110214084387
89 0.003919946029782295
90 0.004214412998408079
91 0.0038315164856612682
92 0.003971550147980452
93 0.004306322429329157
94 0.003797672688961029
95 0.0038246246986091137
96 0.0038001423235982656
97 0.004168673884123564
98 0.0037265531718730927
99 0.004152972716838121
100 0.0040159826166927814
101 0.004019429907202721
102 0.003921574912965298
103 0.00398186594247818
104 0.0038263006135821342
105 0.00444460567086935
106 0.003721807384863496
107 0.004332779441028833
108 0.004182959441095591
109 0.0038520668167620897
110 0.0038537115324288607
111 0.003703333903104067
112 0.0037052796687930822
113 0.004381208214908838
114 0.003975632134824991
115 0.0036619084421545267
116 0.0038690741639584303
117 0.00416364474222064
118 0.0037727204617112875
119 0.003972578328102827
120 0.003922010771930218
121 0.003907165955752134
122 0.00430017476901412
123 0.003965029492974281
124 0.004052476491779089
125 0.003937690053135157
126 0.004152076318860054
127 0.0039349268190562725
128 0.0037691467441618443
129 0.003722785972058773
130 0.0038533927872776985
131 0.003934802487492561
132 0.0039462074637413025
133 0.004467749502509832
134 0.0038397402968257666
135 0.003475789912045002
136 0.004469251725822687
137 0.0037285913713276386
138 0.004012702964246273
139 0.0040915426798164845
140 0.003864558879286051
141 0.0035886340774595737
142 0.003806864144280553
143 0.0036212261766195297
144 0.0037396771367639303
145 0.003936778753995895
146 0.004024128895252943
147 0.003831949783489108
148 0.00397236505523324
149 0.0038709696382284164
150 0.0038839776534587145
151 0.003998282831162214
152 0.003793280338868499
153 0.00398014672100544
154 0.0038478942587971687
155 0.0036963382735848427
156 0.003920186311006546
157 0.003612176049500704
158 0.004134959541261196
159 0.0036558653227984905
160 0.003918403759598732
161 0.0036790547892451286
162 0.004275111947208643
163 0.003888539271429181
164 0.003663252107799053
165 0.004159513860940933
166 0.003994278144091368
167 0.0035666245967149734
168 0.004047127906233072
169 0.0041672056540846825
170 0.0037033644039183855
171 0.0038562954869121313
172 0.0037654077168554068
173 0.003899766830727458
174 0.004126602318137884
175 0.003958144225180149
176 0.004256159532815218
177 0.003907590173184872
178 0.0036195749416947365
179 0.003873580601066351
180 0.0037528658285737038
181 0.004234852734953165
182 0.004308928269892931
183 0.004009484313428402
184 0.0041263522580266
185 0.00416319165378809
186 0.0037238593213260174
187 0.0039193714037537575
188 0.003969455137848854
189 0.003923914860934019
190 0.004093734081834555
191 0.003745799884200096
192 0.003702266374602914
193 0.0039573656395077705
194 0.003915127366781235
195 0.0040533896535634995
196 0.004060561768710613
197 0.0035198088735342026
198 0.0039004748687148094
199 0.003808205481618643
200 0.00377003476023674
201 0.003679911606013775
202 0.00397438183426857
203 0.0039689852856099606
204 0.0038278470747172832
205 0.003982373978942633
206 0.0037084808573126793
207 0.003967831842601299
208 0.0042856670916080475
209 0.0039826310239732265
210 0.003734702942892909
211 0.0040632132440805435
212 0.0036609326489269733
213 0.003847295418381691
214 0.00416311202570796
215 0.0041914745233953
216 0.0038351824041455984
217 0.00410847831517458
218 0.0034953688737004995
219 0.0038930929731577635
220 0.0037356235552579165
221 0.004000402521342039
222 0.0037851573433727026
223 0.004066972993314266
224 0.003889454063028097
225 0.003925734665244818
226 0.004048592876642942
227 0.003833335591480136
228 0.003980161622166634
229 0.003985684365034103
230 0.0038378117606043816
231 0.0041539412923157215
232 0.003886992344632745
233 0.0037495389115065336
234 0.003699134336784482
235 0.0035345745272934437
236 0.004046090878546238
237 0.00372514221817255
238 0.003858366282656789
239 0.00400375435128808
240 0.004043943248689175
241 0.0038504223339259624
242 0.003991516772657633
243 0.003619307419285178
244 0.0037308218888938427
245 0.00381802162155509
246 0.0038571099285036325
247 0.004160491283982992
248 0.0037561561912298203
249 0.003931900952011347
250 0.003717954969033599
251 0.0034568372648209333
252 0.003751334035769105
253 0.0037312034983187914
254 0.003935367334634066
255 0.0036265498492866755
