0 0.0037370442878454924
1 0.0036120694130659103
2 0.0038272140081971884
3 0.0037892742548137903
4 0.004170577973127365
5 0.0038814805448055267
6 0.004114700015634298
7 0.003980090841650963
8 0.004172277171164751
9 0.0035373917780816555
10 0.003885698039084673
11 0.003903384320437908
12 0.0038935246411710978
13 0.0038926340639591217
14 0.0039488766342401505
15 0.0040342737920582294
16 0.003987160976976156
17 0.0038559965323656797
18 0.003837456228211522
19 0.003934449981898069
20 0.004194058943539858
21 0.004131773486733437
22 0.004027063958346844
23 0.0036256432067602873
24 0.0038433782756328583
25 0.004118523094803095
26 0.004171521868556738
27 0.003927924670279026
28 0.004274412523955107
29 0.003938758280128241
30 0.0042994278483092785
31 0.003775481367483735
32 0.0037524811923503876
33 0.0036391583271324635
34 0.003785311710089445
35 0.003918654751032591
36 0.0039723715744912624
37 0.003992042504251003
38 0.0038145415019243956
39 0.0039254650473594666
40 0.004150336608290672
41 0.003453930839896202
42 0.003962650895118713
43 0.003714807564392686
44 0.0039147320203483105
45 0.003623268334195018
46 0.004209993872791529
47 0.0037872723769396544
48 0.003962553106248379
49 0.003536384319886565
50 0.004061400890350342
51 0.0037617115303874016
52 0.003802011488005519
53 0.0038188586477190256
54 0.003699489636346698
55 0.003944431897252798
56 0.00401543453335762
57 0.0037139251362532377
58 0.0037309331819415092
59 0.003770287847146392
60 0.003965400159358978
61 0.004005757160484791
62 0.004332540091127157
63 0.0038446462713181973
64 0.004078421741724014
65 0.004141443874686956
66 0.0038199382834136486
67 0.004059816710650921
68 0.0038780937902629375
69 0.004103038925677538
70 0.004090756177902222
71 0.003953192383050919
72 0.003938043490052223
73 0.003754934761673212
74 0.004148243460804224
75 0.004143086262047291
76 0.004003969952464104
77 0.003983689472079277
78 0.003924984950572252
79 0.0038180488627403975
80 0.0037672226317226887
81 0.003906844183802605
82 0.004023659974336624
83 0.0037090228870511055
84 0.003891007276251912
85 0.0038010571151971817
86 0.003888642881065607
87 0.004060276318341494
88 0.003604406025260687
89 0.003825789550319314
90 0.004073306452482939
91 0.004088240675628185
92 0.004142894875258207
93 0.004405003506690264
94 0.0038569543976336718
95 0.003961184993386269
96 0.003786180168390274
97 0.0041968789882957935
98 0.003846496809273958
99 0.004017153289169073
100 0.003806193359196186
101 0.004082455765455961
102 0.003850709181278944
103 0.004273213446140289
104 0.003572899615392089
105 0.004187142942100763
106 0.00380672886967659
107 0.004459524992853403
108 0.004357133526355028
109 0.00374399172142148
110 0.004010605625808239
111 0.003979342989623547
112 0.0038111659232527018
113 0.004459163639694452
114 0.004036553669720888
115 0.003848792053759098
116 0.003780386643484235
117 0.0038658438716083765
118 0.0036470447666943073
119 0.003750333795323968
120 0.003889010986313224
121 0.004146296996623278
122 0.004420998506247997
123 0.0039137424901127815
124 0.004273128695785999
125 0.0038814707659184933
126 0.004183487500995398
127 0.0038218756671994925
128 0.0037411488592624664
129 0.0036122887395322323
130 0.003754053497686982
131 0.0034435661509633064
132 0.00391138531267643
133 0.004347820766270161
134 0.0038314980920404196
135 0.0036225891672074795
136 0.0041431039571762085
137 0.003700448200106621
138 0.004093180410563946
139 0.003940413240343332
140 0.0038999298121780157
141 0.003611974650993943
142 0.0038027549162507057
143 0.0037830958608537912
144 0.00359022943302989
145 0.004157484043389559
146 0.003977778367698193
147 0.003923306241631508
148 0.0036398398224264383
149 0.003638117341324687
150 0.004150318447500467
151 0.00417215283960104
152 0.003588280873373151
153 0.003913200926035643
154 0.0037974112201482058
155 0.003647573757916689
156 0.003886586520820856
157 0.0035725850611925125
158 0.004001215100288391
159 0.0036973452661186457
160 0.003772989846765995
161 0.003786172019317746
162 0.004022134933620691
163 0.0036659068427979946
164 0.003917362075299025
165 0.0035895956680178642
166 0.004086403641849756
167 0.004020148888230324
168 0.004329652525484562
169 0.004080735146999359
170 0.0035776677541434765
171 0.003561601974070072
172 0.0036600762978196144
173 0.0038079125806689262
174 0.003866937244310975
175 0.004013811703771353
176 0.004169568419456482
177 0.0038947532884776592
178 0.0035129424650222063
179 0.0036312781739979982
180 0.0037283478304743767
181 0.0042909919284284115
182 0.0038600934203714132
183 0.003952979575842619
184 0.004003825131803751
185 0.003995963837951422
186 0.0035713333636522293
187 0.003762609325349331
188 0.003969165030866861
189 0.003851022105664015
190 0.004016001243144274
191 0.003550457302480936
192 0.004062378313392401
193 0.003853526432067156
194 0.004198174923658371
195 0.0039937240071594715
196 0.004108041524887085
197 0.0038127980660647154
198 0.0039148046635091305
199 0.003862593090161681
200 0.003801959566771984
201 0.0036708288826048374
202 0.003700634930282831
203 0.003763813292607665
204 0.0039156172424554825
205 0.0036215537693351507
206 0.003645640565082431
207 0.003861793549731374
208 0.003989745397120714
209 0.003929201979190111
210 0.0035711508244276047
211 0.003923479467630386
212 0.0036472270730882883
213 0.0038664902094751596
214 0.004154181573539972
215 0.004116377327591181
216 0.004210090730339289
217 0.004188391845673323
218 0.003961527720093727
219 0.003673346247524023
220 0.0037286062724888325
221 0.004155486822128296
222 0.0037871471140533686
223 0.004132070112973452
224 0.003939170856028795
225 0.004024513531476259
226 0.0038558675441890955
227 0.0039579798467457294
228 0.003941743168979883
229 0.0043146321550011635
230 0.003668069140985608
231 0.004098760895431042
232 0.003805459477007389
233 0.003820296609774232
234 0.0037911836989223957
235 0.00386956543661654
236 0.004110644571483135
237 0.003876602975651622
238 0.003765919478610158
239 0.004185774829238653
240 0.003940268885344267
241 0.0038021455984562635
242 0.003870428539812565
243 0.0035701903980225325
244 0.004041761159896851
245 0.0037268628366291523
246 0.004036154132336378
247 0.004201224539428949
248 0.004043590743094683
249 0.0038953013718128204
250 0.0036802992690354586
251 0.0036492885556071997
252 0.0038396858144551516
253 0.0038391530979424715
254 0.003789506619796157
255 0.003654921893030405
