0 0.0038671335205435753
1 0.003568147076293826
2 0.0039145019836723804
3 0.004037314094603062
4 0.0042966934852302074
5 0.004029389936476946
6 0.004209668841212988
7 0.004033824894577265
8 0.004124074708670378
9 0.003583633340895176
10 0.004042722750455141
11 0.004093486350029707
12 0.0036047324538230896
13 0.003792250296100974
14 0.0038548684678971767
15 0.0039137983694672585
16 0.003969244658946991
17 0.003995454870164394
18 0.003632163628935814
19 0.003848277498036623
20 0.004046466201543808
21 0.004227255005389452
22 0.0037677474319934845
23 0.003833250142633915
24 0.0038791506085544825
25 0.004017817787826061
26 0.004042829852551222
27 0.00378503673709929
28 0.00406380882486701
29 0.004022284876555204
30 0.004099711310118437
31 0.0037771707866340876
32 0.003696017200127244
33 0.0035125960130244493
34 0.003548986744135618
35 0.003917067311704159
36 0.0040351031348109245
37 0.003887347411364317
38 0.004073784686625004
39 0.004140915814787149
40 0.003995067439973354
41 0.0034166050609201193
42 0.004033816047012806
43 0.004009437747299671
44 0.003925856668502092
45 0.0039930869825184345
46 0.00438015116378665
47 0.004204164259135723
48 0.0040823626331985
49 0.004058772698044777
50 0.004050789400935173
51 0.003557757707312703
52 0.0041794138960540295
53 0.0036735048051923513
54 0.0037614742759615183
55 0.00395499961450696
56 0.004248490557074547
57 0.0038932503666728735
58 0.0038741372991353273
59 0.003898697206750512
60 0.0038388120010495186
61 0.004045771434903145
62 0.004078788682818413
63 0.0039044958539307117
64 0.003983428236097097
65 0.003864757716655731
66 0.003922332543879747
67 0.003951755817979574
68 0.004098706878721714
69 0.00402452889829874
70 0.004308016039431095
71 0.004209959879517555
72 0.0040510897524654865
73 0.0037995632737874985
74 0.0039817458018660545
75 0.00429609976708889
76 0.003924195654690266
77 0.00387862091884017
78 0.003984733019024134
79 0.0037237233482301235
80 0.003734331578016281
81 0.003956271335482597
82 0.0038314079865813255
83 0.0036397185176610947
84 0.0039060150738805532
85 0.003653390798717737
86 0.0037096343003213406
87 0.004026202950626612
88 0.003671525279060006
89 0.0038462518714368343
90 0.0039372518658638
91 0.004064050503075123
92 0.0038885727990418673
93 0.00429772911593318
94 0.0035477406345307827
95 0.004015038255602121
96 0.003798864781856537
97 0.004002134781330824
98 0.0037224015686661005
99 0.004120821598917246
100 0.003937150351703167
101 0.004188298713415861
102 0.0037944919895380735
103 0.004218896850943565
104 0.0037202946841716766
105 0.0043286411091685295
106 0.003987669013440609
107 0.004281790927052498
108 0.004101799335330725
109 0.003750240197405219
110 0.004248500801622868
111 0.003742647124454379
112 0.00378991337493062
113 0.004129957873374224
114 0.003961150534451008
115 0.0036919740960001945
116 0.0038469673600047827
117 0.0040188319981098175
118 0.003847026964649558
119 0.003872819012030959
120 0.003989265765994787
121 0.004283684305846691
122 0.004344126675277948
123 0.003897308139130473
124 0.004060620907694101
125 0.0038327414076775312
126 0.0040878052823245525
127 0.003841205034404993
128 0.0037772255018353462
129 0.003698361571878195
130 0.003566285129636526
131 0.0035972974728792906
132 0.003898697206750512
133 0.003949338104575872
134 0.003725714050233364
135 0.0036072530783712864
136 0.004308290313929319
137 0.0038480134680867195
138 0.003922507166862488
139 0.004015716258436441
140 0.0037046184297651052
141 0.003556410549208522
142 0.003844646504148841
143 0.0039222342893481255
144 0.0036569039802998304
145 0.004021922592073679
146 0.003953964449465275
147 0.003954057116061449
148 0.0039347074925899506
149 0.003917306661605835
150 0.003983436618000269
151 0.004111902322620153
152 0.0036002444103360176
153 0.003881650511175394
154 0.0037835275288671255
155 0.0037773398216813803
156 0.0037510739639401436
157 0.003437691368162632
158 0.004117316100746393
159 0.003779309568926692
160 0.0038472393061965704
161 0.00389864225871861
162 0.004165262449532747
163 0.0035681419540196657
164 0.003676700871437788
165 0.003890176070854068
166 0.003978586755692959
167 0.0037441072054207325
168 0.004195578396320343
169 0.004106292501091957
170 0.003803591476753354
171 0.003970740828663111
172 0.003718684194609523
173 0.003759118029847741
174 0.003974248189479113
175 0.003945153206586838
176 0.004105025436729193
177 0.003927999641746283
178 0.003555572358891368
179 0.0036685685627162457
180 0.0037037867587059736
181 0.003996674902737141
182 0.0038598403334617615
183 0.0038815198931843042
184 0.004021745640784502
185 0.004127425607293844
186 0.0036339128855615854
187 0.003855363465845585
188 0.003763865912333131
189 0.00366059597581625
190 0.003938691690564156
191 0.003696132218465209
192 0.003881486365571618
193 0.004100145772099495
194 0.00402552355080843
195 0.0041816262528300285
196 0.004354533273726702
197 0.0037400899454951286
198 0.0037438804283738136
199 0.003837020369246602
200 0.003748329821974039
201 0.0038661330472677946
202 0.003937949426472187
203 0.003658254398033023
204 0.003876863280311227
205 0.0036847100127488375
206 0.0037395362742245197
207 0.003949703648686409
208 0.0041136955842375755
209 0.00385427032597363
210 0.0038435198366642
211 0.004119027405977249
212 0.003599312389269471
213 0.003869285574182868
214 0.004190624225884676
215 0.003952428698539734
216 0.004009723663330078
217 0.004059400409460068
218 0.0038503319956362247
219 0.0036809095181524754
220 0.004094335716217756
221 0.004011834505945444
222 0.003662899835035205
223 0.004015577025711536
224 0.003820711048319936
225 0.003845344763249159
226 0.0039653773419559
227 0.0037012461107224226
228 0.004044895991683006
229 0.00412610312923789
230 0.0038434986490756273
231 0.004039254505187273
232 0.0038744823541492224
233 0.0037616898771375418
234 0.003801995189860463
235 0.0036862846463918686
236 0.003920785617083311
237 0.003953565377742052
238 0.0037505212239921093
239 0.003979189787060022
240 0.004098579753190279
241 0.003771481802687049
242 0.003925985656678677
243 0.0035957747604697943
244 0.0038135633803904057
245 0.0036595396231859922
246 0.004123459104448557
247 0.004055167082697153
248 0.004140852484852076
249 0.0038181315176188946
250 0.0037251333706080914
251 0.0034330880735069513
252 0.0038813469000160694
253 0.0036336404737085104
254 0.003952522296458483
255 0.0037460376042872667
