0 0.0038711398374289274
1 0.003651685081422329
2 0.0037541550118476152
3 0.003998917993158102
4 0.004260540474206209
5 0.0037955581210553646
6 0.003942037466913462
7 0.004174331668764353
8 0.004116453230381012
9 0.0034940058831125498
10 0.0039785271510481834
11 0.0038565718568861485
12 0.003508748719468713
13 0.0037953685969114304
14 0.0038482961244881153
15 0.003954831510782242
16 0.003966979216784239
17 0.00393291562795639
18 0.003741574939340353
19 0.004038418643176556
20 0.003962550777941942
21 0.00405480433255434
22 0.003958762623369694
23 0.0040260315872728825
24 0.003824946703389287
25 0.003788613248616457
26 0.0038136346265673637
27 0.003752665128558874
28 0.004106806591153145
29 0.0038456034380942583
30 0.0042349910363554955
31 0.0038561508990824223
32 0.003580633318051696
33 0.003575705923140049
34 0.0038230058271437883
35 0.004036069381982088
36 0.004104565363377333
37 0.003998061176389456
38 0.003904887940734625
39 0.004326781257987022
40 0.0041295262053608894
41 0.003453850746154785
42 0.0038105305284261703
43 0.003894489724189043
44 0.00394268287345767
45 0.004036739934235811
46 0.004237753804773092
47 0.004249717574566603
48 0.0038434118032455444
49 0.003797916928306222
50 0.00413892837241292
51 0.0036977864801883698
52 0.003836955176666379
53 0.003914596978574991
54 0.003863681573420763
55 0.00390898110345006
56 0.004106261767446995
57 0.0036637696903198957
58 0.003667684504762292
59 0.0038724024780094624
60 0.003701465204358101
61 0.0038066573906689882
62 0.004225294571369886
63 0.003698926419019699
64 0.003990900702774525
65 0.0035587698221206665
66 0.0038625288289040327
67 0.003800937905907631
68 0.0037948128301650286
69 0.0041623227298259735
70 0.004195552784949541
71 0.0037005196791142225
72 0.003889860585331917
73 0.0037783102598041296
74 0.0038090418092906475
75 0.0042261178605258465
76 0.004116060212254524
77 0.0036922888830304146
78 0.0037354810629040003
79 0.003744819201529026
80 0.003882548538967967
81 0.004179587587714195
82 0.003917153924703598
83 0.0037105330266058445
84 0.0042898873798549175
85 0.0037959995679557323
86 0.003761306870728731
87 0.003985149785876274
88 0.0034753552172333
89 0.003912882413715124
90 0.003998762462288141
91 0.00393096124753356
92 0.0041192760691046715
93 0.004179134499281645
94 0.0037784939631819725
95 0.0036037005484104156
96 0.003723585046827793
97 0.004271532408893108
98 0.0037641916424036026
99 0.004132544156163931
100 0.0037538211327046156
101 0.004094985313713551
102 0.003738611238077283
103 0.0040492103435099125
104 0.0035603141877800226
105 0.004102811217308044
106 0.0039028185419738293
107 0.004045146517455578
108 0.004341965075582266
109 0.004033397883176804
110 0.0038626149762421846
111 0.003835842711851001
112 0.0036077091936022043
113 0.004734464455395937
114 0.0039390018209815025
115 0.003720109583809972
116 0.003661358030512929
117 0.004248768091201782
118 0.0035970418248325586
119 0.004049354232847691
120 0.003893774701282382
121 0.0039951251819729805
122 0.004477868787944317
123 0.0037252046167850494
124 0.003973464015871286
125 0.00392898079007864
126 0.00425903731957078
127 0.003936463501304388
128 0.0036558613646775484
129 0.003879706608131528
130 0.003739190986379981
131 0.0037839296273887157
132 0.0039011877961456776
133 0.004258524626493454
134 0.003954560030251741
135 0.0036283524241298437
136 0.004382244311273098
137 0.003701756941154599
138 0.004100888967514038
139 0.0038771515246480703
140 0.0035996679216623306
141 0.003683715593069792
142 0.003780031343922019
143 0.0036436174996197224
144 0.003625354962423444
145 0.004107412416487932
146 0.00386405480094254
147 0.004208127036690712
148 0.0037989881820976734
149 0.00366654503159225
150 0.004010399337857962
151 0.004273590166121721
152 0.0036146987695246935
153 0.003994645085185766
154 0.004013699479401112
155 0.003552100621163845
156 0.0037344361189752817
157 0.0034603432286530733
158 0.004050344228744507
159 0.0039177327416837215
160 0.0037067465018481016
161 0.003864817088469863
162 0.004158355761319399
163 0.0037642959505319595
164 0.003750571282580495
165 0.003880996722728014
166 0.004057487938553095
167 0.004045640118420124
168 0.004023791290819645
169 0.004243878182023764
170 0.0038825289811939
171 0.0038803652860224247
172 0.0035291772801429033
173 0.003726176917552948
174 0.004156853072345257
175 0.0038560216780751944
176 0.004180316347628832
177 0.003768426366150379
178 0.003437518374994397
179 0.0037972554564476013
180 0.003772711381316185
181 0.004481295123696327
182 0.004186080303043127
183 0.004179236013442278
184 0.004114926792681217
185 0.00418569752946496
186 0.00347221945412457
187 0.004050165880471468
188 0.0037759318947792053
189 0.003835652954876423
190 0.0038759668823331594
191 0.0037109251134097576
192 0.0037562514189630747
193 0.004200341645628214
194 0.003923171199858189
195 0.004223742987960577
196 0.004062894266098738
197 0.0036717362236231565
198 0.0040557305328547955
199 0.003818659810349345
200 0.003715197555720806
201 0.003893106710165739
202 0.004234663210809231
203 0.003658910049125552
204 0.004050160758197308
205 0.003839469514787197
206 0.0035522005055099726
207 0.003950588870793581
208 0.004077484831213951
209 0.003984400071203709
210 0.003983480855822563
211 0.004141868092119694
212 0.0037794196978211403
213 0.0036738708149641752
214 0.003956254571676254
215 0.004075971432030201
216 0.004152155481278896
217 0.003949179779738188
218 0.0038774190470576286
219 0.003986847586929798
220 0.0038060529623180628
221 0.004060814622789621
222 0.003685465082526207
223 0.004339204169809818
224 0.003950371872633696
225 0.0037993185687810183
226 0.003786690067499876
227 0.00388841750100255
228 0.004439052194356918
229 0.004016674589365721
230 0.0039692469872534275
231 0.0040922570042312145
232 0.0038689584471285343
233 0.0038373724091798067
234 0.003655185690149665
235 0.0036223572678864002
236 0.00420575775206089
237 0.003742341184988618
238 0.003617831040173769
239 0.004143961705267429
240 0.004052240401506424
241 0.004027160350233316
242 0.0040375120006501675
243 0.003530984278768301
244 0.0037699455861002207
245 0.0037013001274317503
246 0.0039079757407307625
247 0.004169909283518791
248 0.003804742358624935
249 0.0037996494211256504
250 0.0038051120936870575
251 0.0035046576522290707
252 0.003909126855432987
253 0.0035346781369298697
254 0.003891565604135394
255 0.0036694849841296673
