0 0.004033326171338558
1 0.0034062715712934732
2 0.003672956256195903
3 0.0040678526274859905
4 0.004060552921146154
5 0.0037257273215800524
6 0.004035586025565863
7 0.004149538930505514
8 0.00410650297999382
9 0.00360158015973866
10 0.004356888588517904
11 0.003966757096350193
12 0.003525018924847245
13 0.003948632162064314
14 0.0036556932609528303
15 0.004020223394036293
16 0.004041023086756468
17 0.004003537818789482
18 0.0035431513097137213
19 0.004067278932780027
20 0.003941068425774574
21 0.00397515157237649
22 0.003976159729063511
23 0.0037184800021350384
24 0.003915212582796812
25 0.0041443719528615475
26 0.0037761873099952936
27 0.003970820922404528
28 0.004027722403407097
29 0.0038493394386023283
30 0.004407956264913082
31 0.004210576880723238
32 0.003544748993590474
33 0.003800914390012622
34 0.0034897467121481895
35 0.003926732577383518
36 0.004143726546317339
37 0.003622865304350853
38 0.0039031519554555416
39 0.004106011241674423
40 0.0041858782060444355
41 0.0035432269796729088
42 0.003909714985638857
43 0.0038797378074377775
44 0.003837693016976118
45 0.003736582351848483
46 0.0038423296064138412
47 0.004236205946654081
48 0.003964550793170929
49 0.0038520556408911943
50 0.004130641929805279
51 0.00351313385181129
52 0.003891694825142622
53 0.0037682473193854094
54 0.003787314286455512
55 0.004120316822081804
56 0.004138544201850891
57 0.003931278362870216
58 0.003831526730209589
59 0.0038983291015028954
60 0.0038158136885613203
61 0.003964043688029051
62 0.004282316192984581
63 0.003921848256140947
64 0.003802031744271517
65 0.003771876683458686
66 0.003683948889374733
67 0.0038010862190276384
68 0.003776247613132
69 0.003914340399205685
70 0.004475433845072985
71 0.003963013645261526
72 0.0038738513831049204
73 0.0037094391882419586
74 0.0039362250827252865
75 0.0046189045533537865
76 0.003913347143679857
77 0.004149329382926226
78 0.003731929464265704
79 0.0038900498766452074
80 0.003733430290594697
81 0.004154099617153406
82 0.004144022241234779
83 0.003804015927016735
84 0.003881010925397277
85 0.0038115340285003185
86 0.0037763339933007956
87 0.003836024785414338
88 0.0034456553403288126
89 0.003577551804482937
90 0.003996006678789854
91 0.0037870430387556553
92 0.0038947637658566236
93 0.004273735918104649
94 0.003958586603403091
95 0.00384915666654706
96 0.0040586041286587715
97 0.004099858459085226
98 0.003737016348168254
99 0.004199889954179525
100 0.003972342237830162
101 0.004029387142509222
102 0.0037602554075419903
103 0.004177202470600605
104 0.003837525611743331
105 0.003968880511820316
106 0.004001657012850046
107 0.004392537754029036
108 0.004284197930246592
109 0.004182287026196718
110 0.0042037926614284515
111 0.003851716872304678
112 0.003703909460455179
113 0.0040498399175703526
114 0.004189664497971535
115 0.003669582074508071
116 0.004159377887845039
117 0.003747921669855714
118 0.0033976961858570576
119 0.0038742588367313147
120 0.004152035806328058
121 0.003968184348195791
122 0.004523829557001591
123 0.003944245632737875
124 0.004160817246884108
125 0.0037816225085407495
126 0.004285559989511967
127 0.003857420291751623
128 0.0037530476693063974
129 0.00370729248970747
130 0.003755033714696765
131 0.003724025096744299
132 0.0038679512217640877
133 0.00434411596506834
134 0.003890438238158822
135 0.003406955860555172
136 0.004265736788511276
137 0.003995988983660936
138 0.0038079482037574053
139 0.003947554621845484
140 0.0038245145697146654
141 0.003461486427113414
142 0.003964063711464405
143 0.0035395268350839615
144 0.0035695096012204885
145 0.003956316038966179
146 0.004062710329890251
147 0.0037754960358142853
148 0.004038247279822826
149 0.0039894296787679195
150 0.004048167262226343
151 0.004002598579972982
152 0.0036529283970594406
153 0.003942667972296476
154 0.0038165797013789415
155 0.003598894225433469
156 0.0037890251260250807
157 0.0037007795181125402
158 0.003934725187718868
159 0.0037565475795418024
160 0.003648832906037569
161 0.003912472631782293
162 0.004537092987447977
163 0.003667965065687895
164 0.0037791412323713303
165 0.003850743407383561
166 0.004020205698907375
167 0.003952049650251865
168 0.003975974395871162
169 0.003972871694713831
170 0.0038590391632169485
171 0.003925323020666838
172 0.003741826396435499
173 0.0039080348797142506
174 0.003947896882891655
175 0.004014607984572649
176 0.004195576533675194
177 0.0038947556167840958
178 0.003484657732769847
179 0.0036070861387997866
180 0.003620852716267109
181 0.004064484033733606
182 0.004124254919588566
183 0.003914729692041874
184 0.0038329388480633497
185 0.004284637980163097
186 0.0036658456083387136
187 0.003624980105087161
188 0.003976528067141771
189 0.004035844001919031
190 0.003779264399781823
191 0.0038159082178026438
192 0.0038195198867470026
193 0.004113861825317144
194 0.004119067918509245
195 0.00424695061519742
196 0.004204620607197285
197 0.0037629439029842615
198 0.0040611764416098595
199 0.003911069594323635
200 0.003626605961471796
201 0.003742682281881571
202 0.0036974293179810047
203 0.003696967149153352
204 0.003646518336609006
205 0.003577254479750991
206 0.0035693689715117216
207 0.004013141617178917
208 0.0038649411872029305
209 0.00423755357041955
210 0.0036700917407870293
211 0.004172203596681356
212 0.0037167712580412626
213 0.00381045532412827
214 0.0042068837210536
215 0.003978399094194174
216 0.004025731235742569
217 0.0040420969016849995
218 0.003687362652271986
219 0.0037334314547479153
220 0.003917302470654249
221 0.003933066502213478
222 0.0036969666834920645
223 0.004138471558690071
224 0.0038280347362160683
225 0.004013397265225649
226 0.00394246494397521
227 0.0036618465092033148
228 0.003792192554101348
229 0.004269492346793413
230 0.0038380068726837635
231 0.004183297511190176
232 0.004244017880409956
233 0.003868861822411418
234 0.0037103842478245497
235 0.003810693509876728
236 0.0040811230428516865
237 0.003597436472773552
238 0.0037894612178206444
239 0.003953246865421534
240 0.004009203985333443
241 0.004022402223199606
242 0.003657593857496977
243 0.003483382286503911
244 0.0037671723403036594
245 0.004058680031448603
246 0.004165761172771454
247 0.00402374193072319
248 0.003913924563676119
249 0.0037512280978262424
250 0.0036599270533770323
251 0.003535209223628044
252 0.0039479234255850315
253 0.0036922863218933344
254 0.004088704474270344
255 0.003892048029229045
