0 0.0039541227743029594
1 0.0035032161977142096
2 0.003952362574636936
3 0.00405018450692296
4 0.004167088307440281
5 0.00379127636551857
6 0.0040117292664945126
7 0.00405708234757185
8 0.004025702364742756
9 0.0035700134467333555
10 0.0037839084398001432
11 0.0037133803125470877
12 0.003804117674008012
13 0.003922529984265566
14 0.003958416171371937
15 0.0041366382502019405
16 0.0040002185851335526
17 0.003763222834095359
18 0.003933302126824856
19 0.0037123742513358593
20 0.004103044979274273
21 0.004123029764741659
22 0.0037849051877856255
23 0.003860693657770753
24 0.004014535807073116
25 0.004108175169676542
26 0.003932653460651636
27 0.003745323745533824
28 0.00418999744579196
29 0.0038732856046408415
30 0.0040441942401230335
31 0.003718676744028926
32 0.0036046523600816727
33 0.0037989839911460876
34 0.0036065198946744204
35 0.004015080630779266
36 0.004127702210098505
37 0.003904398065060377
38 0.0039607747457921505
39 0.004404467064887285
40 0.003904195036739111
41 0.003419548738747835
42 0.003936116583645344
43 0.003764338558539748
44 0.003993633668869734
45 0.003827270120382309
46 0.004258319269865751
47 0.004482738208025694
48 0.004120250698179007
49 0.003655435983091593
50 0.00393617944791913
51 0.0035318699665367603
52 0.003952851053327322
53 0.003943177405744791
54 0.0039934865199029446
55 0.004218440968543291
56 0.003940797410905361
57 0.003730492200702429
58 0.0036761495284736156
59 0.00371526344679296
60 0.003929638769477606
61 0.0038421768695116043
62 0.003963774535804987
63 0.0036828757729381323
64 0.004043554421514273
65 0.003735753009095788
66 0.003980613779276609
67 0.003950740676373243
68 0.004022281151264906
69 0.004150244873017073
70 0.004083697218447924
71 0.003939539659768343
72 0.004014084115624428
73 0.0033591389656066895
74 0.003834119299426675
75 0.004171864595264196
76 0.0039192731492221355
77 0.003976329229772091
78 0.0038873262237757444
79 0.0036254888400435448
80 0.003806463675573468
81 0.003868232946842909
82 0.003811395261436701
83 0.003873999696224928
84 0.00393944326788187
85 0.003736051730811596
86 0.0037178939674049616
87 0.0037500548642128706
88 0.0035835655871778727
89 0.003793946234509349
90 0.004184151068329811
91 0.0037058359012007713
92 0.0040298644453287125
93 0.004290676210075617
94 0.0039051896892488003
95 0.0038645181339234114
96 0.003910418134182692
97 0.0042610312812030315
98 0.003974127117544413
99 0.0041061281226575375
100 0.003916203044354916
101 0.004109783563762903
102 0.003655344247817993
103 0.004047451075166464
104 0.0035832885187119246
105 0.004172255285084248
106 0.0037177668418735266
107 0.004371626768261194
108 0.004316593520343304
109 0.003916353452950716
110 0.004029164090752602
111 0.0039048590697348118
112 0.003962119575589895
113 0.00406394200399518
114 0.004060407634824514
115 0.003821875900030136
116 0.003877367591485381
117 0.0038240409921854734
118 0.003689453238621354
119 0.003978709690272808
120 0.003928199876099825
121 0.003904468845576048
122 0.004385483451187611
123 0.003846436971798539
124 0.0041211387142539024
125 0.003745618974789977
126 0.00427936902269721
127 0.004032394383102655
128 0.0034776069223880768
129 0.003800689009949565
130 0.003746641334146261
131 0.0036557847633957863
132 0.0038119349628686905
133 0.004136580508202314
134 0.0037894935812801123
135 0.0037165286485105753
136 0.004259954206645489
137 0.0038556386716663837
138 0.004201166797429323
139 0.004026401322335005
140 0.0035145555157214403
141 0.003580860560759902
142 0.003980232868343592
143 0.0037082566414028406
144 0.003485536901280284
145 0.0042604790069162846
146 0.0038562447298318148
147 0.00395906763151288
148 0.003958588931709528
149 0.00406200997531414
150 0.003916141577064991
151 0.004033778328448534
152 0.00392457889392972
153 0.0037611781153827906
154 0.0040201712399721146
155 0.0036431821063160896
156 0.003839585231617093
157 0.0036573654506355524
158 0.0041005234234035015
159 0.0036579216830432415
160 0.0036434459034353495
161 0.003681801725178957
162 0.004349838942289352
163 0.0034729563631117344
164 0.003926461562514305
165 0.0038467443082481623
166 0.003873300738632679
167 0.004051122348755598
168 0.004043544642627239
169 0.004125230945646763
170 0.0036031529307365417
171 0.003943561110645533
172 0.00343302427791059
173 0.0039027759339660406
174 0.0041315509006381035
175 0.004044657107442617
176 0.004244127310812473
177 0.0037274810019880533
178 0.003677221480756998
179 0.0036537805572152138
180 0.0038681563455611467
181 0.004117683507502079
182 0.004184891004115343
183 0.0037714450154453516
184 0.003819359466433525
185 0.004439039155840874
186 0.003482852363958955
187 0.003836011281237006
188 0.0038343120831996202
189 0.004027353599667549
190 0.0038757387083023787
191 0.003855448681861162
192 0.0038358380552381277
193 0.00391749432310462
194 0.00403671246021986
195 0.004428070969879627
196 0.004452526569366455
197 0.003839504672214389
198 0.0038723901379853487
199 0.0037931841798126698
200 0.0039005130529403687
201 0.0037969278637319803
202 0.004168929066509008
203 0.0038336855359375477
204 0.003806604538112879
205 0.00387889938428998
206 0.0038552123587578535
207 0.003911317326128483
208 0.004070840310305357
209 0.0038933278992772102
210 0.0036172049585729837
211 0.004136393778026104
212 0.0036167290527373552
213 0.003727320348843932
214 0.003932370338588953
215 0.004044044762849808
216 0.004117863718420267
217 0.004036754369735718
218 0.003776575904339552
219 0.0037977867759764194
220 0.0038607711903750896
221 0.004016874358057976
222 0.00369622721336782
223 0.0041418662294745445
224 0.0036512878723442554
225 0.003777882782742381
226 0.00402218708768487
227 0.003896885085850954
228 0.004092725925147533
229 0.0041537899523973465
230 0.0039466265588998795
231 0.004191509913653135
232 0.003814980387687683
233 0.0034505678340792656
234 0.00397056620568037
235 0.0037710980977863073
236 0.003908999264240265
237 0.003780083730816841
238 0.003744700690731406
239 0.004091798327863216
240 0.003988968674093485
241 0.004019764717668295
242 0.003987942822277546
243 0.0036666260566562414
244 0.0037478532176464796
245 0.0038677735719829798
246 0.0041940947994589806
247 0.00421098992228508
248 0.004075369331985712
249 0.003741384716704488
250 0.003739758860319853
251 0.0035199520643800497
252 0.003990176133811474
253 0.0038005560636520386
254 0.0036721539217978716
255 0.003593661356717348
