0 0.003912837244570255
1 0.0035298881120979786
2 0.0038870631251484156
3 0.004005285445600748
4 0.004204110708087683
5 0.0038157326634973288
6 0.003948099911212921
7 0.004016891121864319
8 0.003977371379733086
9 0.00376460631377995
10 0.004081433638930321
11 0.003816509386524558
12 0.0039385836571455
13 0.0036263540387153625
14 0.0039070481434464455
15 0.003833792172372341
16 0.004182327073067427
17 0.003694407409057021
18 0.0038056611083447933
19 0.00364075880497694
20 0.004039835184812546
21 0.004183368291705847
22 0.004000580869615078
23 0.003871218068525195
24 0.003702069167047739
25 0.0038978580851107836
26 0.0040198685601353645
27 0.003918491769582033
28 0.0041411821730434895
29 0.0038698867429047823
30 0.004354589618742466
31 0.0037960598710924387
32 0.0037887590005993843
33 0.0036057671532034874
34 0.0037700063548982143
35 0.004018652252852917
36 0.0038509629666805267
37 0.00395140191540122
38 0.0038253539241850376
39 0.004281905479729176
40 0.004179731942713261
41 0.003248369786888361
42 0.003928160294890404
43 0.0037576507311314344
44 0.0037662526592612267
45 0.003790956223383546
46 0.004533117171376944
47 0.004209092352539301
48 0.003802686929702759
49 0.003796458011493087
50 0.0042551555670797825
51 0.0037572658620774746
52 0.0038679440040141344
53 0.004087418783456087
54 0.0037785188760608435
55 0.004021173808723688
56 0.003993959166109562
57 0.003879114054143429
58 0.003767319256439805
59 0.003988989163190126
60 0.003835678333416581
61 0.0037903976626694202
62 0.004004630260169506
63 0.0037608370184898376
64 0.004142306745052338
65 0.0036196219734847546
66 0.003635609522461891
67 0.003917180001735687
68 0.003907026723027229
69 0.003995803650468588
70 0.004077007528394461
71 0.0037350545171648264
72 0.003888544859364629
73 0.003740195883437991
74 0.004042244050651789
75 0.00423938874155283
76 0.004071020055562258
77 0.0038250088691711426
78 0.0038207368925213814
79 0.003646869445219636
80 0.0038896393962204456
81 0.003994862083345652
82 0.0039823343977332115
83 0.0036975012626498938
84 0.0037961837369948626
85 0.0037033355329185724
86 0.0037897408474236727
87 0.00395781546831131
88 0.003605447942391038
89 0.00399332121014595
90 0.0038739668671041727
91 0.003990063443779945
92 0.004263665527105331
93 0.00425642030313611
94 0.0037400955334305763
95 0.00402152631431818
96 0.0039002951234579086
97 0.004239453934133053
98 0.003998573403805494
99 0.00383011344820261
100 0.0038817739114165306
101 0.004162559751421213
102 0.0038162032142281532
103 0.004063799977302551
104 0.003737499238923192
105 0.00406723702326417
106 0.003927052952349186
107 0.0044163926504552364
108 0.004204486962407827
109 0.003788393922150135
110 0.0037940472830086946
111 0.003859869670122862
112 0.0036938295233994722
113 0.00439576106145978
114 0.003928643185645342
115 0.003742216620594263
116 0.003912627696990967
117 0.004054160788655281
118 0.003492965828627348
119 0.003987404052168131
120 0.003945508040487766
121 0.004103678744286299
122 0.004243622068315744
123 0.003831090172752738
124 0.0041832407005131245
125 0.003875535447150469
126 0.004037846811115742
127 0.0038433687295764685
128 0.003713262965902686
129 0.0037703411653637886
130 0.0036023762077093124
131 0.003849106142297387
132 0.0037514101713895798
133 0.004145740531384945
134 0.0038819105830043554
135 0.0037104077637195587
136 0.004350659903138876
137 0.0037854593247175217
138 0.003994486294686794
139 0.0041489130817353725
140 0.003677358850836754
141 0.0037573028821498156
142 0.0038664082530885935
143 0.003723467467352748
144 0.0036177400033921003
145 0.004128236789256334
146 0.003931849263608456
147 0.0039229062385857105
148 0.0037759123370051384
149 0.003868423867970705
150 0.003929830621927977
151 0.0042313882149755955
152 0.003555275732651353
153 0.0038049877621233463
154 0.00387874199077487
155 0.0035370460245758295
156 0.0037349031772464514
157 0.003621218493208289
158 0.0041852788999676704
159 0.0038018019404262304
160 0.003582577221095562
161 0.0037081395275890827
162 0.004062633030116558
163 0.0036271833814680576
164 0.003826762782409787
165 0.0037205861881375313
166 0.0038910529110580683
167 0.003751005744561553
168 0.004337793681770563
169 0.004418695345520973
170 0.003625361481681466
171 0.0037975565064698458
172 0.003695625811815262
173 0.003930094186216593
174 0.0039059778209775686
175 0.004113303497433662
176 0.004231318365782499
177 0.003876517526805401
178 0.0034720106050372124
179 0.0036804790142923594
180 0.0036280008498579264
181 0.004226979799568653
182 0.003964024595916271
183 0.0038061526138335466
184 0.0040290323086082935
185 0.0042762975208461285
186 0.0036613817792385817
187 0.0037884681951254606
188 0.0037847342900931835
189 0.003747186390683055
190 0.0039148335345089436
191 0.0038864240050315857
192 0.004071987699717283
193 0.003987532574683428
194 0.004079537000507116
195 0.004393280483782291
196 0.004081642255187035
197 0.003518868936225772
198 0.0037718515377491713
199 0.004053471144288778
200 0.00393707724288106
201 0.003730572760105133
202 0.003892096458002925
203 0.0036884525325149298
204 0.003958991728723049
205 0.0035703936591744423
206 0.0035943668335676193
207 0.004156202543526888
208 0.004194912035018206
209 0.003937887027859688
210 0.00385326542891562
211 0.0040006330236792564
212 0.003393498482182622
213 0.003909947816282511
214 0.004183892626315355
215 0.0039403499104082584
216 0.004082405939698219
217 0.004369386471807957
218 0.0038745240308344364
219 0.00378823047503829
220 0.0038378634490072727
221 0.003923742566257715
222 0.0037547287065535784
223 0.00429293978959322
224 0.0036741001531481743
225 0.004096197430044413
226 0.003922696225345135
227 0.00361872767098248
228 0.004154922906309366
229 0.004193995147943497
230 0.003851630724966526
231 0.003969157580286264
232 0.00386429694481194
233 0.003724596695974469
234 0.003695206716656685
235 0.0036862995475530624
236 0.004011491313576698
237 0.0039104740135371685
238 0.0038681533187627792
239 0.004043822176754475
240 0.004109463654458523
241 0.004154823254793882
242 0.003819945966824889
243 0.0035607274621725082
244 0.003937980625778437
245 0.0037784669548273087
246 0.004140721634030342
247 0.004251301288604736
248 0.004108421038836241
249 0.004135195631533861
250 0.0037309201434254646
251 0.003590260399505496
252 0.0038065689150243998
253 0.003745902329683304
254 0.003905854420736432
255 0.0037945699878036976
