0 0.004021973814815283
1 0.003137169172987342
2 0.0036177090369164944
3 0.003839639248326421
4 0.004350301343947649
5 0.003690902376547456
6 0.0037786795292049646
7 0.004300375003367662
8 0.004302917513996363
9 0.0037198986392468214
10 0.0044390051625669
11 0.003810872556641698
12 0.003635416040197015
13 0.003894591936841607
14 0.003938141744583845
15 0.0038970003370195627
16 0.0037175887264311314
17 0.0036341827362775803
18 0.0037123640067875385
19 0.003697166219353676
20 0.004197975620627403
21 0.0040585556998848915
22 0.004164121113717556
23 0.003967144526541233
24 0.004156441893428564
25 0.004542938433587551
26 0.003914684057235718
27 0.004096492659300566
28 0.0038899015635252
29 0.004031657706946135
30 0.004401827231049538
31 0.003869645530357957
32 0.0036634805146604776
33 0.0035942289978265762
34 0.0036013955250382423
35 0.0037099032197147608
36 0.004224407020956278
37 0.0037597070913761854
38 0.00398499658331275
39 0.004446780309081078
40 0.0039999778382480145
41 0.0034534649457782507
42 0.004082628525793552
43 0.0037950638215988874
44 0.004013138823211193
45 0.003900481853634119
46 0.003930737264454365
47 0.004167493432760239
48 0.004002191126346588
49 0.003962621558457613
50 0.004105327185243368
51 0.004052810370922089
52 0.003729141317307949
53 0.0038257583510130644
54 0.003595387563109398
55 0.004180083516985178
56 0.0037694864440709352
57 0.003917478956282139
58 0.00379393738694489
59 0.0039012047927826643
60 0.0038396017625927925
61 0.0038547192234545946
62 0.004449518397450447
63 0.003762759268283844
64 0.0038872307632118464
65 0.00358028057962656
66 0.0036152410320937634
67 0.0036992079112678766
68 0.003772721393033862
69 0.003923853859305382
70 0.0042187185026705265
71 0.0037803584709763527
72 0.003725786693394184
73 0.00385463098064065
74 0.0038740348536521196
75 0.004604971036314964
76 0.004180300049483776
77 0.0038097132928669453
78 0.0038575518410652876
79 0.003972175531089306
80 0.0038537876680493355
81 0.004288954194635153
82 0.003925359807908535
83 0.003734771627932787
84 0.0037351734936237335
85 0.003743592416867614
86 0.003919064998626709
87 0.00413482403382659
88 0.0035435010213404894
89 0.0038412604480981827
90 0.0037754487711936235
91 0.0036934209056198597
92 0.003821969497948885
93 0.0043474300764501095
94 0.0037111020646989346
95 0.0038092583417892456
96 0.004004594404250383
97 0.003995395731180906
98 0.00356199499219656
99 0.004253344144672155
100 0.004006361123174429
101 0.004008178133517504
102 0.003889727871865034
103 0.004129394888877869
104 0.0038676823023706675
105 0.0041258628480136395
106 0.003621552139520645
107 0.004634281154721975
108 0.004067398142069578
109 0.003856590250506997
110 0.003926518838852644
111 0.0040706428699195385
112 0.003892849199473858
113 0.004280275199562311
114 0.004135278984904289
115 0.0036828923039138317
116 0.004247570410370827
117 0.003954839427024126
118 0.003554003778845072
119 0.003973545040935278
120 0.004267051350325346
121 0.004259858280420303
122 0.0045586503110826015
123 0.003751755692064762
124 0.0040819779969751835
125 0.00408188346773386
126 0.004239779431372881
127 0.004313761368393898
128 0.0038176553789526224
129 0.003427384654060006
130 0.0036375911440700293
131 0.0034921723417937756
132 0.003806058317422867
133 0.004401013255119324
134 0.0037535696756094694
135 0.00325751188211143
136 0.004354069475084543
137 0.0038034270983189344
138 0.004161955788731575
139 0.004012015648186207
140 0.003792201168835163
141 0.0036095373798161745
142 0.0037339685950428247
143 0.0036652591079473495
144 0.003456098260357976
145 0.004009217489510775
146 0.0037662829272449017
147 0.003978779539465904
148 0.003792988136410713
149 0.0037287166342139244
150 0.0037875634152442217
151 0.004166421480476856
152 0.003410534467548132
153 0.0037840157747268677
154 0.0036245514638721943
155 0.003551999805495143
156 0.003907238133251667
157 0.003754311241209507
158 0.004149995278567076
159 0.0036406817380338907
160 0.003818691475316882
161 0.003905307501554489
162 0.0041939751245081425
163 0.0036130149383097887
164 0.003721516113728285
165 0.0036919100675731897
166 0.003932781983166933
167 0.0037276148796081543
168 0.004246111959218979
169 0.004173098597675562
170 0.003872257424518466
171 0.003908752463757992
172 0.0034602496307343245
173 0.0037011001259088516
174 0.004086249507963657
175 0.0038879818748682737
176 0.004380097612738609
177 0.004019742365926504
178 0.0034954745788127184
179 0.003758044680580497
180 0.0034303097054362297
181 0.004216701723635197
182 0.0040009706281125546
183 0.003927687648683786
184 0.004066815599799156
185 0.0039959438145160675
186 0.003747956594452262
187 0.0038338424637913704
188 0.004120693076401949
189 0.0036724433302879333
190 0.003769351402297616
191 0.0037992435973137617
192 0.0038837133906781673
193 0.004243399947881699
194 0.0041830651462078094
195 0.0042717065662145615
196 0.004394163843244314
197 0.0036621680483222008
198 0.003997208084911108
199 0.003907917067408562
200 0.003582700854167342
201 0.003805057844147086
202 0.0038209231570363045
203 0.0038331085816025734
204 0.0036987082567065954
205 0.003766201436519623
206 0.0034656256902962923
207 0.004067132715135813
208 0.003921282012015581
209 0.004004575312137604
210 0.0037335206288844347
211 0.004069190472364426
212 0.003335184184834361
213 0.004006556700915098
214 0.003726294497027993
215 0.004249777644872665
216 0.004114948678761721
217 0.004099947400391102
218 0.003750604810193181
219 0.003423985093832016
220 0.0035543807316571474
221 0.0042905742302536964
222 0.0035114260390400887
223 0.004347842186689377
224 0.003675484098494053
225 0.004232954233884811
226 0.004012537654489279
227 0.003499588929116726
228 0.004106780979782343
229 0.004097429104149342
230 0.003802138613536954
231 0.00407036766409874
232 0.003894462715834379
233 0.0036823279224336147
234 0.003678906010463834
235 0.0035979286767542362
236 0.004081976134330034
237 0.003877067705616355
238 0.003892109962180257
239 0.0037838241551071405
240 0.003917548339813948
241 0.004129937384277582
242 0.0036776061169803143
243 0.003628817154094577
244 0.003897760296240449
245 0.004042009357362986
246 0.004628018941730261
247 0.004310591146349907
248 0.0038578130770474672
249 0.0037801172584295273
250 0.003561159363016486
251 0.0035975808277726173
252 0.00405880156904459
253 0.0037301313132047653
254 0.0041284034959971905
255 0.0039058008696883917
