0 0.004015583079308271
1 0.003533898154273629
2 0.0036873079370707273
3 0.0038114481139928102
4 0.004452794790267944
5 0.003980834968388081
6 0.004338451195508242
7 0.0039900499396026134
8 0.004153343848884106
9 0.0036080307327210903
10 0.004290717653930187
11 0.0037341746501624584
12 0.0036531768273562193
13 0.003907829988747835
14 0.00375929637812078
15 0.0038842333015054464
16 0.004120636265724897
17 0.0037344496231526136
18 0.0037399842403829098
19 0.003860579105094075
20 0.004180216696113348
21 0.004089858382940292
22 0.004072430077940226
23 0.003686393378302455
24 0.0038750641979277134
25 0.004134066868573427
26 0.004092611838132143
27 0.004019482526928186
28 0.0041952962055802345
29 0.004049166105687618
30 0.004190586972981691
31 0.003713036887347698
32 0.003766891546547413
33 0.003575095208361745
34 0.003524242900311947
35 0.003921037539839745
36 0.004166231025010347
37 0.0036991580855101347
38 0.004083659034222364
39 0.004237790126353502
40 0.004260736051946878
41 0.0033266907557845116
42 0.0038071449380367994
43 0.0039040723349899054
44 0.004145083017647266
45 0.0038683030288666487
46 0.004131658468395472
47 0.003949431236833334
48 0.0039012092165648937
49 0.003747142618522048
50 0.0041265953332185745
51 0.003579677315428853
52 0.003974541090428829
53 0.0037327581085264683
54 0.003862295998260379
55 0.004082091618329287
56 0.003935861401259899
57 0.0036166917998343706
58 0.003988172393292189
59 0.0037424080073833466
60 0.00398499658331275
61 0.003993694670498371
62 0.00430736830458045
63 0.0036205712240189314
64 0.003895506728440523
65 0.0037826281040906906
66 0.0040926458314061165
67 0.003893220564350486
68 0.0037969835102558136
69 0.004049963783472776
70 0.004418064374476671
71 0.004103161860257387
72 0.004061407875269651
73 0.0036029168404638767
74 0.003668439108878374
75 0.004349987953901291
76 0.0041508604772388935
77 0.0036593489348888397
78 0.003941782284528017
79 0.00378380692563951
80 0.0036951126530766487
81 0.004013060126453638
82 0.004120215307921171
83 0.0035240224096924067
84 0.003946997690945864
85 0.003735845210030675
86 0.003789386246353388
87 0.003857808653265238
88 0.00357814016751945
89 0.0038833762519061565
90 0.003996237646788359
91 0.0037321459967643023
92 0.004054555669426918
93 0.004152062814682722
94 0.003931848797947168
95 0.0037221696693450212
96 0.003913786727935076
97 0.004068343434482813
98 0.004034366924315691
99 0.004106115084141493
100 0.0038071691524237394
101 0.0041115679778158665
102 0.003952840808779001
103 0.004128477070480585
104 0.0037395430263131857
105 0.004406938329339027
106 0.0038223357405513525
107 0.004524412099272013
108 0.004339034669101238
109 0.0038862931542098522
110 0.003993116784840822
111 0.0038447899278253317
112 0.003646555822342634
113 0.00435711070895195
114 0.004085262306034565
115 0.0037799212150275707
116 0.0038554854691028595
117 0.004165112040936947
118 0.003573560155928135
119 0.003894989611580968
120 0.003926499746739864
121 0.0038902037777006626
122 0.004476187285035849
123 0.0038699244614690542
124 0.0041577997617423534
125 0.003978801425546408
126 0.004032572731375694
127 0.0037951997946947813
128 0.003597783390432596
129 0.003837949363514781
130 0.0036523279268294573
131 0.0035717603750526905
132 0.003863078076392412
133 0.004141981713473797
134 0.00387155101634562
135 0.0034646952990442514
136 0.004166569095104933
137 0.00396735779941082
138 0.004002620466053486
139 0.004017384722828865
140 0.003773354459553957
141 0.0035754162818193436
142 0.0037718936800956726
143 0.003832752350717783
144 0.0035843774676322937
145 0.004294876009225845
146 0.0038520749658346176
147 0.0038276470731943846
148 0.003904065117239952
149 0.003472608048468828
150 0.00402000593021512
151 0.004307866562157869
152 0.003475968958809972
153 0.003798261284828186
154 0.0037962147034704685
155 0.0036826853174716234
156 0.0038102788385003805
157 0.0037180937360972166
158 0.004029995296150446
159 0.0037507470697164536
160 0.0037635676562786102
161 0.0037876039277762175
162 0.004344080109149218
163 0.0038345290813595057
164 0.0038601018022745848
165 0.0038642145227640867
166 0.004282261710613966
167 0.003859470598399639
168 0.004109306260943413
169 0.003921411465853453
170 0.003595205722376704
171 0.003937986213713884
172 0.0037714247591793537
173 0.0034802425652742386
174 0.003834956092759967
175 0.003719507483765483
176 0.004427334759384394
177 0.003788529196754098
178 0.0034315246157348156
179 0.003938779234886169
180 0.00395429041236639
181 0.004342601168900728
182 0.003957617562264204
183 0.0038972978945821524
184 0.0038773652631789446
185 0.004307251423597336
186 0.0035634413361549377
187 0.003870192915201187
188 0.004044214729219675
189 0.003918697591871023
190 0.003890539985150099
191 0.0037002793978899717
192 0.003939846530556679
193 0.004079529549926519
194 0.004198070149868727
195 0.0041430178098380566
196 0.0040150233544409275
197 0.003527851076796651
198 0.004064139444380999
199 0.0037367125041782856
200 0.0036121977027505636
201 0.0036780384834855795
202 0.00397578626871109
203 0.0038858000189065933
204 0.003600082825869322
205 0.0037488762754946947
206 0.0036342982202768326
207 0.0038231967482715845
208 0.004146637860685587
209 0.004224217962473631
210 0.0035302434116601944
211 0.003921664319932461
212 0.0035566461738198996
213 0.0039912196807563305
214 0.004044262692332268
215 0.0038610834162682295
216 0.003871210152283311
217 0.0041810194961726665
218 0.0039993394166231155
219 0.0037119712214916945
220 0.004156079608947039
221 0.0038183475844562054
222 0.0036533416714519262
223 0.004076444543898106
224 0.003950139973312616
225 0.0038229282945394516
226 0.004055280704051256
227 0.0037545785307884216
228 0.00402086041867733
229 0.004282101523131132
230 0.0036441858392208815
231 0.004207783378660679
232 0.0038124467246234417
233 0.003927705343812704
234 0.0036167630460113287
235 0.0038155685178935528
236 0.0037919057067483664
237 0.003773408243432641
238 0.0036919445265084505
239 0.004192585125565529
240 0.0040419804863631725
241 0.00411119032651186
242 0.003834564471617341
243 0.0036740002688020468
244 0.0038955253548920155
245 0.003657229943200946
246 0.004220508970320225
247 0.004017921164631844
248 0.0038304401095956564
249 0.003937364090234041
250 0.0036830115132033825
251 0.003516963217407465
252 0.0038429945707321167
253 0.003574380651116371
254 0.00405165646225214
255 0.0037674212362617254
