0 0.003951367922127247
1 0.003409365890547633
2 0.0036005135625600815
3 0.0040884301997721195
4 0.004145897459238768
5 0.0037921087350696325
6 0.0039551821537315845
7 0.004129346460103989
8 0.004280877765268087
9 0.003388384124264121
10 0.0042641921900212765
11 0.0038641225546598434
12 0.003613859647884965
13 0.003957047592848539
14 0.003625391749665141
15 0.003731983946636319
16 0.004029843024909496
17 0.0036422412376850843
18 0.0037050165701657534
19 0.004115849733352661
20 0.0038554351776838303
21 0.004051650874316692
22 0.004134832415729761
23 0.003792758099734783
24 0.0040451413951814175
25 0.004000392276793718
26 0.003956201486289501
27 0.0039224522188305855
28 0.003948776517063379
29 0.003967705182731152
30 0.004207331221550703
31 0.00400477135553956
32 0.0035566447768360376
33 0.0035283295437693596
34 0.0036137320566922426
35 0.003908269107341766
36 0.004078669007867575
37 0.003578260075300932
38 0.003896076465025544
39 0.004298937041312456
40 0.004020786844193935
41 0.0034223354887217283
42 0.003788288915529847
43 0.003771308111026883
44 0.003847530111670494
45 0.0038524509873241186
46 0.004185209982097149
47 0.004148496780544519
48 0.003929066471755505
49 0.0038020038045942783
50 0.004043128807097673
51 0.003436280880123377
52 0.003964242059737444
53 0.0037762310821563005
54 0.00377362547442317
55 0.004177015740424395
56 0.004130146466195583
57 0.0038844577502459288
58 0.0036386302672326565
59 0.004004538990557194
60 0.003781454637646675
61 0.0037576621398329735
62 0.0043105208314955235
63 0.0038670727517455816
64 0.0037780036218464375
65 0.0036347880959510803
66 0.0038210288621485233
67 0.003796585602685809
68 0.00391803216189146
69 0.0041125621646642685
70 0.004438454285264015
71 0.003926248289644718
72 0.004047005902975798
73 0.00365428370423615
74 0.003739251522347331
75 0.004346730187535286
76 0.0042209625244140625
77 0.0038436625618487597
78 0.0037630212027579546
79 0.0040004923939704895
80 0.003739854320883751
81 0.0041067590937018394
82 0.003979778382927179
83 0.0037949378602206707
84 0.004051385913044214
85 0.003824916435405612
86 0.003973809536546469
87 0.0037693718913942575
88 0.0036703385412693024
89 0.0036037061363458633
90 0.004272785969078541
91 0.003777974285185337
92 0.003983724396675825
93 0.004061384592205286
94 0.003981501329690218
95 0.003824882674962282
96 0.00392641918733716
97 0.004375466611236334
98 0.0037454937119036913
99 0.004152416251599789
100 0.00395953981205821
101 0.004132742527872324
102 0.003674623090773821
103 0.00396353006362915
104 0.0038996844086796045
105 0.004078526981174946
106 0.003799120197072625
107 0.004531401675194502
108 0.004310226067900658
109 0.0039101592265069485
110 0.004008122254163027
111 0.003915627021342516
112 0.003557913936674595
113 0.004388387780636549
114 0.004074479918926954
115 0.0038142146077007055
116 0.0038876556791365147
117 0.004254485480487347
118 0.003727046772837639
119 0.0038002401124686003
120 0.004107867367565632
121 0.003975771367549896
122 0.004291440825909376
123 0.003880999516695738
124 0.0038691635709255934
125 0.004122542683035135
126 0.004318541847169399
127 0.003968005068600178
128 0.0038515522610396147
129 0.0036866820883005857
130 0.0037607995327562094
131 0.003835547948256135
132 0.003921459428966045
133 0.0042898086830973625
134 0.003734869183972478
135 0.0034768597688525915
136 0.004205890465527773
137 0.0037000668235123158
138 0.004097444005310535
139 0.004149091430008411
140 0.003793213050812483
141 0.0035465238615870476
142 0.0037757905665785074
143 0.0035827630199491978
144 0.0037811172660440207
145 0.004103718791157007
146 0.00403166189789772
147 0.003787251655012369
148 0.004043849650770426
149 0.003916091751307249
150 0.00391495693475008
151 0.004060590174049139
152 0.0034959595650434494
153 0.003785987850278616
154 0.003895304398611188
155 0.003589402185752988
156 0.003725378541275859
157 0.0036647659726440907
158 0.004048538859933615
159 0.003787994384765625
160 0.0037785875611007214
161 0.003763995599001646
162 0.0046352907083928585
163 0.0036882637068629265
164 0.0035988003946840763
165 0.004043618217110634
166 0.003992564044892788
167 0.0036863822024315596
168 0.004152670502662659
169 0.004360080696642399
170 0.003645491087809205
171 0.0037837927229702473
172 0.003742128610610962
173 0.0038010841235518456
174 0.004167972598224878
175 0.0037896449211984873
176 0.004153640009462833
177 0.0036837959196418524
178 0.0034329546615481377
179 0.003692353842779994
180 0.0038289695512503386
181 0.004427971784025431
182 0.004120339639484882
183 0.003944284748286009
184 0.004014804493635893
185 0.004158538766205311
186 0.0037266190629452467
187 0.004057079553604126
188 0.003896749345585704
189 0.003798541147261858
190 0.004224951844662428
191 0.003714513499289751
192 0.0036837325897067785
193 0.0038740518502891064
194 0.003964871168136597
195 0.004318980500102043
196 0.004219080321490765
197 0.0034653721377253532
198 0.003970799036324024
199 0.0037305066362023354
200 0.0036152941174805164
201 0.003678814508020878
202 0.0037556635215878487
203 0.003809081157669425
204 0.0036740268114954233
205 0.0037372345104813576
206 0.0036094780080020428
207 0.0038171650376170874
208 0.004032970406115055
209 0.004084499552845955
210 0.0038510363083332777
211 0.0042161280289292336
212 0.0038334273267537355
213 0.003956160508096218
214 0.004008295014500618
215 0.004082494415342808
216 0.003991244826465845
217 0.004114015493541956
218 0.003640321781858802
219 0.003944098483771086
220 0.003879697062075138
221 0.003781934967264533
222 0.003910209517925978
223 0.004178455099463463
224 0.003800847101956606
225 0.0038007788825780153
226 0.004119192250072956
227 0.0036996114067733288
228 0.004091642796993256
229 0.004071422386914492
230 0.003831715090200305
231 0.00421715434640646
232 0.004051782190799713
233 0.003859955118969083
234 0.003595133312046528
235 0.003825160674750805
236 0.003963048104196787
237 0.0037560323253273964
238 0.0037668070290237665
239 0.004223261494189501
240 0.004080263432115316
241 0.003943443298339844
242 0.003791347611695528
243 0.003662511706352234
244 0.0037011634558439255
245 0.00395339448004961
246 0.004210507497191429
247 0.003970619291067123
248 0.0036544539034366608
249 0.003976649604737759
250 0.003673912025988102
251 0.0036113013047724962
252 0.0039196317084133625
253 0.003459038445726037
254 0.00420861691236496
255 0.0037030878011137247
