0 0.00400805938988924
1 0.003365389769896865
2 0.003548380918800831
3 0.003996142651885748
4 0.004148256499320269
5 0.0037658964283764362
6 0.0039981817826628685
7 0.004119471181184053
8 0.004258016590029001
9 0.0034898703452199697
10 0.004108136054128408
11 0.0037637639325112104
12 0.00352433230727911
13 0.0040643541142344475
14 0.0037482602056115866
15 0.0038507883436977863
16 0.004017642233520746
17 0.003787170397117734
18 0.0038975090719759464
19 0.0039418963715434074
20 0.004043802618980408
21 0.004170667380094528
22 0.004043388180434704
23 0.003817808348685503
24 0.0037527428939938545
25 0.004007903393357992
26 0.003816865151748061
27 0.003924786578863859
28 0.003833658993244171
29 0.003947369754314423
30 0.004184305667877197
31 0.0038744499906897545
32 0.0036568741779774427
33 0.003552509006112814
34 0.003581488970667124
35 0.00395184988155961
36 0.004061733838170767
37 0.0035898236092180014
38 0.003853255184367299
39 0.00416261563077569
40 0.004087214358150959
41 0.003472153563052416
42 0.0037399122957140207
43 0.003993133548647165
44 0.003958241548389196
45 0.003955180291086435
46 0.004228801466524601
47 0.004297732375562191
48 0.004059094004333019
49 0.00372731639072299
50 0.004188183229416609
51 0.0035354928113520145
52 0.004061399959027767
53 0.0036052134819328785
54 0.003846917999908328
55 0.004241901449859142
56 0.004222021903842688
57 0.003894324414432049
58 0.0036845372524112463
59 0.0038841229397803545
60 0.003523772582411766
61 0.0038884691894054413
62 0.004271433688700199
63 0.0037401795852929354
64 0.003926916979253292
65 0.0037166147958487272
66 0.0038114420603960752
67 0.0038904305547475815
68 0.0036219325847923756
69 0.004114234820008278
70 0.004286162555217743
71 0.003703357418999076
72 0.0038029791321605444
73 0.0038935751654207706
74 0.003773435717448592
75 0.004266718402504921
76 0.0038527378346771
77 0.0037748091854155064
78 0.003810739144682884
79 0.0037019560113549232
80 0.003684879280626774
81 0.0042578899301588535
82 0.00392932677641511
83 0.003597930306568742
84 0.00405795918777585
85 0.0039719571359455585
86 0.003921362105756998
87 0.003835292300209403
88 0.0033690533600747585
89 0.003565656952559948
90 0.0042148008942604065
91 0.003906149184331298
92 0.003928693477064371
93 0.004201054107397795
94 0.0037154913879930973
95 0.003667264711111784
96 0.0038468861021101475
97 0.00420138007029891
98 0.003595053916797042
99 0.0042343526147305965
100 0.004095595329999924
101 0.004159999080002308
102 0.0038166604936122894
103 0.0039626541547477245
104 0.0038556905928999186
105 0.004037854261696339
106 0.003864800091832876
107 0.004530787467956543
108 0.004133957903832197
109 0.003965513315051794
110 0.004038617014884949
111 0.003785020438954234
112 0.0037045611534267664
113 0.004330270458012819
114 0.004039552994072437
115 0.003935019485652447
116 0.003945311531424522
117 0.003833943046629429
118 0.003599443007260561
119 0.00394822470843792
120 0.0038383330684155226
121 0.0042772009037435055
122 0.004346631001681089
123 0.003709523705765605
124 0.004217344336211681
125 0.003909307532012463
126 0.004301374312490225
127 0.0038423084188252687
128 0.0037347539328038692
129 0.0034247487783432007
130 0.003561451332643628
131 0.003798039397224784
132 0.004093663766980171
133 0.004239179193973541
134 0.003998622763901949
135 0.003578315954655409
136 0.004477916285395622
137 0.0038453093729913235
138 0.003936698194593191
139 0.0038992618210613728
140 0.0038177461829036474
141 0.003638718044385314
142 0.004096977412700653
143 0.003869501641020179
144 0.003579257521778345
145 0.0041476027108728886
146 0.003955050837248564
147 0.003953315317630768
148 0.004300699569284916
149 0.004071833565831184
150 0.003934993874281645
151 0.0042053647339344025
152 0.003620038740336895
153 0.003804608015343547
154 0.0038687775377184153
155 0.0035036278422921896
156 0.0038718213327229023
157 0.003601699834689498
158 0.003966341260820627
159 0.003762370441108942
160 0.003792263800278306
161 0.0036339466460049152
162 0.004174123052507639
163 0.0036665224470198154
164 0.0036165090277791023
165 0.003945549018681049
166 0.004027663264423609
167 0.0038347814697772264
168 0.004198544193059206
169 0.004032691940665245
170 0.003940250724554062
171 0.003894859692081809
172 0.0037504183128476143
173 0.00369609659537673
174 0.004072399809956551
175 0.0038558351807296276
176 0.003992511425167322
177 0.0038994618225842714
178 0.0037163763772696257
179 0.0036286700051277876
180 0.0037171519361436367
181 0.004219344817101955
182 0.004027292598038912
183 0.0038985239807516336
184 0.003826696425676346
185 0.004136448260396719
186 0.0034410643856972456
187 0.003965951502323151
188 0.0040033115074038506
189 0.003933321684598923
190 0.004018975887447596
191 0.003869593609124422
192 0.0038859823253005743
193 0.004084398504346609
194 0.00424914201721549
195 0.004133440554141998
196 0.0043881554156541824
197 0.0036215849686414003
198 0.0038545511197298765
199 0.0038815895095467567
200 0.0037121730856597424
201 0.003971701953560114
202 0.003931613173335791
203 0.0039007661398500204
204 0.003783269552513957
205 0.003693080972880125
206 0.003735543228685856
207 0.004121766425669193
208 0.0038399931509047747
209 0.004020133055746555
210 0.0035778821911662817
211 0.004122795071452856
212 0.0036041932180523872
213 0.0036276779137551785
214 0.003973348066210747
215 0.0041889469139277935
216 0.0039020876865833998
217 0.003919884096831083
218 0.0038221220020204782
219 0.003739727661013603
220 0.0038475252222269773
221 0.003977536223828793
222 0.0038820100016891956
223 0.0043653883039951324
224 0.003720986656844616
225 0.0039452798664569855
226 0.004093564581125975
227 0.0039572990499436855
228 0.004188252612948418
229 0.004149023909121752
230 0.0039275819435715675
231 0.004242497030645609
232 0.00386786344461143
233 0.0036346386186778545
234 0.0036410116590559483
235 0.003729872638359666
236 0.003972336649894714
237 0.0036746913101524115
238 0.0036337522324174643
239 0.004204243421554565
240 0.003923758398741484
241 0.004133555572479963
242 0.0038676580879837275
243 0.0037489538080990314
244 0.003897856455296278
245 0.0037480436731129885
246 0.004067947156727314
247 0.004221298266202211
248 0.003931161481887102
249 0.003784883301705122
250 0.0037468939553946257
251 0.0035659316927194595
252 0.004193073604255915
253 0.0036121313460171223
254 0.004216608591377735
255 0.0037997642066329718
