0 0.0038367733359336853
1 0.0034268859308212996
2 0.0038584608118981123
3 0.0038090969901531935
4 0.004007226321846247
5 0.0037689399905502796
6 0.003990004770457745
7 0.003947703633457422
8 0.00405700970441103
9 0.0036201216280460358
10 0.004116632044315338
11 0.003966846968978643
12 0.0036954334937036037
13 0.0038930189330130816
14 0.0038321150932461023
15 0.003649746533483267
16 0.004005073104053736
17 0.003890690393745899
18 0.0038524519186466932
19 0.0038624447770416737
20 0.004239476285874844
21 0.004110488574951887
22 0.003954225219786167
23 0.00357604818418622
24 0.003948320634663105
25 0.004156293347477913
26 0.004185907542705536
27 0.003980105742812157
28 0.004060725681483746
29 0.003826063359156251
30 0.004164558835327625
31 0.0039020630065351725
32 0.003786482848227024
33 0.003837672295048833
34 0.0037527065724134445
35 0.0038807860109955072
36 0.004038477782160044
37 0.0038637432735413313
38 0.004064536187797785
39 0.003997404593974352
40 0.004068363457918167
41 0.003553839400410652
42 0.003925624303519726
43 0.0036215356085449457
44 0.0038050184957683086
45 0.003935378044843674
46 0.004397458862513304
47 0.003978776279836893
48 0.0039042052812874317
49 0.00380419148132205
50 0.0040408289059996605
51 0.0035649179480969906
52 0.004028331954032183
53 0.003846005303785205
54 0.0038401049096137285
55 0.004026439506560564
56 0.004187272395938635
57 0.003738926025107503
58 0.003727398347109556
59 0.003955713473260403
60 0.003915536217391491
61 0.004095050040632486
62 0.0043311635963618755
63 0.0037553966976702213
64 0.003743089037016034
65 0.003970609977841377
66 0.003704559523612261
67 0.003840309102088213
68 0.0037412347737699747
69 0.004098366480320692
70 0.0042358823120594025
71 0.0040015652775764465
72 0.00401344895362854
73 0.0036520056892186403
74 0.0038992364425212145
75 0.004190478939563036
76 0.004006254952400923
77 0.0038157866802066565
78 0.003925984259694815
79 0.0037862469907850027
80 0.003743889508768916
81 0.003949995152652264
82 0.003753259312361479
83 0.0037316407542675734
84 0.004143433179706335
85 0.003934310749173164
86 0.003840669058263302
87 0.0038898864295333624
88 0.0038262461312115192
89 0.003652706043794751
90 0.004173867404460907
91 0.004336774814873934
92 0.004201393108814955
93 0.0041012088768184185
94 0.0037160550709813833
95 0.0037520728074014187
96 0.003866654122248292
97 0.004022348206490278
98 0.0038087586872279644
99 0.004016282502561808
100 0.003958352375775576
101 0.004053550306707621
102 0.003713090205565095
103 0.004258581902831793
104 0.0037754119839519262
105 0.003997657913714647
106 0.0037156364414840937
107 0.004352095536887646
108 0.004235131666064262
109 0.003956233616918325
110 0.003894851077347994
111 0.003923023119568825
112 0.003786373883485794
113 0.004233562853187323
114 0.0039725941605865955
115 0.0038439480122178793
116 0.0039251563139259815
117 0.0038353188429027796
118 0.003544327337294817
119 0.0038800123147666454
120 0.004116577096283436
121 0.004062363877892494
122 0.004356981720775366
123 0.003940478432923555
124 0.0040920693427324295
125 0.0038529231678694487
126 0.004146303981542587
127 0.003796396777033806
128 0.0038089207373559475
129 0.0035054655745625496
130 0.003613670589402318
131 0.003612514352425933
132 0.004026954993605614
133 0.004158163443207741
134 0.003772800089791417
135 0.0035228964406996965
136 0.004221945069730282
137 0.0038186940364539623
138 0.003901385935023427
139 0.003934514243155718
140 0.0038239448331296444
141 0.003558132331818342
142 0.003944766707718372
143 0.0037192453164607286
144 0.0034419603180140257
145 0.0041960421949625015
146 0.0038993165362626314
147 0.003924332559108734
148 0.003704560687765479
149 0.003948782570660114
150 0.004107002168893814
151 0.004190749954432249
152 0.0036991010420024395
153 0.0041352082043886185
154 0.0037822111044079065
155 0.003641166491433978
156 0.0036329710856080055
157 0.0034399160649627447
158 0.0038523830007761717
159 0.003913708496838808
160 0.0035626250319182873
161 0.003928200341761112
162 0.0042532579973340034
163 0.003609338542446494
164 0.0038927686400711536
165 0.003863863879814744
166 0.003971927799284458
167 0.0037600703071802855
168 0.00418360810726881
169 0.004011424724012613
170 0.003623679978772998
171 0.0038183785509318113
172 0.003554900409653783
173 0.003705444512888789
174 0.003806483466178179
175 0.004146607592701912
176 0.004157735034823418
177 0.003790153656154871
178 0.0036103876773267984
179 0.003767838701605797
180 0.0038638394325971603
181 0.0043183607049286366
182 0.004092028830200434
183 0.003971387632191181
184 0.003817821852862835
185 0.0038986436557024717
186 0.0037129996344447136
187 0.0038023015949875116
188 0.0038815774023532867
189 0.004107458516955376
190 0.004012531600892544
191 0.003665374591946602
192 0.003999519627541304
193 0.0039025915320962667
194 0.004247630946338177
195 0.004055339377373457
196 0.004186462610960007
197 0.003748140996322036
198 0.0039576077833771706
199 0.004064397886395454
200 0.003806384513154626
201 0.004236855078488588
202 0.003907871898263693
203 0.003833264112472534
204 0.003820230485871434
205 0.003674800507724285
206 0.00371380802243948
207 0.003724566660821438
208 0.004050675313919783
209 0.0039229560643434525
210 0.0035141906701028347
211 0.004016358405351639
212 0.003887530881911516
213 0.003909173421561718
214 0.004191923420876265
215 0.003851086599752307
216 0.004126491025090218
217 0.003987510688602924
218 0.0038657637778669596
219 0.0037652337923645973
220 0.0038821895141154528
221 0.003953838255256414
222 0.003928242716938257
223 0.0042233834974467754
224 0.0038895823527127504
225 0.0038994436617940664
226 0.004176038317382336
227 0.0035479911603033543
228 0.003976419568061829
229 0.004194395150989294
230 0.0037706310395151377
231 0.004139128141105175
232 0.003903493518009782
233 0.003960042260587215
234 0.003786790184676647
235 0.003823213977739215
236 0.0039495015516877174
237 0.0038686522748321295
238 0.0036293757148087025
239 0.00400863541290164
240 0.004000456538051367
241 0.004091402515769005
242 0.0038435221649706364
243 0.003573434893041849
244 0.004016058519482613
245 0.003728861454874277
246 0.004534816835075617
247 0.004128137603402138
248 0.0038963088300079107
249 0.003933800850063562
250 0.003604757133871317
251 0.0036142508033663034
252 0.0037705269642174244
253 0.003740355372428894
254 0.0038255101535469294
255 0.003836246207356453
