0 0.003861255245283246
1 0.003341138595715165
2 0.003920900635421276
3 0.003737733932211995
4 0.00428149476647377
5 0.004034418147057295
6 0.003998928237706423
7 0.0040809400379657745
8 0.004076014738529921
9 0.003406552830711007
10 0.0039140162989497185
11 0.004006081260740757
12 0.003920756280422211
13 0.0038762970361858606
14 0.0040814634412527084
15 0.004051588475704193
16 0.003777665551751852
17 0.00386277143843472
18 0.0038716804701834917
19 0.0037416096311062574
20 0.004299487452954054
21 0.0040885694324970245
22 0.003920379094779491
23 0.0037848870269954205
24 0.0038338853046298027
25 0.0042676678858697414
26 0.0038835816085338593
27 0.003976527601480484
28 0.00413895957171917
29 0.003852695692330599
30 0.003949069418013096
31 0.003600211814045906
32 0.0037182513624429703
33 0.003435567021369934
34 0.0037843871396034956
35 0.0039064581505954266
36 0.0039837597869336605
37 0.003990038763731718
38 0.0040189726278185844
39 0.004312237724661827
40 0.004115324467420578
41 0.003547465894371271
42 0.0038312270771712065
43 0.003930315375328064
44 0.0037441051099449396
45 0.003756118007004261
46 0.004454520996659994
47 0.004151694010943174
48 0.004191983956843615
49 0.003735816804692149
50 0.004182189702987671
51 0.003586133476346731
52 0.003923438023775816
53 0.0036703383084386587
54 0.004020788706839085
55 0.004231650847941637
56 0.0041477251797914505
57 0.0037781847640872
58 0.003992267418652773
59 0.0036983764730393887
60 0.003920716233551502
61 0.0038363069761544466
62 0.00406333664432168
63 0.003658731933683157
64 0.003941385541111231
65 0.003994295839220285
66 0.003936159424483776
67 0.0037700317334383726
68 0.00383284711278975
69 0.004126886837184429
70 0.004083330277353525
71 0.004040864296257496
72 0.003785385750234127
73 0.003748537041246891
74 0.003861735574901104
75 0.004182244651019573
76 0.003726743860170245
77 0.003842243691906333
78 0.003790752962231636
79 0.003783934284001589
80 0.0038624361623078585
81 0.00406325189396739
82 0.0036850087344646454
83 0.0035548352170735598
84 0.004188512917608023
85 0.003726192517206073
86 0.0037048563826829195
87 0.0039006690494716167
88 0.0035965454299002886
89 0.0038305053021758795
90 0.0038699323777109385
91 0.004029440227895975
92 0.0038062294479459524
93 0.004300078842788935
94 0.0038340080063790083
95 0.0040533822029829025
96 0.0039178235456347466
97 0.004245385993272066
98 0.003743026638403535
99 0.003936423920094967
100 0.00382252992130816
101 0.0039740512147545815
102 0.003720819018781185
103 0.004284367430955172
104 0.003913142718374729
105 0.0042340983636677265
106 0.003696725470945239
107 0.004242696799337864
108 0.004228055942803621
109 0.0037181831430643797
110 0.0040120636112987995
111 0.003921186085790396
112 0.003835479961708188
113 0.004287050571292639
114 0.004127068445086479
115 0.00399972265586257
116 0.003778796410188079
117 0.003918235655874014
118 0.0037409027572721243
119 0.003930273931473494
120 0.003997699357569218
121 0.004021981731057167
122 0.004370353650301695
123 0.003970186226069927
124 0.004228143487125635
125 0.003867293708026409
126 0.00436848821118474
127 0.003942398354411125
128 0.0034825375769287348
129 0.0038026352412998676
130 0.003790950868278742
131 0.003664265852421522
132 0.00407292740419507
133 0.004053312353789806
134 0.003868727944791317
135 0.0035975014325231314
136 0.0040859621949493885
137 0.0038051153533160686
138 0.003962006885558367
139 0.0038300398737192154
140 0.003822194878011942
141 0.003531410824507475
142 0.0037694100756198168
143 0.003937880974262953
144 0.0034468004014343023
145 0.004209789913147688
146 0.003932585474103689
147 0.0038719596341252327
148 0.0036966789048165083
149 0.003900028532370925
150 0.003940161783248186
151 0.00409284234046936
152 0.003502322593703866
153 0.003974021878093481
154 0.0037612931337207556
155 0.0035724896006286144
156 0.004121821373701096
157 0.003669224912300706
158 0.003929716534912586
159 0.003770440351217985
160 0.00374928442761302
161 0.0037488993257284164
162 0.004388421308249235
163 0.0036102612502872944
164 0.003973454236984253
165 0.0038488321006298065
166 0.003859276417642832
167 0.004053303971886635
168 0.004244418814778328
169 0.0042126914486289024
170 0.0036981916055083275
171 0.003760154126212001
172 0.003528476459905505
173 0.003691616002470255
174 0.003765298519283533
175 0.0040866839699447155
176 0.004237174987792969
177 0.0038500602822750807
178 0.0034303327556699514
179 0.0038179648108780384
180 0.0037521845661103725
181 0.004261883907020092
182 0.003945003263652325
183 0.004091430921107531
184 0.003908252809196711
185 0.004048915579915047
186 0.0037122825160622597
187 0.003895122092217207
188 0.003978831227868795
189 0.003852592082694173
190 0.0039016527589410543
191 0.003501150058582425
192 0.0038807657547295094
193 0.003879679599776864
194 0.004000745713710785
195 0.004146374296396971
196 0.004468731116503477
197 0.003650309983640909
198 0.0037428485229611397
199 0.0038120122626423836
200 0.004119847435504198
201 0.003843734972178936
202 0.004114910028874874
203 0.0038040890358388424
204 0.004081916995346546
205 0.0036964770406484604
206 0.0037824020255357027
207 0.004123815800994635
208 0.0038507068529725075
209 0.004140934906899929
210 0.003717226441949606
211 0.004115722607821226
212 0.0036363936960697174
213 0.0038068080320954323
214 0.004168514162302017
215 0.004062861669808626
216 0.004236946348100901
217 0.004120464436709881
218 0.0037058612797409296
219 0.003471387317404151
220 0.0038420683704316616
221 0.004305023699998856
222 0.003709691809490323
223 0.004468109924346209
224 0.0039376807399094105
225 0.003979021683335304
226 0.0039939312264323235
227 0.0036334951873868704
228 0.004060458391904831
229 0.004234657622873783
230 0.003711933037266135
231 0.004106537904590368
232 0.003832753747701645
233 0.0036048199981451035
234 0.003785261884331703
235 0.003710732562467456
236 0.00413110526278615
237 0.0036493856459856033
238 0.003665145020931959
239 0.004295757506042719
240 0.004011597018688917
241 0.003684350987896323
242 0.004048663657158613
243 0.003678524401038885
244 0.0036067343316972256
245 0.003522987477481365
246 0.004194102715700865
247 0.004261326510459185
248 0.004226125311106443
249 0.0038784160278737545
250 0.0036262304056435823
251 0.0036235512234270573
252 0.003644100856035948
253 0.0037378203123807907
254 0.003754872363060713
255 0.0035818361211568117
