0 0.0039014038629829884
1 0.0034999812487512827
2 0.003847045823931694
3 0.0038545294664800167
4 0.003814997151494026
5 0.0038711009547114372
6 0.003872702596709132
7 0.004023367073386908
8 0.003948131576180458
9 0.0034196956548839808
10 0.003920834511518478
11 0.003788917325437069
12 0.003845938015729189
13 0.0037560854107141495
14 0.004134910646826029
15 0.003948102239519358
16 0.0038799552712589502
17 0.0037968745455145836
18 0.003666190430521965
19 0.0038645293097943068
20 0.0040418002754449844
21 0.0040997834876179695
22 0.00403149239718914
23 0.003932892810553312
24 0.00395869230851531
25 0.0040382687002420425
26 0.004050169140100479
27 0.003903947537764907
28 0.003881777636706829
29 0.0037546653766185045
30 0.004149762447923422
31 0.004015153739601374
32 0.0036991192027926445
33 0.003684418508782983
34 0.0036651112604886293
35 0.003890657564625144
36 0.0039231665432453156
37 0.003684109775349498
38 0.003918702248483896
39 0.00406454224139452
40 0.003842910286039114
41 0.00348848570138216
42 0.00384728517383337
43 0.0038893469609320164
44 0.003946542739868164
45 0.0038627947214990854
46 0.004370440728962421
47 0.004216458182781935
48 0.003870305372402072
49 0.003819460980594158
50 0.004068451002240181
51 0.0035628201439976692
52 0.004111009184271097
53 0.003950237762182951
54 0.0041618868708610535
55 0.0039842259138822556
56 0.004051292315125465
57 0.0038029979914426804
58 0.00398822920396924
59 0.003954804036766291
60 0.003822141559794545
61 0.004007371142506599
62 0.004016811028122902
63 0.0037714396603405476
64 0.004054532386362553
65 0.0038094285409897566
66 0.003801953513175249
67 0.003781832754611969
68 0.003961506765335798
69 0.004306328017264605
70 0.0039664763025939465
71 0.003907300066202879
72 0.0039184680208563805
73 0.0038195811212062836
74 0.0038972594775259495
75 0.0043857465498149395
76 0.003963654860854149
77 0.0038736104033887386
78 0.003833088092505932
79 0.0037666724529117346
80 0.0038416720926761627
81 0.003938294481486082
82 0.0038295721169561148
83 0.0035755287390202284
84 0.004321567714214325
85 0.003699317341670394
86 0.003827739041298628
87 0.0038166369777172804
88 0.003644712269306183
89 0.0039015901274979115
90 0.004095481242984533
91 0.0041586859151721
92 0.0038911043666303158
93 0.004034461919218302
94 0.0037912435363978148
95 0.0038026098627597094
96 0.004219729453325272
97 0.004290784243494272
98 0.003872849512845278
99 0.004067717120051384
100 0.0038248004857450724
101 0.004214897286146879
102 0.0036593612749129534
103 0.0041840942576527596
104 0.0038277343846857548
105 0.004055020399391651
106 0.0037232113536447287
107 0.004273909609764814
108 0.00417410908266902
109 0.004049068782478571
110 0.003765437053516507
111 0.00392940454185009
112 0.004026404116302729
113 0.004297378472983837
114 0.0038423947989940643
115 0.003808537032455206
116 0.003887457074597478
117 0.0040605319663882256
118 0.003771612187847495
119 0.0039045815356075764
120 0.004082718398422003
121 0.004167660605162382
122 0.004243005532771349
123 0.0037645180709660053
124 0.004241168964654207
125 0.0036639312747865915
126 0.004392092116177082
127 0.004031776916235685
128 0.0035545146092772484
129 0.003680112538859248
130 0.0036193598061800003
131 0.003693640697747469
132 0.0038574731443077326
133 0.004273021128028631
134 0.003912576008588076
135 0.003651136066764593
136 0.0043705846183001995
137 0.0038455601315945387
138 0.00407444080337882
139 0.003839983372017741
140 0.0036864804569631815
141 0.003742220811545849
142 0.003875823924317956
143 0.003705712268128991
144 0.0035718076396733522
145 0.0040506599470973015
146 0.0038280149456113577
147 0.0038794963620603085
148 0.0038946608547121286
149 0.003952356055378914
150 0.0038819436449557543
151 0.004080547485500574
152 0.0035678374115377665
153 0.003840356832370162
154 0.0038453948218375444
155 0.0034549992997199297
156 0.003747332375496626
157 0.003593821544200182
158 0.00414199847728014
159 0.003923508338630199
160 0.003775699995458126
161 0.0037312766071408987
162 0.004283014684915543
163 0.0036188047379255295
164 0.00372422207146883
165 0.003986102994531393
166 0.004073426127433777
167 0.0038379039615392685
168 0.004244585055857897
169 0.004198641516268253
170 0.003850441426038742
171 0.003652310697361827
172 0.0036842443514615297
173 0.0038947833236306906
174 0.0041414485312998295
175 0.004185761325061321
176 0.003968469332903624
177 0.0037438292056322098
178 0.0033240532502532005
179 0.003863769117742777
180 0.0037380883004516363
181 0.004305649548768997
182 0.003952456638216972
183 0.004027621354907751
184 0.004055555444210768
185 0.004050449933856726
186 0.003675774671137333
187 0.003977364860475063
188 0.003716129343956709
189 0.0037907653022557497
190 0.003793686395511031
191 0.003880992764607072
192 0.003724966663867235
193 0.004085360560566187
194 0.004107759799808264
195 0.00438674446195364
196 0.004191224928945303
197 0.0037391744554042816
198 0.003918718546628952
199 0.0037856849376112223
200 0.003760035615414381
201 0.0038728041108697653
202 0.003979452420026064
203 0.0035873788874596357
204 0.003958437126129866
205 0.003615366527810693
206 0.003576106857508421
207 0.003902286058291793
208 0.0038934489712119102
209 0.004033033736050129
210 0.0038258773274719715
211 0.004151796922087669
212 0.0036020742263644934
213 0.0037931078113615513
214 0.004070861730724573
215 0.004168056882917881
216 0.004103409592062235
217 0.0041374764405190945
218 0.003829388413578272
219 0.003674538806080818
220 0.003932170569896698
221 0.003954956773668528
222 0.0038946170825511217
223 0.004397145938128233
224 0.003926384262740612
225 0.003829001449048519
226 0.003881138516589999
227 0.0037627010606229305
228 0.004028589930385351
229 0.004065362736582756
230 0.003880456555634737
231 0.0042355782352387905
232 0.0038426427636295557
233 0.003547543426975608
234 0.003768033115193248
235 0.003750726580619812
236 0.003977005369961262
237 0.0037564444355666637
238 0.0037601024378091097
239 0.004186483100056648
240 0.004285778850317001
241 0.004041027743369341
242 0.0038750593084841967
243 0.0037429602816700935
244 0.0037234213668853045
245 0.003965535666793585
246 0.003998139873147011
247 0.004159728996455669
248 0.0038202020805329084
249 0.003956543281674385
250 0.0036087599582970142
251 0.0036454766523092985
252 0.0037734375800937414
253 0.003650127677246928
254 0.003834717907011509
255 0.003695870516821742
