0 0.004063656087964773
1 0.0033312791492789984
2 0.003888936247676611
3 0.0039361086674034595
4 0.0043525067158043385
5 0.003938694484531879
6 0.004087946377694607
7 0.0038469419814646244
8 0.004218613263219595
9 0.0035632026847451925
10 0.0040527209639549255
11 0.0037947585806250572
12 0.003582708304747939
13 0.003804558888077736
14 0.003660680493339896
15 0.004099488724023104
16 0.00406555226072669
17 0.00397534528747201
18 0.0038860533386468887
19 0.003967927768826485
20 0.004240446723997593
21 0.0041989353485405445
22 0.003933069296181202
23 0.00378753081895411
24 0.0038420455530285835
25 0.0039001889526844025
26 0.0040473779663443565
27 0.004173011519014835
28 0.004077347461134195
29 0.004054679535329342
30 0.004119977355003357
31 0.0037645457778126
32 0.0036346844863146544
33 0.0036458317190408707
34 0.003438964020460844
35 0.003955472260713577
36 0.0042590126395225525
37 0.003473450895398855
38 0.0039548915810883045
39 0.004147743806242943
40 0.004160584881901741
41 0.0033303757663816214
42 0.003638834459707141
43 0.0037656109780073166
44 0.004054351709783077
45 0.003946348559111357
46 0.004078341647982597
47 0.004036914557218552
48 0.003908099606633186
49 0.003695904277265072
50 0.003876390401273966
51 0.0032555561047047377
52 0.0042000701650977135
53 0.0038410359993577003
54 0.003934115637093782
55 0.0040663545951247215
56 0.004029994830489159
57 0.0036751546431332827
58 0.0037839976139366627
59 0.0038229820784181356
60 0.003818774363026023
61 0.004157147835940123
62 0.004389280453324318
63 0.003816242329776287
64 0.0038861827924847603
65 0.003951678983867168
66 0.003928982187062502
67 0.0039024045690894127
68 0.003778354497626424
69 0.0041290950030088425
70 0.0040045748464763165
71 0.00417843833565712
72 0.0041031260043382645
73 0.003647941630333662
74 0.0036711834836751223
75 0.004419174510985613
76 0.0038347363006323576
77 0.003824937855824828
78 0.00406345771625638
79 0.0037043276242911816
80 0.0034705461002886295
81 0.003958987537771463
82 0.004067006055265665
83 0.0035776111762970686
84 0.003948090132325888
85 0.003877044888213277
86 0.003703098278492689
87 0.0038107289001345634
88 0.0035588564351201057
89 0.0036637703888118267
90 0.004358374048024416
91 0.003624123753979802
92 0.00402127904817462
93 0.0042872182093560696
94 0.0036933282390236855
95 0.0038662590086460114
96 0.003977760206907988
97 0.004449808970093727
98 0.003971186000853777
99 0.004108252469450235
100 0.0037987795658409595
101 0.004226273391395807
102 0.003627851838245988
103 0.004088676068931818
104 0.003733322024345398
105 0.004152528941631317
106 0.00389270787127316
107 0.004533627536147833
108 0.004315291065722704
109 0.003906720317900181
110 0.0039756642654538155
111 0.003809141693636775
112 0.0036495879758149385
113 0.004406964872032404
114 0.004106299951672554
115 0.0038543413393199444
116 0.00375270820222795
117 0.004039148800075054
118 0.0038639812264591455
119 0.0038765566423535347
120 0.0038468525744974613
121 0.004192202351987362
122 0.004443242680281401
123 0.003751664888113737
124 0.003997033927589655
125 0.0039484621956944466
126 0.004198326729238033
127 0.0038190106861293316
128 0.0036665843799710274
129 0.003740729298442602
130 0.0035288750659674406
131 0.0037953797727823257
132 0.003917514346539974
133 0.00430116755887866
134 0.003994259983301163
135 0.003467963542789221
136 0.0044037518091499805
137 0.003926582634449005
138 0.00395796587690711
139 0.003857051022350788
140 0.0038033586461097
141 0.0034416383132338524
142 0.0038375472649931908
143 0.003749637631699443
144 0.003494454314932227
145 0.004205198958516121
146 0.00402492843568325
147 0.003739831270650029
148 0.004176770336925983
149 0.0039296019822359085
150 0.003940630238503218
151 0.004228013101965189
152 0.003594198264181614
153 0.00357227330096066
154 0.00393717223778367
155 0.0036938947159796953
156 0.003955341875553131
157 0.003486975096166134
158 0.003916964866220951
159 0.0038799638859927654
160 0.0037028584629297256
161 0.003635731292888522
162 0.004335674457252026
163 0.0036186932120472193
164 0.003659977810457349
165 0.003926407545804977
166 0.0038055262994021177
167 0.003798269433900714
168 0.004268073011189699
169 0.003918584436178207
170 0.003885708749294281
171 0.00387168419547379
172 0.003760218620300293
173 0.0038080147933214903
174 0.0037985332310199738
175 0.0039051040075719357
176 0.004444411490112543
177 0.0036349701695144176
178 0.0035134197678416967
179 0.003620648756623268
180 0.004007530398666859
181 0.004163973033428192
182 0.003986261319369078
183 0.003676474327221513
184 0.0040189591236412525
185 0.004575829487293959
186 0.003372619394212961
187 0.0039177932776510715
188 0.00384310120716691
189 0.0038738378789275885
190 0.0040714372880756855
191 0.003953833598643541
192 0.0037220772355794907
193 0.003896109526976943
194 0.004112099297344685
195 0.004505851771682501
196 0.004398524761199951
197 0.0037247000727802515
198 0.00414266949519515
199 0.0038324384950101376
200 0.0037520690821111202
201 0.003849335480481386
202 0.004090431611984968
203 0.003856260795146227
204 0.003808908862993121
205 0.00355795887298882
206 0.003935174085199833
207 0.004066778812557459
208 0.004049420822411776
209 0.004012642428278923
210 0.0035071747843176126
211 0.004174621310085058
212 0.0036080689169466496
213 0.003848796710371971
214 0.004242454655468464
215 0.0038817687891423702
216 0.003734573721885681
217 0.004120594821870327
218 0.0038865956012159586
219 0.003825414227321744
220 0.0039574140682816505
221 0.004039573483169079
222 0.003734264289960265
223 0.0040310961194336414
224 0.0038281374145299196
225 0.003750760341063142
226 0.00404069758951664
227 0.0038130616303533316
228 0.003980950452387333
229 0.004268310964107513
230 0.003630885621532798
231 0.004315066151320934
232 0.003593035973608494
233 0.003791960421949625
234 0.0035821006167680025
235 0.0037858623545616865
236 0.003958993591368198
237 0.0037227566353976727
238 0.003738993313163519
239 0.004026792943477631
240 0.003923923242837191
241 0.0039819590747356415
242 0.0039594536647200584
243 0.003806206164881587
244 0.0040000504814088345
245 0.003710464108735323
246 0.004166401457041502
247 0.003972538746893406
248 0.004025629721581936
249 0.0038593222852796316
250 0.0037065260112285614
251 0.0037318801041692495
252 0.0038092159666121006
253 0.0035925619304180145
254 0.003796948119997978
255 0.0038040403742343187
