0 0.0039035382214933634
1 0.00329339737072587
2 0.0037426839116960764
3 0.0038165326695889235
4 0.00400795042514801
5 0.003914345987141132
6 0.004094794392585754
7 0.004144951235502958
8 0.0043258205987513065
9 0.003511714516207576
10 0.004164057783782482
11 0.0039178249426186085
12 0.003513289848342538
13 0.0036680640187114477
14 0.003687049727886915
15 0.0037629215512424707
16 0.003963570576161146
17 0.004161094781011343
18 0.00381971406750381
19 0.003862516488879919
20 0.00390999112278223
21 0.004301710519939661
22 0.003948015160858631
23 0.0036740393843501806
24 0.003929488826543093
25 0.0038084948901087046
26 0.003798835212364793
27 0.004014115780591965
28 0.003820874961093068
29 0.003888410748913884
30 0.004294360056519508
31 0.00398555351421237
32 0.003755928948521614
33 0.0038066499400883913
34 0.0037390729412436485
35 0.003857468720525503
36 0.004204984288662672
37 0.003706979099661112
38 0.004184812307357788
39 0.003961530979722738
40 0.00397646427154541
41 0.0034020435996353626
42 0.0039052721112966537
43 0.003880522446706891
44 0.003909954335540533
45 0.0038924224209040403
46 0.004129465203732252
47 0.004166239872574806
48 0.003931290470063686
49 0.0038089582230895758
50 0.004189861938357353
51 0.003494859207421541
52 0.003999925218522549
53 0.0037121991626918316
54 0.003864781465381384
55 0.0041000437922775745
56 0.004274397622793913
57 0.0038168372120708227
58 0.003760581137612462
59 0.00403135409578681
60 0.0037757325917482376
61 0.004029391333460808
62 0.004091338720172644
63 0.0037763197906315327
64 0.0038100576493889093
65 0.003905242308974266
66 0.00392589857801795
67 0.0038225119933485985
68 0.003888978622853756
69 0.004015565384179354
70 0.004262405913323164
71 0.003988398239016533
72 0.0038665372412651777
73 0.0038442271761596203
74 0.0038724392652511597
75 0.004419503267854452
76 0.0038622443098574877
77 0.003849817905575037
78 0.0038124078419059515
79 0.003701231675222516
80 0.003543672850355506
81 0.004221586510539055
82 0.003772374475374818
83 0.003524904139339924
84 0.004101437982171774
85 0.003981168381869793
86 0.003736747894436121
87 0.003959942609071732
88 0.0036088647320866585
89 0.003829882014542818
90 0.003930849954485893
91 0.004057509358972311
92 0.004039289895445108
93 0.004147137049585581
94 0.003923091106116772
95 0.003723724978044629
96 0.004142648074775934
97 0.004005891270935535
98 0.003723862348124385
99 0.0043803672306239605
100 0.0038537788204848766
101 0.004074922297149897
102 0.0037181091029196978
103 0.00397471571341157
104 0.0037141141947358847
105 0.003972859587520361
106 0.003949651960283518
107 0.004566356539726257
108 0.003982439171522856
109 0.0040151383727788925
110 0.003982111345976591
111 0.00398489972576499
112 0.0036951531656086445
113 0.004479174967855215
114 0.0041273306123912334
115 0.00376836652867496
116 0.004075102508068085
117 0.0038317693397402763
118 0.003557027317583561
119 0.003981578163802624
120 0.0038311667740345
121 0.004144845064729452
122 0.004428447224199772
123 0.004005952272564173
124 0.0041506001725792885
125 0.003904422279447317
126 0.00422292435541749
127 0.003551771165803075
128 0.0035695189144462347
129 0.0038166893646121025
130 0.003578551346436143
131 0.003924616612493992
132 0.004061410203576088
133 0.004217677284032106
134 0.004151929635554552
135 0.0036429890897125006
136 0.004224977921694517
137 0.003754666540771723
138 0.0040558078326284885
139 0.0038146560546010733
140 0.003870912129059434
141 0.003557970281690359
142 0.003829185850918293
143 0.0037494904827326536
144 0.0034306528978049755
145 0.0040630460716784
146 0.0039936876855790615
147 0.00392075814306736
148 0.004015602637082338
149 0.003925872500985861
150 0.004064908716827631
151 0.004341870080679655
152 0.003752579214051366
153 0.00410362659022212
154 0.0038087370339781046
155 0.0035906019620597363
156 0.0037960472982376814
157 0.0033612928818911314
158 0.003938780631870031
159 0.0037754056975245476
160 0.0035578347742557526
161 0.0038494907785207033
162 0.0040962775237858295
163 0.003678505541756749
164 0.0036388870794326067
165 0.0037405434995889664
166 0.003997622989118099
167 0.0039110612124204636
168 0.004494079388678074
169 0.003979044500738382
170 0.003856261260807514
171 0.003937383648008108
172 0.0036993296816945076
173 0.0037290744949132204
174 0.0038015523459762335
175 0.0038118576630949974
176 0.004364903084933758
177 0.0039466326124966145
178 0.0035031153820455074
179 0.003637766931205988
180 0.003759329440072179
181 0.00433860020712018
182 0.004042796324938536
183 0.003876571310684085
184 0.004035831894725561
185 0.004337914753705263
186 0.003430665237829089
187 0.0039604222401976585
188 0.003817514283582568
189 0.0039781229570508
190 0.003982180263847113
191 0.003603830700740218
192 0.003919437061995268
193 0.004217269364744425
194 0.004128491971641779
195 0.004052259493619204
196 0.004095236770808697
197 0.003960815723985434
198 0.004051765892654657
199 0.0039799632504582405
200 0.0036841717083007097
201 0.003927749581634998
202 0.00392618402838707
203 0.0039285835810005665
204 0.0038631779607385397
205 0.0036617049481719732
206 0.003631007857620716
207 0.004104009363800287
208 0.00405022781342268
209 0.0041741575114429
210 0.00342325447127223
211 0.0040737842209637165
212 0.003763247514143586
213 0.0038888519629836082
214 0.004099745769053698
215 0.0038398304022848606
216 0.004007656127214432
217 0.003984630573540926
218 0.003931836225092411
219 0.004053901880979538
220 0.004054962657392025
221 0.004130759742110968
222 0.0037534034345299006
223 0.004080737940967083
224 0.003746968461200595
225 0.0038779331371188164
226 0.004022938199341297
227 0.0037701858673244715
228 0.004293242935091257
229 0.004002222325652838
230 0.00382775766775012
231 0.004263313952833414
232 0.003979222383350134
233 0.003893529297783971
234 0.0036374046467244625
235 0.0037293792702257633
236 0.004034093581140041
237 0.0035683156456798315
238 0.0034807855263352394
239 0.004060388542711735
240 0.003773010103031993
241 0.003722717287018895
242 0.00395598728209734
243 0.003557973774150014
244 0.0038059509824961424
245 0.003860422410070896
246 0.0041676536202430725
247 0.003868862520903349
248 0.004089465364813805
249 0.0035431727301329374
250 0.00372168212197721
251 0.0035329111851751804
252 0.00389702245593071
253 0.0036655236035585403
254 0.003948182798922062
255 0.0036249018739908934
