0 0.003902856493368745
1 0.0034584265667945147
2 0.003798953490331769
3 0.004090986680239439
4 0.0040540932677686214
5 0.003945080563426018
6 0.004029802978038788
7 0.0042671626433730125
8 0.004466358106583357
9 0.003628750331699848
10 0.004419007804244757
11 0.003896009875461459
12 0.003518255427479744
13 0.003853850532323122
14 0.0039044974837452173
15 0.003859627991914749
16 0.00395389087498188
17 0.003967771772295237
18 0.0036220408510416746
19 0.003859042888507247
20 0.003928161226212978
21 0.004003013484179974
22 0.004096198361366987
23 0.003819845849648118
24 0.004091092851012945
25 0.004019786603748798
26 0.003752948949113488
27 0.003923201002180576
28 0.003652558894827962
29 0.003798085730522871
30 0.004269999451935291
31 0.003867568215355277
32 0.0037304216530174017
33 0.0039060183335095644
34 0.0036884883884340525
35 0.0041894493624567986
36 0.004277931991964579
37 0.0036657750606536865
38 0.003981395158916712
39 0.003993100021034479
40 0.00414250185713172
41 0.003364014672115445
42 0.004016009625047445
43 0.0038762225303798914
44 0.003881393698975444
45 0.0037098817992955446
46 0.004069492686539888
47 0.00419704569503665
48 0.004130958113819361
49 0.003936906810849905
50 0.004175005946308374
51 0.003573992056772113
52 0.0040440186858177185
53 0.003615291090682149
54 0.0038712546229362488
55 0.0038685251493006945
56 0.0040969629772007465
57 0.004121558740735054
58 0.0038814081344753504
59 0.003660353599116206
60 0.003593267174437642
61 0.004233868792653084
62 0.004092774819582701
63 0.0038224330637604
64 0.0038139200769364834
65 0.003671999555081129
66 0.004045991692692041
67 0.0039046830497682095
68 0.004008387681096792
69 0.0040646386332809925
70 0.004145595710724592
71 0.003849139204248786
72 0.0037943150382488966
73 0.004015814512968063
74 0.0037503105122596025
75 0.004560086876153946
76 0.004011573735624552
77 0.003908870276063681
78 0.003740789135918021
79 0.003947319462895393
80 0.003773751435801387
81 0.0041772592812776566
82 0.0038670634385198355
83 0.003693103790283203
84 0.004112164955586195
85 0.0037491917610168457
86 0.0038272372912615538
87 0.004081417806446552
88 0.0034197531640529633
89 0.003828839398920536
90 0.003952234052121639
91 0.0038612824864685535
92 0.003973277285695076
93 0.004338664934039116
94 0.003909606486558914
95 0.00395562220364809
96 0.004063303582370281
97 0.004033522680401802
98 0.0037414152175188065
99 0.004147099331021309
100 0.003802893916144967
101 0.004168895538896322
102 0.0037337196990847588
103 0.00415235199034214
104 0.003698514075949788
105 0.004055504221469164
106 0.0038008945994079113
107 0.0043214051984250546
108 0.004242260009050369
109 0.003789567854255438
110 0.0039002494886517525
111 0.0038557793013751507
112 0.003700361354276538
113 0.004393178503960371
114 0.004008195362985134
115 0.0034695046488195658
116 0.003958133514970541
117 0.003986603580415249
118 0.0036540678702294827
119 0.003899161471053958
120 0.003841924946755171
121 0.004204582888633013
122 0.004515624139457941
123 0.0038111088797450066
124 0.004032225348055363
125 0.0037311252672225237
126 0.004262297879904509
127 0.0038685232866555452
128 0.00374836684204638
129 0.0035609370097517967
130 0.003783468622714281
131 0.003552817739546299
132 0.004147511441260576
133 0.004223825875669718
134 0.003914574161171913
135 0.0035085759591311216
136 0.004387636203318834
137 0.003947016317397356
138 0.004007134586572647
139 0.0038224435411393642
140 0.003628432983532548
141 0.0035270547959953547
142 0.003885438200086355
143 0.003762763924896717
144 0.0036360120866447687
145 0.004163938574492931
146 0.0038707570638507605
147 0.003825875697657466
148 0.0036286397371441126
149 0.003815507050603628
150 0.003843812271952629
151 0.004113874863833189
152 0.0035959400702267885
153 0.004047393333166838
154 0.003697193693369627
155 0.0035825050435960293
156 0.0040348912589251995
157 0.0036385187413543463
158 0.004055292345583439
159 0.0036236427258700132
160 0.0037880749441683292
161 0.003906887955963612
162 0.004235893487930298
163 0.003614113898947835
164 0.003688195953145623
165 0.003908754326403141
166 0.003709198907017708
167 0.0036780699156224728
168 0.004172196611762047
169 0.004167501349002123
170 0.0039046972524374723
171 0.0038028995040804148
172 0.0036965052131563425
173 0.0037078324239701033
174 0.003974404186010361
175 0.0036540788132697344
176 0.004400739911943674
177 0.0040817707777023315
178 0.0035182691644877195
179 0.003642100840806961
180 0.0036658996250480413
181 0.003946248907595873
182 0.004134303890168667
183 0.003913047723472118
184 0.00398450531065464
185 0.004037807695567608
186 0.0035442153457552195
187 0.003907780162990093
188 0.0040030712261796
189 0.003912036307156086
190 0.003967774100601673
191 0.0035635007079690695
192 0.003918871749192476
193 0.003930524457246065
194 0.004012548364698887
195 0.004121633246541023
196 0.00420396588742733
197 0.0036508243065327406
198 0.0040979450568556786
199 0.003779943799600005
200 0.0037466816138476133
201 0.0036381615791469812
202 0.0038120721001178026
203 0.004004212561994791
204 0.0037317441310733557
205 0.0038248333148658276
206 0.003707724157720804
207 0.0041235885582864285
208 0.004004232585430145
209 0.003914813045412302
210 0.0037954633589833975
211 0.003921862691640854
212 0.0035199655685573816
213 0.003829383524134755
214 0.004096646327525377
215 0.004178712144494057
216 0.0040149991400539875
217 0.0041814218275249004
218 0.0037132694851607084
219 0.0038360711187124252
220 0.0037126054521650076
221 0.004077985417097807
222 0.003699334803968668
223 0.004079863894730806
224 0.0036903764121234417
225 0.004192852880805731
226 0.0038964503910392523
227 0.0037171461153775454
228 0.004024335648864508
229 0.004089627880603075
230 0.003912496846169233
231 0.00418730266392231
232 0.004294922109693289
233 0.0037661793176084757
234 0.003728831885382533
235 0.0037236916832625866
236 0.004124016035348177
237 0.003983237314969301
238 0.00374443712644279
239 0.0040000006556510925
240 0.003935300745069981
241 0.003837793366983533
242 0.003858462441712618
243 0.003519840305671096
244 0.003912617918103933
245 0.0038741352036595345
246 0.004186466336250305
247 0.004171900916844606
248 0.004239873494952917
249 0.0037233808543533087
250 0.0035903367679566145
251 0.00357339670881629
252 0.004038532730191946
253 0.003668560180813074
254 0.004002015572041273
255 0.0037707954179495573
