0 0.0037636870983988047
1 0.00338427210226655
2 0.004081213381141424
3 0.004096969496458769
4 0.004408936016261578
5 0.004020482301712036
6 0.003992621786892414
7 0.00399790471419692
8 0.004222182556986809
9 0.0036336234770715237
10 0.0039276136085391045
11 0.003983699716627598
12 0.003564345184713602
13 0.003831666661426425
14 0.003989595454186201
15 0.00398190738633275
16 0.003882004413753748
17 0.003878246992826462
18 0.0037197747733443975
19 0.00391007773578167
20 0.004013103432953358
21 0.004084235057234764
22 0.004062196705490351
23 0.0038912503514438868
24 0.00403514364734292
25 0.004046442452818155
26 0.003956925589591265
27 0.0038735531270503998
28 0.004068688955157995
29 0.0038898217026144266
30 0.004275159444659948
31 0.003882851917296648
32 0.0034825578331947327
33 0.003895165165886283
34 0.0036487053148448467
35 0.003917300142347813
36 0.004219497088342905
37 0.003769264556467533
38 0.004088819492608309
39 0.0041555119678378105
40 0.004132037982344627
41 0.0032647494226694107
42 0.003801977261900902
43 0.0038677905686199665
44 0.004109089728444815
45 0.004132332280278206
46 0.00425012968480587
47 0.004213265608996153
48 0.004175555892288685
49 0.0037057376466691494
50 0.004213737323880196
51 0.003557459218427539
52 0.0042535653337836266
53 0.003782122628763318
54 0.0036789493169635534
55 0.004087303299456835
56 0.004116250667721033
57 0.0038610997144132853
58 0.004141124896705151
59 0.003715384053066373
60 0.003707771422341466
61 0.004128219094127417
62 0.004151734057813883
63 0.0036956644617021084
64 0.004015529993921518
65 0.003827138105407357
66 0.004031785763800144
67 0.0038102699909359217
68 0.0037089583929628134
69 0.004129921086132526
70 0.0042998031713068485
71 0.003843307727947831
72 0.004064642824232578
73 0.003725243965163827
74 0.0038431130815297365
75 0.004195564426481724
76 0.004032079596072435
77 0.003927004523575306
78 0.003921189345419407
79 0.003916843328624964
80 0.003957721404731274
81 0.003958099987357855
82 0.003766415175050497
83 0.003636086592450738
84 0.003921660594642162
85 0.00358613976277411
86 0.003820883110165596
87 0.00375634734518826
88 0.0034843902103602886
89 0.003772938158363104
90 0.004012788645923138
91 0.003938331268727779
92 0.0037917960435152054
93 0.004362389910966158
94 0.0037651220336556435
95 0.0036753248423337936
96 0.003769546514376998
97 0.0040451884269714355
98 0.00382012571208179
99 0.003809743095189333
100 0.003880341537296772
101 0.004067660309374332
102 0.0036719609051942825
103 0.004228788428008556
104 0.0036978209391236305
105 0.004069059621542692
106 0.003825149731710553
107 0.004248584620654583
108 0.004097048658877611
109 0.0038724401965737343
110 0.00426897406578064
111 0.0038277702406048775
112 0.0037274358328431845
113 0.004235812928527594
114 0.003967088647186756
115 0.003968080971390009
116 0.00377333234064281
117 0.0040275962091982365
118 0.0038062050007283688
119 0.003751038806512952
120 0.0038507874123752117
121 0.004208103287965059
122 0.004515502136200666
123 0.003829748835414648
124 0.004090805072337389
125 0.003875285154208541
126 0.004192479886114597
127 0.003846671199426055
128 0.0035722823813557625
129 0.0036040020640939474
130 0.003684715833514929
131 0.0034837278071790934
132 0.003713765647262335
133 0.0041427090764045715
134 0.0037946379743516445
135 0.0035657458938658237
136 0.004458182957023382
137 0.003872261382639408
138 0.004015296697616577
139 0.003903012489899993
140 0.0035685161128640175
141 0.003448265139013529
142 0.0037488271482288837
143 0.003827206091955304
144 0.003657946828752756
145 0.004071627277880907
146 0.0038408131804317236
147 0.003922035917639732
148 0.0037832988891750574
149 0.003874401794746518
150 0.004100972320884466
151 0.00392557680606842
152 0.0034291658084839582
153 0.0038278326392173767
154 0.0036925908643752337
155 0.0035247260238975286
156 0.003788549453020096
157 0.003688068827614188
158 0.004079579375684261
159 0.003530985675752163
160 0.0038251543883234262
161 0.00383584713563323
162 0.004461341071873903
163 0.003624764271080494
164 0.003752234159037471
165 0.0038748763035982847
166 0.003971523605287075
167 0.003798921126872301
168 0.003974555525928736
169 0.004084634128957987
170 0.0036965450271964073
171 0.003822126891463995
172 0.0036311836447566748
173 0.003723286557942629
174 0.004005681723356247
175 0.0038410350680351257
176 0.004203893709927797
177 0.003731475444510579
178 0.0036903240252286196
179 0.003775437595322728
180 0.003796025412157178
181 0.004334182944148779
182 0.004113209433853626
183 0.003973454236984253
184 0.004048094153404236
185 0.004138675518333912
186 0.003664605552330613
187 0.0039986493065953255
188 0.004143055062741041
189 0.00383628997951746
190 0.0038213785737752914
191 0.003552347654476762
192 0.003594818990677595
193 0.004069875460118055
194 0.0041161165572702885
195 0.0039690532721579075
196 0.004330879542976618
197 0.003731491044163704
198 0.00388529896736145
199 0.004006712231785059
200 0.0038973938208073378
201 0.0038361430633813143
202 0.0039544724859297276
203 0.0039695268496870995
204 0.003985141403973103
205 0.003963815979659557
206 0.0035986099392175674
207 0.004007673356682062
208 0.004069082904607058
209 0.0040420228615403175
210 0.003699595108628273
211 0.004066473338752985
212 0.0037054948043078184
213 0.0038560626562684774
214 0.004256564658135176
215 0.003976952284574509
216 0.004060659557580948
217 0.0038288666401058435
218 0.003911217208951712
219 0.003811070928350091
220 0.0037832444068044424
221 0.003920416347682476
222 0.003787374123930931
223 0.004066546447575092
224 0.0037934507708996534
225 0.003877925220876932
226 0.004071629140526056
227 0.0036515069659799337
228 0.004018669482320547
229 0.004160911776125431
230 0.0040263948030769825
231 0.004239455331116915
232 0.0038355186115950346
233 0.0037932083941996098
234 0.003807227360084653
235 0.003668137826025486
236 0.0040843673050403595
237 0.003827484557405114
238 0.0037219738587737083
239 0.004084243439137936
240 0.004044044762849808
241 0.004017031751573086
242 0.004057786893099546
243 0.0037247079890221357
244 0.003773228032514453
245 0.0037913715932518244
246 0.004038883373141289
247 0.0041825068183243275
248 0.004078209865838289
249 0.003757246071472764
250 0.003639219794422388
251 0.003676892025396228
252 0.003934129141271114
253 0.003759467275813222
254 0.0038573346100747585
255 0.0037259904202073812
