0 0.003938301000744104
1 0.0035284634213894606
2 0.003885763231664896
3 0.004016960505396128
4 0.004143921192735434
5 0.004142028279602528
6 0.003992212004959583
7 0.00399687048047781
8 0.004177273716777563
9 0.003793177427724004
10 0.0039709643460810184
11 0.003957525361329317
12 0.003506600856781006
13 0.003891285276040435
14 0.00365316029638052
15 0.0038540989626199007
16 0.003891989588737488
17 0.003919386770576239
18 0.003900850424543023
19 0.0038379058241844177
20 0.0040978966280817986
21 0.0043365079909563065
22 0.004010171163827181
23 0.0035808663815259933
24 0.003954951651394367
25 0.004113529343158007
26 0.004156775772571564
27 0.004038529004901648
28 0.004028732422739267
29 0.0038483317475765944
30 0.004139822907745838
31 0.003958646673709154
32 0.0037161014042794704
33 0.0038042801897972822
34 0.003710426390171051
35 0.00408737501129508
36 0.003974981606006622
37 0.004017932340502739
38 0.0039995769038796425
39 0.0040788897313177586
40 0.004035755526274443
41 0.0034996841568499804
42 0.003808820154517889
43 0.0037009583320468664
44 0.0038178099785000086
45 0.003786754794418812
46 0.0043108584359288216
47 0.0041207363829016685
48 0.004040566738694906
49 0.003820798359811306
50 0.004218343645334244
51 0.0037422645837068558
52 0.003924213815480471
53 0.003652208484709263
54 0.003851732239127159
55 0.003980808425694704
56 0.004018337465822697
57 0.003575613722205162
58 0.0038766416255384684
59 0.0038879530038684607
60 0.003953706938773394
61 0.004189921543002129
62 0.0041489670984447
63 0.00396758085116744
64 0.0039991289377212524
65 0.003680821042507887
66 0.0037512911949306726
67 0.003866938641294837
68 0.0039014245849102736
69 0.003995335195213556
70 0.004209793638437986
71 0.0040632630698382854
72 0.0040258909575641155
73 0.003822826547548175
74 0.004163417033851147
75 0.004152745474129915
76 0.004085490480065346
77 0.0038362934719771147
78 0.0038936284836381674
79 0.003717175917699933
80 0.0037890810053795576
81 0.004110334906727076
82 0.003740576095879078
83 0.003956759348511696
84 0.00396882276982069
85 0.0036785919219255447
86 0.00397922657430172
87 0.003908595070242882
88 0.0036708007100969553
89 0.003729449585080147
90 0.004048649687319994
91 0.003952477592974901
92 0.003901639487594366
93 0.0043099126778542995
94 0.003549196058884263
95 0.003885905956849456
96 0.004040122497826815
97 0.003961310256272554
98 0.0037350233178585768
99 0.004075109958648682
100 0.004024555906653404
101 0.0040975166484713554
102 0.0036076956894248724
103 0.0041742888279259205
104 0.0037589147686958313
105 0.004102743696421385
106 0.0037745514418929815
107 0.004344759043306112
108 0.003933693282306194
109 0.0037158539053052664
110 0.004047541879117489
111 0.003982445225119591
112 0.0038911106530576944
113 0.004350361414253712
114 0.0038277648855000734
115 0.00368378940038383
116 0.003876145463436842
117 0.003880748525261879
118 0.0039528911001980305
119 0.0041443957015872
120 0.004126616287976503
121 0.0042273541912436485
122 0.004196772817522287
123 0.0038448027335107327
124 0.004094106610864401
125 0.0037309532053768635
126 0.004020498134195805
127 0.003882209537550807
128 0.0038539699744433165
129 0.003662603907287121
130 0.003631217172369361
131 0.0036000716499984264
132 0.003927073907107115
133 0.004297223873436451
134 0.003765423782169819
135 0.0035768880043178797
136 0.004273095168173313
137 0.0038151361513882875
138 0.0041707465425133705
139 0.003970555495470762
140 0.0036941859871149063
141 0.003722482593730092
142 0.003840048797428608
143 0.003990024793893099
144 0.0033797568175941706
145 0.004255942068994045
146 0.0038164688739925623
147 0.004006913397461176
148 0.003654214320704341
149 0.003600573167204857
150 0.003945981152355671
151 0.004281478933990002
152 0.0037305541336536407
153 0.00397453410550952
154 0.0037445882335305214
155 0.0038037332706153393
156 0.003507613204419613
157 0.003646325320005417
158 0.004037081263959408
159 0.0037461838219314814
160 0.0036691995337605476
161 0.0038851399440318346
162 0.004094336647540331
163 0.0037061492912471294
164 0.003862077137455344
165 0.0037744641304016113
166 0.003923069220036268
167 0.003723498899489641
168 0.00416082888841629
169 0.004183387383818626
170 0.003936988767236471
171 0.0036530960351228714
172 0.0037914777640253305
173 0.0034864156041294336
174 0.003939467947930098
175 0.003987011965364218
176 0.004267741926014423
177 0.003874959656968713
178 0.0036311999429017305
179 0.0038049391005188227
180 0.0038153023924678564
181 0.0043296366930007935
182 0.003922483418136835
183 0.003917393274605274
184 0.0038990548346191645
185 0.0038962813559919596
186 0.0038265567272901535
187 0.0038079849909991026
188 0.0037323206197470427
189 0.0038799713365733624
190 0.004001469351351261
191 0.003667091252282262
192 0.003990291617810726
193 0.003951419610530138
194 0.004148146137595177
195 0.004192515276372433
196 0.0041138362139463425
197 0.003789801150560379
198 0.0035846291575580835
199 0.0038546104915440083
200 0.0037270067259669304
201 0.003878137329593301
202 0.0038593909703195095
203 0.003719615750014782
204 0.0037888470105826855
205 0.0037690347526222467
206 0.003714373568072915
207 0.0037980268243700266
208 0.004137201234698296
209 0.0037731642369180918
210 0.0036300108768045902
211 0.003976917825639248
212 0.0035793569404631853
213 0.0038940072990953922
214 0.004037870094180107
215 0.0038872177246958017
216 0.003992048092186451
217 0.0038785976357758045
218 0.004230112303048372
219 0.003577837022021413
220 0.003881689626723528
221 0.003949800040572882
222 0.00359888793900609
223 0.004102318547666073
224 0.003944904077798128
225 0.0040122270584106445
226 0.003906100522726774
227 0.003925467375665903
228 0.003941331524401903
229 0.0042065903544425964
230 0.0038991596084088087
231 0.004057120997458696
232 0.003756196703761816
233 0.0038879928179085255
234 0.0037493291310966015
235 0.0037964200600981712
236 0.0040212650783360004
237 0.003943596966564655
238 0.003916857298463583
239 0.0038703468162566423
240 0.004035223741084337
241 0.0039029314648360014
242 0.003957425244152546
243 0.0037311615888029337
244 0.004123202059417963
245 0.003751412034034729
246 0.004375645890831947
247 0.004033196251839399
248 0.003879114519804716
249 0.0038403403013944626
250 0.0037260418757796288
251 0.0035777403973042965
252 0.0038312049582600594
253 0.0037375574465841055
254 0.004030436277389526
255 0.0036158158909529448
