0 0.003961588256061077
1 0.003399749519303441
2 0.0038935064803808928
3 0.004079701844602823
4 0.004391737747937441
5 0.0037859578151255846
6 0.004268128890544176
7 0.004170175176113844
8 0.004386225249618292
9 0.00373216369189322
10 0.00400075176730752
11 0.003666978096589446
12 0.0038468490820378065
13 0.0037227950524538755
14 0.0038911146111786366
15 0.003921183757483959
16 0.003817461198195815
17 0.003952977247536182
18 0.004001880530267954
19 0.0038500255905091763
20 0.004289555829018354
21 0.003923486452549696
22 0.003995041362941265
23 0.0035225204192101955
24 0.003946974873542786
25 0.004124293569475412
26 0.003922961186617613
27 0.0038973151240497828
28 0.003968645352870226
29 0.0039054867811501026
30 0.0041425107046961784
31 0.003814494702965021
32 0.0037325951270759106
33 0.0036648334935307503
34 0.003444880712777376
35 0.003929669503122568
36 0.004255241714417934
37 0.0037834406830370426
38 0.0040016742423176765
39 0.004194898530840874
40 0.00418173847720027
41 0.0033975776750594378
42 0.004057394806295633
43 0.004039281979203224
44 0.004010876640677452
45 0.004060354083776474
46 0.004105987027287483
47 0.004333640448749065
48 0.004027334041893482
49 0.0038813138380646706
50 0.003931970335543156
51 0.0035874322056770325
52 0.0040086605586111546
53 0.0038404816295951605
54 0.003832785179838538
55 0.004163155797868967
56 0.004135413561016321
57 0.003908448852598667
58 0.003879211377352476
59 0.003623346099629998
60 0.003559565870091319
61 0.003965301904827356
62 0.004362990148365498
63 0.00359107437543571
64 0.003988432697951794
65 0.003883298020809889
66 0.003928544465452433
67 0.003718043677508831
68 0.003740399843081832
69 0.004072229377925396
70 0.00405902648344636
71 0.0037746934685856104
72 0.003795510157942772
73 0.0038426737301051617
74 0.0037785442546010017
75 0.004195565823465586
76 0.004091709852218628
77 0.004000468645244837
78 0.004045282956212759
79 0.003762325970456004
80 0.00373673252761364
81 0.004112364258617163
82 0.0038027320988476276
83 0.003678687149658799
84 0.004170844331383705
85 0.003666715696454048
86 0.0037784227170050144
87 0.0037760299164801836
88 0.00373031385242939
89 0.0036352169699966908
90 0.003924427554011345
91 0.00396007252857089
92 0.0038437913171947002
93 0.0043516880832612514
94 0.003812627401202917
95 0.003953737206757069
96 0.0038385021034628153
97 0.003932434134185314
98 0.003773278323933482
99 0.004189508501440287
100 0.0040899221785366535
101 0.004009690135717392
102 0.00382168497890234
103 0.004075874574482441
104 0.003611802589148283
105 0.004239277448505163
106 0.0039018706884235144
107 0.004453984554857016
108 0.004208805039525032
109 0.0038355777505785227
110 0.004222810734063387
111 0.004010631237179041
112 0.003656559158116579
113 0.004100970458239317
114 0.004140314646065235
115 0.003859749296680093
116 0.0041392529383301735
117 0.003837169148027897
118 0.003537858370691538
119 0.003851897781714797
120 0.0038393496070057154
121 0.00416271248832345
122 0.004557079169899225
123 0.003984910435974598
124 0.004055306315422058
125 0.0038705351762473583
126 0.004236647859215736
127 0.0039334287866950035
128 0.003839444601908326
129 0.0034948065876960754
130 0.003745370078831911
131 0.0036175367422401905
132 0.0038285385817289352
133 0.004266266245394945
134 0.0037898418959230185
135 0.003519914811477065
136 0.0043571749702095985
137 0.0040358430705964565
138 0.0040954663418233395
139 0.003880571573972702
140 0.003606548998504877
141 0.0035899141803383827
142 0.0038123265840113163
143 0.0037786958273500204
144 0.0035828170366585255
145 0.00411611283197999
146 0.003969587851315737
147 0.00396253215149045
148 0.0037406114861369133
149 0.00385000417008996
150 0.004054079297930002
151 0.004015285987406969
152 0.0035337230656296015
153 0.0037052195984870195
154 0.003771347925066948
155 0.003639587666839361
156 0.0038524167612195015
157 0.003509047906845808
158 0.004064061213284731
159 0.0035869358107447624
160 0.003915561828762293
161 0.003919128328561783
162 0.004267497919499874
163 0.0034974846057593822
164 0.0036965515464544296
165 0.003893614746630192
166 0.004005492199212313
167 0.003993264399468899
168 0.003922333940863609
169 0.004031122662127018
170 0.0038843401707708836
171 0.003868980100378394
172 0.0036864348221570253
173 0.0038004531525075436
174 0.004235254600644112
175 0.003993574529886246
176 0.004174331668764353
177 0.003891957690939307
178 0.003707512514665723
179 0.003752118209376931
180 0.003669038647785783
181 0.004015464801341295
182 0.003975872881710529
183 0.003938431851565838
184 0.0038059779908508062
185 0.004141747485846281
186 0.003431177930906415
187 0.003928245045244694
188 0.004070681519806385
189 0.003772161668166518
190 0.00382084003649652
191 0.0037455400452017784
192 0.0037186932750046253
193 0.0040756696835160255
194 0.003969908691942692
195 0.004092019982635975
196 0.004385131411254406
197 0.0038042664527893066
198 0.003793013747781515
199 0.003797692945227027
200 0.0038641509599983692
201 0.0038471396546810865
202 0.004014930687844753
203 0.0039532603695988655
204 0.0037669844459742308
205 0.003935080487281084
206 0.003848687745630741
207 0.0040334612131118774
208 0.003957726527005434
209 0.004036454483866692
210 0.003612414700910449
211 0.00410506222397089
212 0.0036842923145741224
213 0.003710500430315733
214 0.004051275551319122
215 0.003842573147267103
216 0.0038251045625656843
217 0.003677175147458911
218 0.003762691281735897
219 0.003758989507332444
220 0.003636908018961549
221 0.0040597436018288136
222 0.0038573939818888903
223 0.004079324193298817
224 0.003743590787053108
225 0.0039319866336882114
226 0.004193332977592945
227 0.003908977843821049
228 0.0038669572677463293
229 0.004306244198232889
230 0.00377113139256835
231 0.004092779941856861
232 0.00401570089161396
233 0.0035703941248357296
234 0.003924848977476358
235 0.0036139264702796936
236 0.004111467394977808
237 0.003841849509626627
238 0.0037098366301506758
239 0.004333628341555595
240 0.004067225847393274
241 0.0037673329934477806
242 0.0039343442767858505
243 0.003616303438320756
244 0.003903728909790516
245 0.0038582610432058573
246 0.004144905600696802
247 0.004065468441694975
248 0.003922560252249241
249 0.003805774264037609
250 0.0036102966405451298
251 0.0037390850484371185
252 0.003916653338819742
253 0.0038086003623902798
254 0.0037051893305033445
255 0.003698723390698433
