0 0.0038134881760925055
1 0.0033941888250410557
2 0.003865870414301753
3 0.00404251366853714
4 0.003921679686754942
5 0.003936508670449257
6 0.003951708786189556
7 0.004100835882127285
8 0.004179416690021753
9 0.003579856129363179
10 0.004103284794837236
11 0.003884902223944664
12 0.0036370565649122
13 0.0039005971048027277
14 0.003781326115131378
15 0.004221477545797825
16 0.003948947414755821
17 0.003922566305845976
18 0.00376155786216259
19 0.0039390684105455875
20 0.0038341968320310116
21 0.004250457510352135
22 0.003994598053395748
23 0.003911134321242571
24 0.004074853844940662
25 0.004085065331310034
26 0.0040674153715372086
27 0.0039423503912985325
28 0.004056296311318874
29 0.0039975265972316265
30 0.00415166188031435
31 0.0039055626839399338
32 0.003610270796343684
33 0.0035560638643801212
34 0.0036437446251511574
35 0.004023976624011993
36 0.004217884968966246
37 0.003855534829199314
38 0.004195861052721739
39 0.004307524301111698
40 0.003986028488725424
41 0.0033598376903682947
42 0.0038921518716961145
43 0.003751166397705674
44 0.0038908300921320915
45 0.003936376888304949
46 0.004124295432120562
47 0.004366080742329359
48 0.004300316330045462
49 0.0038638319820165634
50 0.003975675441324711
51 0.0034472839906811714
52 0.004035749938338995
53 0.004018771927803755
54 0.0037996494211256504
55 0.004050378687679768
56 0.0040953075513243675
57 0.003981572110205889
58 0.0037606481928378344
59 0.003753835102543235
60 0.003693603677675128
61 0.004126890562474728
62 0.003940972965210676
63 0.0038358077872544527
64 0.0039308625273406506
65 0.003737172344699502
66 0.0040850648656487465
67 0.0039716195315122604
68 0.004131943918764591
69 0.004152148030698299
70 0.004212563391774893
71 0.003996387589722872
72 0.004090044181793928
73 0.003985493443906307
74 0.003852928290143609
75 0.004434511531144381
76 0.004170875996351242
77 0.004014201927930117
78 0.003652073908597231
79 0.003842621110379696
80 0.0037474019918590784
81 0.0038450926076620817
82 0.0038383384235203266
83 0.003708398900926113
84 0.0038849092088639736
85 0.0037658880464732647
86 0.003912175539880991
87 0.003915249370038509
88 0.003709162585437298
89 0.0038445659447461367
90 0.003956627566367388
91 0.003886189078912139
92 0.0038837380707263947
93 0.004209473263472319
94 0.003782366868108511
95 0.0038329828530550003
96 0.0041540395468473434
97 0.004165455233305693
98 0.003536464646458626
99 0.0040618544444441795
100 0.003927706740796566
101 0.004363884683698416
102 0.003472559619694948
103 0.004143388941884041
104 0.003907719627022743
105 0.004118846729397774
106 0.0038374385330826044
107 0.004298025742173195
108 0.004289680626243353
109 0.003922202158719301
110 0.004261574242264032
111 0.004022593144327402
112 0.004040716681629419
113 0.004177858587354422
114 0.00407587131485343
115 0.0038560477551072836
116 0.0038706939667463303
117 0.003937120549380779
118 0.003956804983317852
119 0.0038390865083783865
120 0.004144588485360146
121 0.004284620750695467
122 0.004344481974840164
123 0.0038677058182656765
124 0.004054773598909378
125 0.003806172637268901
126 0.004031607415527105
127 0.003959627356380224
128 0.0035870911087840796
129 0.0036698048934340477
130 0.0037963755894452333
131 0.003553600749000907
132 0.003966764081269503
133 0.004118369426578283
134 0.0037182446103543043
135 0.003772517666220665
136 0.004201763309538364
137 0.0038333991542458534
138 0.003967101685702801
139 0.0037921022158116102
140 0.003616132540628314
141 0.0035879432689398527
142 0.0037762275896966457
143 0.0036218424793332815
144 0.0034701935946941376
145 0.003955355379730463
146 0.0038528123404830694
147 0.0038308240473270416
148 0.003826229367405176
149 0.0039052097126841545
150 0.003974316641688347
151 0.003933142405003309
152 0.0037050654646009207
153 0.003789236070588231
154 0.003841348923742771
155 0.0035968755837529898
156 0.0039014825597405434
157 0.0037827480118721724
158 0.004167286679148674
159 0.003646941389888525
160 0.0037499654572457075
161 0.003951752558350563
162 0.004417478106915951
163 0.0036353026516735554
164 0.003789581125602126
165 0.003833227092400193
166 0.003885652171447873
167 0.0038976259529590607
168 0.004100258462131023
169 0.004039424937218428
170 0.003928875084966421
171 0.0037472303956747055
172 0.003672103863209486
173 0.0038517259526997805
174 0.0039648800157010555
175 0.0038815955631434917
176 0.004074662458151579
177 0.0038287537172436714
178 0.003518094075843692
179 0.0036254851147532463
180 0.0038017749320715666
181 0.004206701181828976
182 0.003859140444546938
183 0.003784176195040345
184 0.0041274987161159515
185 0.00420594634488225
186 0.003598078852519393
187 0.00371302617713809
188 0.004112739581614733
189 0.003789100795984268
190 0.003849036991596222
191 0.0037264947313815355
192 0.0037165044341236353
193 0.0038090753369033337
194 0.004032996483147144
195 0.004170423839241266
196 0.004463705699890852
197 0.0036823272239416838
198 0.0037232486065477133
199 0.003815876552835107
200 0.0037876551505178213
201 0.0038071093149483204
202 0.003843974322080612
203 0.003872371045872569
204 0.0038791850674897432
205 0.00364746805280447
206 0.0038128914311528206
207 0.003897220827639103
208 0.00399880763143301
209 0.0038158909883350134
210 0.0037981902714818716
211 0.004154987167567015
212 0.003690093057230115
213 0.003863885998725891
214 0.004015110433101654
215 0.004198879469186068
216 0.004091285169124603
217 0.003975995350629091
218 0.0037641352973878384
219 0.0037364820018410683
220 0.003875243943184614
221 0.003955585416406393
222 0.0037295077927410603
223 0.004024273715913296
224 0.003634585067629814
225 0.003676613327115774
226 0.004027053248137236
227 0.0036581982858479023
228 0.003984001465141773
229 0.003857559757307172
230 0.0038388771936297417
231 0.00415189890190959
232 0.0038362571503967047
233 0.0036681885831058025
234 0.0036591445095837116
235 0.0038398895412683487
236 0.004014902748167515
237 0.0037412068340927362
238 0.003674069419503212
239 0.004048765171319246
240 0.003965768497437239
241 0.00392269529402256
242 0.003720619482919574
243 0.003763671964406967
244 0.003879367373883724
245 0.003852027701213956
246 0.00428211921826005
247 0.004015067126601934
248 0.004113784991204739
249 0.0038842172361910343
250 0.003698728047311306
251 0.003698817454278469
252 0.003986234311014414
253 0.0035148663446307182
254 0.003862631507217884
255 0.003681825939565897
