0 0.003889865707606077
1 0.0035092204343527555
2 0.00381924444809556
3 0.003982593305408955
4 0.004054416436702013
5 0.003941378090530634
6 0.004035162273794413
7 0.004051371943205595
8 0.004205483477562666
9 0.0036826585419476032
10 0.0038771862164139748
11 0.003926887176930904
12 0.0035841739736497402
13 0.004076916724443436
14 0.0037532332353293896
15 0.003865680890157819
16 0.003909648861736059
17 0.00393215985968709
18 0.004080557730048895
19 0.0036403676494956017
20 0.004212344530969858
21 0.0042450702749192715
22 0.0038305423222482204
23 0.003785599023103714
24 0.004033323843032122
25 0.004071028903126717
26 0.0038068804424256086
27 0.003974058665335178
28 0.0038958783261477947
29 0.0038166753947734833
30 0.004109588451683521
31 0.0036988595966249704
32 0.0035721035674214363
33 0.0036348383873701096
34 0.003578735049813986
35 0.004178963601589203
36 0.003963790833950043
37 0.003925304394215345
38 0.00407596817240119
39 0.004315780010074377
40 0.003802122315391898
41 0.0035157594829797745
42 0.003940581809729338
43 0.003911034669727087
44 0.003844841383397579
45 0.0038428890984505415
46 0.004327661357820034
47 0.0042114825919270515
48 0.004106244537979364
49 0.0037312747444957495
50 0.004086920525878668
51 0.003642984898760915
52 0.003952772356569767
53 0.0036384037230163813
54 0.003986781463027
55 0.004260733723640442
56 0.004147922620177269
57 0.003744659712538123
58 0.0038403954822570086
59 0.0035854994785040617
60 0.003981729969382286
61 0.0038448467385023832
62 0.00424776179715991
63 0.003569621592760086
64 0.004203862510621548
65 0.003965798765420914
66 0.003878676099702716
67 0.00374490930698812
68 0.003992106299847364
69 0.004030240699648857
70 0.004248301964253187
71 0.004138477146625519
72 0.003793581621721387
73 0.003607525723055005
74 0.003833753289654851
75 0.004057948477566242
76 0.003762368345633149
77 0.00402250187471509
78 0.0038521396927535534
79 0.003802526742219925
80 0.003810575697571039
81 0.004186967853456736
82 0.003814243245869875
83 0.0036721776705235243
84 0.003815537318587303
85 0.00372754386626184
86 0.0038391922134906054
87 0.003856702707707882
88 0.003576308023184538
89 0.0036912851501256227
90 0.004052045289427042
91 0.0039453329518437386
92 0.0037532576825469732
93 0.004442564211785793
94 0.003745731431990862
95 0.00399296497926116
96 0.003943655174225569
97 0.003986718133091927
98 0.0037706901784986258
99 0.004345895256847143
100 0.0041209626942873
101 0.003992612939327955
102 0.0037911722902208567
103 0.004044370725750923
104 0.0036465716548264027
105 0.004288061521947384
106 0.0038787289522588253
107 0.004474439658224583
108 0.004020105116069317
109 0.0038357912562787533
110 0.0040925974026322365
111 0.0037484322674572468
112 0.0040140654891729355
113 0.004195035435259342
114 0.004007374867796898
115 0.0038642839062958956
116 0.003932037856429815
117 0.003922969102859497
118 0.0036705126985907555
119 0.00396584952250123
120 0.0037535494193434715
121 0.004158202558755875
122 0.004262938629835844
123 0.003958773799240589
124 0.004170621279627085
125 0.003821582067757845
126 0.004262212198227644
127 0.003795388387516141
128 0.0038057013880461454
129 0.0037038305308669806
130 0.0037912684492766857
131 0.00372560927644372
132 0.004042876418679953
133 0.003996115643531084
134 0.003930642269551754
135 0.003617172362282872
136 0.0041412957943975925
137 0.003903629956766963
138 0.003965933341532946
139 0.0038763454649597406
140 0.0036130936350673437
141 0.0038037768099457026
142 0.0038295858539640903
143 0.003769800765439868
144 0.0037566085811704397
145 0.004227377008646727
146 0.0037120110355317593
147 0.003940408118069172
148 0.003869813634082675
149 0.0039229742251336575
150 0.004126912448555231
151 0.0039838384836912155
152 0.0036068763583898544
153 0.0037949851248413324
154 0.003649965627118945
155 0.0036017843522131443
156 0.0037212809547781944
157 0.003512824419885874
158 0.003880769247189164
159 0.0036744496319442987
160 0.0038324238266795874
161 0.0037505340296775103
162 0.004381837323307991
163 0.0037153547164052725
164 0.0036494978703558445
165 0.004016175866127014
166 0.0038199243135750294
167 0.0038913669995963573
168 0.004155374132096767
169 0.00397182023152709
170 0.0038242260925471783
171 0.0038655477110296488
172 0.0036049361806362867
173 0.0036874122451990843
174 0.004013189114630222
175 0.004128613043576479
176 0.0041002556681632996
177 0.003998076543211937
178 0.00374785833992064
179 0.0037621206138283014
180 0.0036699308548122644
181 0.004211101680994034
182 0.003963213413953781
183 0.0038012941367924213
184 0.003938889130949974
185 0.004074995405972004
186 0.003617212874814868
187 0.003919614013284445
188 0.003942945972084999
189 0.004035663791000843
190 0.003745404304936528
191 0.0036964197643101215
192 0.0038335465360432863
193 0.004102759528905153
194 0.003863370046019554
195 0.004182534292340279
196 0.004323313478380442
197 0.0038113025948405266
198 0.0035624264273792505
199 0.0037671488244086504
200 0.0041563864797353745
201 0.0038469976279884577
202 0.004131626337766647
203 0.003970754332840443
204 0.003943355288356543
205 0.0038261311128735542
206 0.00390181178227067
207 0.003896121634170413
208 0.004042644053697586
209 0.004028892610222101
210 0.0034971246495842934
211 0.00419373344630003
212 0.003689283039420843
213 0.0037522255443036556
214 0.004287580028176308
215 0.003922114614397287
216 0.0041101486422121525
217 0.003929159138351679
218 0.003782071406021714
219 0.003609332023188472
220 0.00384085183031857
221 0.0042120469734072685
222 0.0036079566925764084
223 0.004276443272829056
224 0.003784115193411708
225 0.003912503365427256
226 0.004136747680604458
227 0.003954013809561729
228 0.004021335393190384
229 0.0041180942207574844
230 0.0038726404309272766
231 0.004215702414512634
232 0.003856298979371786
233 0.0035287856590002775
234 0.003668088698759675
235 0.0036231381818652153
236 0.004114156123250723
237 0.003733397228643298
238 0.0036595293786376715
239 0.004013228230178356
240 0.004184102173894644
241 0.0036989161744713783
242 0.004149862099438906
243 0.003575829789042473
244 0.0038099074736237526
245 0.0037518381141126156
246 0.0042437417432665825
247 0.004030165728181601
248 0.004014524631202221
249 0.003778541460633278
250 0.0037647602148354053
251 0.0037316514644771814
252 0.004024554044008255
253 0.0037086759693920612
254 0.003818362718448043
255 0.0036669753026217222
