0 0.00383239658549428
1 0.003340106923133135
2 0.003811801550909877
3 0.004018909763544798
4 0.004201024770736694
5 0.003668346907943487
6 0.004014050588011742
7 0.004190982319414616
8 0.004312655422836542
9 0.003580391639843583
10 0.0040922462940216064
11 0.003804574953392148
12 0.003663369920104742
13 0.003741482738405466
14 0.0038869341369718313
15 0.004090114030987024
16 0.003974803723394871
17 0.0037382105365395546
18 0.0035716139245778322
19 0.0038349893875420094
20 0.0040082973428070545
21 0.004162544384598732
22 0.0039258114993572235
23 0.0038537203799933195
24 0.0038360953330993652
25 0.003961373120546341
26 0.004068898037075996
27 0.003844421124085784
28 0.003869296982884407
29 0.0038724050391465425
30 0.004099374171346426
31 0.0039899395778775215
32 0.0035817413590848446
33 0.003803613130003214
34 0.003812951734289527
35 0.0038784947246313095
36 0.004038860555738211
37 0.0038518370129168034
38 0.004017548635601997
39 0.0041388715617358685
40 0.004079604521393776
41 0.003437450621277094
42 0.0038304906338453293
43 0.003844956634566188
44 0.003987730946391821
45 0.004079397767782211
46 0.004368287976831198
47 0.004187732469290495
48 0.004183000419288874
49 0.003973179496824741
50 0.004195332992821932
51 0.0036606176290661097
52 0.0038970205932855606
53 0.004067464731633663
54 0.00366911175660789
55 0.0037034263368695974
56 0.004117680247873068
57 0.004030410200357437
58 0.003943909890949726
59 0.0039006152655929327
60 0.0037295364309102297
61 0.00397455133497715
62 0.004122850950807333
63 0.003695607651025057
64 0.004021685570478439
65 0.00368450116366148
66 0.003883429104462266
67 0.003866706509143114
68 0.003928535617887974
69 0.004401810001581907
70 0.004185103345662355
71 0.004029333591461182
72 0.004038944840431213
73 0.0038106327410787344
74 0.003909215331077576
75 0.004584318958222866
76 0.003974399529397488
77 0.004153179936110973
78 0.003651329083368182
79 0.003630971070379019
80 0.003996025770902634
81 0.004230983089655638
82 0.0038518498186022043
83 0.0037792364601045847
84 0.004007760435342789
85 0.0035788482055068016
86 0.0037465167697519064
87 0.004082996863871813
88 0.003366447053849697
89 0.003877820447087288
90 0.00391977746039629
91 0.003883556928485632
92 0.003946755547076464
93 0.004322453401982784
94 0.0038918855134397745
95 0.0037962000351399183
96 0.003882958786562085
97 0.0042146602645516396
98 0.0036519174464046955
99 0.003981040790677071
100 0.003866257844492793
101 0.004244572017341852
102 0.0036848520394414663
103 0.004151218570768833
104 0.003775073681026697
105 0.004202898126095533
106 0.0038443533703684807
107 0.00413629412651062
108 0.004158967640250921
109 0.0037956787273287773
110 0.003989843651652336
111 0.003753961995244026
112 0.003686384065076709
113 0.004635806195437908
114 0.0042421347461640835
115 0.0036644742358475924
116 0.004051417112350464
117 0.0038254703395068645
118 0.0037598551716655493
119 0.004046989139169455
120 0.003778062993660569
121 0.004091088660061359
122 0.00462079094722867
123 0.00375979277305305
124 0.004196659196168184
125 0.0038926065899431705
126 0.004080472979694605
127 0.0038767666555941105
128 0.0036208631936460733
129 0.0036995660047978163
130 0.0037834567483514547
131 0.0035786109510809183
132 0.003878647228702903
133 0.003920820076018572
134 0.0038520735688507557
135 0.0036647701635956764
136 0.0041938829235732555
137 0.00379232713021338
138 0.004310895688831806
139 0.003941462375223637
140 0.003724598791450262
141 0.003409508615732193
142 0.0036772489547729492
143 0.003724482608959079
144 0.0034426748752593994
145 0.004098160658031702
146 0.003973328974097967
147 0.004041293635964394
148 0.0036413855850696564
149 0.0038479547947645187
150 0.003729259129613638
151 0.004154187627136707
152 0.003732954617589712
153 0.0038317979779094458
154 0.0038637409452348948
155 0.0036672246642410755
156 0.003827557200565934
157 0.00393608259037137
158 0.004253626801073551
159 0.0035426386166363955
160 0.0034671425819396973
161 0.0037632728926837444
162 0.003972166683524847
163 0.0036584786139428616
164 0.003788790199905634
165 0.0038068206049501896
166 0.003872179426252842
167 0.003756451653316617
168 0.00426732562482357
169 0.004198495298624039
170 0.0038995600771158934
171 0.0038574535865336657
172 0.003722858615219593
173 0.003754848148673773
174 0.004113487433642149
175 0.003930247854441404
176 0.004138147924095392
177 0.0039059817790985107
178 0.0034010878298431635
179 0.0036846112925559282
180 0.0035219707060605288
181 0.0041692787781357765
182 0.0038461319636553526
183 0.003967056050896645
184 0.004101782105863094
185 0.0042484537698328495
186 0.003716846229508519
187 0.003860724624246359
188 0.003932683728635311
189 0.0036330516450107098
190 0.003902635769918561
191 0.0037641790695488453
192 0.003899386152625084
193 0.0041127391159534454
194 0.004378562327474356
195 0.004147975705564022
196 0.004318661987781525
197 0.003695065388455987
198 0.003929630387574434
199 0.003722621127963066
200 0.00379941426217556
201 0.0037054161075502634
202 0.0038590040057897568
203 0.003944532945752144
204 0.0039026832673698664
205 0.0035384180955588818
206 0.003590357955545187
207 0.004126258194446564
208 0.003963939845561981
209 0.003926669247448444
210 0.0037779714912176132
211 0.004141881596297026
212 0.003369448706507683
213 0.003782348707318306
214 0.004024357534945011
215 0.004303271416574717
216 0.004087517969310284
217 0.003917977679520845
218 0.003855300834402442
219 0.003944923169910908
220 0.0036576781421899796
221 0.0041654519736766815
222 0.003674039151519537
223 0.00413430854678154
224 0.003648892743512988
225 0.004113802686333656
226 0.003733622608706355
227 0.0038156090304255486
228 0.0040445527993142605
229 0.004240852780640125
230 0.003800133243203163
231 0.00406099297106266
232 0.003920741379261017
233 0.003665011376142502
234 0.003739540232345462
235 0.003615079913288355
236 0.004262418951839209
237 0.003628583624958992
238 0.0037113558501005173
239 0.004318001680076122
240 0.0039129736833274364
241 0.003977278713136911
242 0.003913442604243755
243 0.0038212586659938097
244 0.0038260146975517273
245 0.004004693124443293
246 0.004248721990734339
247 0.0044228988699615
248 0.004038179758936167
249 0.003757162718102336
250 0.0037157032638788223
251 0.003563616657629609
252 0.0037431486416608095
253 0.0036509817000478506
254 0.003893953748047352
255 0.0035700618755072355
