0 0.003983102738857269
1 0.0034910873509943485
2 0.0038578009698539972
3 0.0038939809892326593
4 0.004228181205689907
5 0.00392918149009347
6 0.004051771480590105
7 0.004030137322843075
8 0.00403305608779192
9 0.003546228399500251
10 0.004125894512981176
11 0.003920178860425949
12 0.0036773497704416513
13 0.003910960629582405
14 0.003742631757631898
15 0.003962609451264143
16 0.0038050939328968525
17 0.0039704330265522
18 0.0038524961564689875
19 0.0038807012606412172
20 0.004213093314319849
21 0.004109794739633799
22 0.0040369415655732155
23 0.0036469355691224337
24 0.0038266244810074568
25 0.004170410800725222
26 0.00430758623406291
27 0.004115245305001736
28 0.004107693210244179
29 0.0039708311669528484
30 0.004102292470633984
31 0.0037404356990009546
32 0.0037923981435596943
33 0.003592278342694044
34 0.003509439527988434
35 0.003911719657480717
36 0.004118557088077068
37 0.003803838510066271
38 0.003977409563958645
39 0.004213240463286638
40 0.0040854960680007935
41 0.0033884006552398205
42 0.003912904299795628
43 0.00392667343840003
44 0.003904888639226556
45 0.0038938706275075674
46 0.004124410916119814
47 0.003917820751667023
48 0.0039961859583854675
49 0.0037446569185703993
50 0.003995003178715706
51 0.003707578871399164
52 0.004166916944086552
53 0.0037468196824193
54 0.0038153959903866053
55 0.004127472173422575
56 0.0038308780640363693
57 0.0036721935030072927
58 0.003748070215806365
59 0.0037826108746230602
60 0.003950444981455803
61 0.003958508837968111
62 0.004382894840091467
63 0.003816822078078985
64 0.0041174557991325855
65 0.0037508253008127213
66 0.004048286005854607
67 0.0038829289842396975
68 0.003742597997188568
69 0.004092136397957802
70 0.004034450277686119
71 0.004122300539165735
72 0.004107097163796425
73 0.003802129067480564
74 0.003810145193710923
75 0.004151219967752695
76 0.003980665002018213
77 0.0038008836563676596
78 0.0040699937380850315
79 0.003934217616915703
80 0.003786258865147829
81 0.004053554031997919
82 0.0039087869226932526
83 0.003596754977479577
84 0.003952120430767536
85 0.0036472349893301725
86 0.0038091407623142004
87 0.004136393312364817
88 0.0035840398631989956
89 0.003752347780391574
90 0.004285296890884638
91 0.003937951754778624
92 0.003958250395953655
93 0.00422714976593852
94 0.0037032198160886765
95 0.0038418269250541925
96 0.0038196875248104334
97 0.004077737685292959
98 0.0038201892748475075
99 0.004183223471045494
100 0.003942334558814764
101 0.004271851386874914
102 0.0037237443029880524
103 0.004180114716291428
104 0.0038936131168156862
105 0.004379135090857744
106 0.0038133535999804735
107 0.004417652729898691
108 0.004244484938681126
109 0.003921321593225002
110 0.003895101835951209
111 0.0039350055158138275
112 0.0037748024333268404
113 0.004188356921076775
114 0.004054939839988947
115 0.0038189978804439306
116 0.0038488509599119425
117 0.004018683452159166
118 0.0037799219135195017
119 0.0039106146432459354
120 0.0040506636723876
121 0.00405791075900197
122 0.004289562348276377
123 0.0037299974355846643
124 0.004105706233531237
125 0.00397186866030097
126 0.00416603684425354
127 0.003964018076658249
128 0.003649394027888775
129 0.0035488540306687355
130 0.003720032051205635
131 0.0035564559511840343
132 0.003910497296601534
133 0.0040540993213653564
134 0.0037208632566034794
135 0.0036344188265502453
136 0.004127567633986473
137 0.0038483261596411467
138 0.003929572179913521
139 0.0038019493222236633
140 0.0037766566965729
141 0.003744533285498619
142 0.003804342821240425
143 0.0038347041700035334
144 0.003363201394677162
145 0.004080107901245356
146 0.0037972168065607548
147 0.003984174691140652
148 0.003824242390692234
149 0.003747928887605667
150 0.004144855309277773
151 0.004084976855665445
152 0.003626281162723899
153 0.00385230197571218
154 0.0038623460568487644
155 0.0036140335723757744
156 0.003771628951653838
157 0.0036489383783191442
158 0.003994479775428772
159 0.0038310769014060497
160 0.003786832559853792
161 0.003865396836772561
162 0.004191372077912092
163 0.003668384160846472
164 0.0038812505081295967
165 0.0037549312692135572
166 0.003919931128621101
167 0.004001596476882696
168 0.0040970249101519585
169 0.003922233823686838
170 0.003905355231836438
171 0.0036216084845364094
172 0.003637379966676235
173 0.003689561504870653
174 0.004003074485808611
175 0.00410314928740263
176 0.0042112586088478565
177 0.003784166183322668
178 0.0035874126479029655
179 0.003639089409261942
180 0.00397477438673377
181 0.004352353513240814
182 0.003690598765388131
183 0.003789573209360242
184 0.0039613693952560425
185 0.004135469906032085
186 0.0037536502350121737
187 0.0037893466651439667
188 0.00405865116044879
189 0.0039043070282787085
190 0.003984963521361351
191 0.003787371562793851
192 0.003831211244687438
193 0.003798103891313076
194 0.0041756415739655495
195 0.004328412469476461
196 0.004269304219633341
197 0.0037140341009944677
198 0.00394834578037262
199 0.0036690703127533197
200 0.0037696114741265774
201 0.003809551941230893
202 0.0038384173531085253
203 0.003771853866055608
204 0.0037492364645004272
205 0.003759274957701564
206 0.003681634087115526
207 0.003743578912690282
208 0.004007753916084766
209 0.004018739331513643
210 0.0035327975638210773
211 0.00402948958799243
212 0.0036855279467999935
213 0.0038425831589847803
214 0.0040429094806313515
215 0.003971621859818697
216 0.004016130696982145
217 0.003916050307452679
218 0.0040101101621985435
219 0.0036654327996075153
220 0.003890130203217268
221 0.003974950406700373
222 0.0036042993888258934
223 0.004084836225956678
224 0.003792870556935668
225 0.003893139073625207
226 0.003951122052967548
227 0.0037272293120622635
228 0.003961848095059395
229 0.004137514159083366
230 0.003762895707041025
231 0.00416217464953661
232 0.003884012345224619
233 0.00376564497128129
234 0.003700857749208808
235 0.0038837676402181387
236 0.003985168877989054
237 0.0036566101480275393
238 0.0036940111313015223
239 0.0041010030545294285
240 0.003989307675510645
241 0.004119866993278265
242 0.003909646067768335
243 0.003882861230522394
244 0.004101965110749006
245 0.0037097090389579535
246 0.004417327232658863
247 0.004131311550736427
248 0.003873577807098627
249 0.004027813207358122
250 0.003859732998535037
251 0.0037202469538897276
252 0.0037224499974399805
253 0.0036847584415227175
254 0.003921561874449253
255 0.003740158397704363
