0 0.003980366047471762
1 0.0033927804324775934
2 0.0036936344113200903
3 0.0040641650557518005
4 0.004278880078345537
5 0.00382189080119133
6 0.003944398835301399
7 0.0039727040566504
8 0.00409110588952899
9 0.003670268692076206
10 0.004109006840735674
11 0.0036054770462214947
12 0.0037236011121422052
13 0.00392568064853549
14 0.003833591938018799
15 0.003651363542303443
16 0.0038391456473618746
17 0.003690548939630389
18 0.00388705893419683
19 0.004040334839373827
20 0.004337223246693611
21 0.004047531634569168
22 0.004134673625230789
23 0.003643373027443886
24 0.003900543786585331
25 0.0042067416943609715
26 0.004078173078596592
27 0.003857366042211652
28 0.004021467640995979
29 0.00404319167137146
30 0.00433737738057971
31 0.0038696492556482553
32 0.0037175582256168127
33 0.003514443524181843
34 0.003772150492295623
35 0.0038839271292090416
36 0.004083437845110893
37 0.003769652219489217
38 0.0039564878679811954
39 0.004388462286442518
40 0.004131064284592867
41 0.003484141081571579
42 0.003875007387250662
43 0.003872558241710067
44 0.003721279790624976
45 0.004180009011179209
46 0.004159240983426571
47 0.004209818784147501
48 0.003985903225839138
49 0.0037526609376072884
50 0.004118261393159628
51 0.003635570639744401
52 0.003963680472224951
53 0.0037454799748957157
54 0.003602695418521762
55 0.004266873002052307
56 0.004080546088516712
57 0.003734164871275425
58 0.0038193289656192064
59 0.003924648743122816
60 0.00375392846763134
61 0.003718344261869788
62 0.004126016981899738
63 0.0037304400466382504
64 0.0038771270774304867
65 0.0037035311106592417
66 0.0037365795578807592
67 0.003802213119342923
68 0.003752804361283779
69 0.0041872612200677395
70 0.004363612737506628
71 0.00384788797236979
72 0.003980462905019522
73 0.0037329434417188168
74 0.003961589187383652
75 0.0042853690683841705
76 0.004006272181868553
77 0.003745086258277297
78 0.003916495479643345
79 0.0038120418321341276
80 0.0038484418764710426
81 0.004237231332808733
82 0.003975626081228256
83 0.00359412282705307
84 0.004073218442499638
85 0.003981765825301409
86 0.003977023996412754
87 0.0037496103905141354
88 0.003756823018193245
89 0.0037247184664011
90 0.004012246150523424
91 0.003994968254119158
92 0.003910379484295845
93 0.004039397928863764
94 0.003813385032117367
95 0.0038082017563283443
96 0.0041258265264332294
97 0.004157242365181446
98 0.0037623881362378597
99 0.004221506882458925
100 0.0038129915483295918
101 0.004204722121357918
102 0.0036194410640746355
103 0.003940167836844921
104 0.003974845167249441
105 0.003975710831582546
106 0.0037476655561476946
107 0.004564145114272833
108 0.004117450676858425
109 0.0039253574796020985
110 0.0038869495037943125
111 0.004006085451692343
112 0.0038074268959462643
113 0.0042682006023824215
114 0.003861978417262435
115 0.0039265756495296955
116 0.004230958875268698
117 0.003920743241906166
118 0.003842944512143731
119 0.003924692049622536
120 0.004079436883330345
121 0.00422542542219162
122 0.00430856691673398
123 0.003820793004706502
124 0.0039537507109344006
125 0.004152708686888218
126 0.004286463838070631
127 0.003807767992839217
128 0.0036723364610224962
129 0.003602625336498022
130 0.0035963826812803745
131 0.0034745053853839636
132 0.004043961875140667
133 0.004372577182948589
134 0.003868234809488058
135 0.003655440406873822
136 0.0043077487498521805
137 0.0040512653067708015
138 0.004002377390861511
139 0.0040674516931176186
140 0.0036499269772320986
141 0.003849352477118373
142 0.0037396771367639303
143 0.0037338018883019686
144 0.003539951518177986
145 0.0040647052228450775
146 0.003969862591475248
147 0.004011552780866623
148 0.0037972228601574898
149 0.0037987972609698772
150 0.00384505745023489
151 0.004049483686685562
152 0.0033702817745506763
153 0.0037179971113801003
154 0.0036433320492506027
155 0.003528337925672531
156 0.0037244935519993305
157 0.003641006536781788
158 0.004007446579635143
159 0.003819465870037675
160 0.003791957162320614
161 0.00383787602186203
162 0.004248135257512331
163 0.0036187635269016027
164 0.0038593930657953024
165 0.0037213091272860765
166 0.00405930308625102
167 0.003811679081991315
168 0.004262938164174557
169 0.004115399904549122
170 0.0037013962864875793
171 0.003735703183338046
172 0.00362327229231596
173 0.0037046512588858604
174 0.004077811259776354
175 0.004055154509842396
176 0.004202993120998144
177 0.0035969738382846117
178 0.003579219803214073
179 0.003670934122055769
180 0.003645864315330982
181 0.004235482309013605
182 0.0040320442058146
183 0.00398406432941556
184 0.003775072982534766
185 0.004050364717841148
186 0.0036213190760463476
187 0.003907255828380585
188 0.004064285196363926
189 0.0037239084485918283
190 0.004024202935397625
191 0.0038271716330200434
192 0.003908388316631317
193 0.004000829067081213
194 0.004093832802027464
195 0.004319753032177687
196 0.004120644181966782
197 0.003678060369566083
198 0.0038074811454862356
199 0.0038687584456056356
200 0.0035785790532827377
201 0.0039815460331737995
202 0.003770548151805997
203 0.0038470285944640636
204 0.003842348698526621
205 0.003555088536813855
206 0.0035431368742138147
207 0.004015658516436815
208 0.003863782621920109
209 0.004086748231202364
210 0.0037004370242357254
211 0.004216272383928299
212 0.0037070780526846647
213 0.0037613664753735065
214 0.0040224818512797356
215 0.003826069412752986
216 0.0039433678612113
217 0.003948276862502098
218 0.003920658957213163
219 0.0035219902638345957
220 0.004049043171107769
221 0.003927931189537048
222 0.0037575073074549437
223 0.004216225352138281
224 0.003835550509393215
225 0.004052161239087582
226 0.004055993165820837
227 0.003909954335540533
228 0.004192263353615999
229 0.004223513882607222
230 0.0037249750457704067
231 0.004153907299041748
232 0.004026411101222038
233 0.0038605197332799435
234 0.003673496190458536
235 0.0036472587380558252
236 0.003884195117279887
237 0.0037983921356499195
238 0.0035860908683389425
239 0.004090810194611549
240 0.004071771167218685
241 0.003982813563197851
242 0.0037157093174755573
243 0.00360489496961236
244 0.004021361470222473
245 0.0038285537157207727
246 0.0042300038039684296
247 0.004089841619133949
248 0.003962511662393808
249 0.004073615651577711
250 0.0036769278813153505
251 0.0036569845397025347
252 0.003972298931330442
253 0.0037573310546576977
254 0.0039442190900444984
255 0.003871744964271784
