0 0.003989921882748604
1 0.0034698836971074343
2 0.003824049374088645
3 0.004053204786032438
4 0.004356676246970892
5 0.003747242735698819
6 0.003977913875132799
7 0.004161400254815817
8 0.003953143488615751
9 0.003472312819212675
10 0.00435043778270483
11 0.004052496049553156
12 0.003661407856270671
13 0.003977816551923752
14 0.003685688367113471
15 0.0038511580787599087
16 0.003842252539470792
17 0.003936137538403273
18 0.003731216536834836
19 0.004002801608294249
20 0.004029951058328152
21 0.003927776589989662
22 0.003834242932498455
23 0.003832492744550109
24 0.003877274924889207
25 0.0040647117421031
26 0.003825303167104721
27 0.003945110831409693
28 0.004200662020593882
29 0.003936266992241144
30 0.004158858209848404
31 0.003831693669781089
32 0.0036180138122290373
33 0.003523223102092743
34 0.00362555799074471
35 0.003913302440196276
36 0.003990981262177229
37 0.003755952464416623
38 0.003958507440984249
39 0.004305452108383179
40 0.0040497491136193275
41 0.003606263780966401
42 0.003924381919205189
43 0.004035158082842827
44 0.0038802754133939743
45 0.0039152526296675205
46 0.004176536574959755
47 0.004205640405416489
48 0.004366497043520212
49 0.0037717269733548164
50 0.004179083276540041
51 0.0037575294263660908
52 0.004008886404335499
53 0.003655235515907407
54 0.003715179394930601
55 0.0040565612725913525
56 0.004037145059555769
57 0.0037438920699059963
58 0.0036558182910084724
59 0.0040056160651147366
60 0.003655498381704092
61 0.0037366014439612627
62 0.0043416754342615604
63 0.003632876556366682
64 0.004018792416900396
65 0.00351452617906034
66 0.0038647770415991545
67 0.003651417326182127
68 0.0036519092973321676
69 0.003940867725759745
70 0.004327156115323305
71 0.003990469966083765
72 0.00405805092304945
73 0.0037476213183254004
74 0.0038236272521317005
75 0.004231675527989864
76 0.00387703743763268
77 0.003918996546417475
78 0.0038706916384398937
79 0.0037964223884046078
80 0.0038359372410923243
81 0.00428632739931345
82 0.003635139437392354
83 0.003819285426288843
84 0.0041679926216602325
85 0.003763199783861637
86 0.003919650800526142
87 0.003987126052379608
88 0.003569180378690362
89 0.003536864882335067
90 0.00384287117049098
91 0.003876176429912448
92 0.0037981392815709114
93 0.004203285556286573
94 0.0035446551628410816
95 0.0038510288577526808
96 0.0037625753320753574
97 0.003957579843699932
98 0.0036795195192098618
99 0.0039336541667580605
100 0.004223612602800131
101 0.004076828248798847
102 0.0038842575158923864
103 0.004055625759065151
104 0.003902584780007601
105 0.004345729481428862
106 0.003986307419836521
107 0.004219355992972851
108 0.004346159752458334
109 0.0038568878080695868
110 0.00407289806753397
111 0.003789022332057357
112 0.003691630670800805
113 0.004345650784671307
114 0.004225014243274927
115 0.003839508630335331
116 0.004013305064290762
117 0.0038384615909308195
118 0.003500035498291254
119 0.003853163681924343
120 0.003944438882172108
121 0.0038918845821172
122 0.004519397392868996
123 0.003937145229429007
124 0.004085766151547432
125 0.004107718355953693
126 0.004191895015537739
127 0.0038640890270471573
128 0.0035481282975524664
129 0.0036134300753474236
130 0.00368384993635118
131 0.0038009886629879475
132 0.0038679202552884817
133 0.004281849600374699
134 0.003925732336938381
135 0.003537153359502554
136 0.004508323036134243
137 0.003723369212821126
138 0.00390984583646059
139 0.004042246378958225
140 0.0038151126354932785
141 0.003515547839924693
142 0.003872677916660905
143 0.004032232332974672
144 0.003612820990383625
145 0.004110910929739475
146 0.004045131616294384
147 0.004104941617697477
148 0.003798908554017544
149 0.003934038337320089
150 0.004201690666377544
151 0.004115055315196514
152 0.003701134817674756
153 0.003946961369365454
154 0.003932556137442589
155 0.00362800108268857
156 0.0037812956143170595
157 0.0036873382050544024
158 0.003929851111024618
159 0.0037252968177199364
160 0.003761653322726488
161 0.003596652066335082
162 0.004354482050985098
163 0.0037387930788099766
164 0.0038051640149205923
165 0.00398516608402133
166 0.004106541164219379
167 0.004038623534142971
168 0.003967727534472942
169 0.004183248616755009
170 0.0038527976721525192
171 0.003980407491326332
172 0.003778435057029128
173 0.003596337977796793
174 0.004039829596877098
175 0.004058260470628738
176 0.004108419641852379
177 0.0038247588090598583
178 0.00365035911090672
179 0.003746998030692339
180 0.0037624058313667774
181 0.004185774363577366
182 0.004061877261847258
183 0.0038998397067189217
184 0.0038345130160450935
185 0.0041666473262012005
186 0.00371553678996861
187 0.0038987156003713608
188 0.0038256070110946894
189 0.004069541580975056
190 0.003996103536337614
191 0.00361780752427876
192 0.003727592760697007
193 0.004033294040709734
194 0.004194112028926611
195 0.004078403580933809
196 0.00430695153772831
197 0.0036168599035590887
198 0.0037510946858674288
199 0.0038351216353476048
200 0.0036442014388740063
201 0.0038808195386081934
202 0.0038606806192547083
203 0.0037810313515365124
204 0.003829656168818474
205 0.0037371674552559853
206 0.003686388023197651
207 0.003939530812203884
208 0.003921513445675373
209 0.004031018819659948
210 0.0038253795355558395
211 0.004039609804749489
212 0.003780476050451398
213 0.00379761029034853
214 0.004011480137705803
215 0.0038461561780422926
216 0.003962473478168249
217 0.003625744255259633
218 0.0037700203247368336
219 0.0038222912698984146
220 0.003998821601271629
221 0.0038796940352767706
222 0.003757509170100093
223 0.004116235766559839
224 0.004039257299154997
225 0.0037575799506157637
226 0.004054994322359562
227 0.0038069894071668386
228 0.004002705682069063
229 0.004249102436006069
230 0.0040350803174078465
231 0.004060852341353893
232 0.004059079568833113
233 0.0037453165277838707
234 0.0036425304133445024
235 0.0036661510821431875
236 0.004076523706316948
237 0.0036680519115179777
238 0.0037641755770891905
239 0.004320342559367418
240 0.004059402272105217
241 0.004072701092809439
242 0.003775867633521557
243 0.003704374423250556
244 0.003728448646143079
245 0.0038166965823620558
246 0.004140633158385754
247 0.004054500721395016
248 0.003790192073211074
249 0.003831192385405302
250 0.00369648146443069
251 0.0036541675217449665
252 0.0038960841484367847
253 0.003629786428064108
254 0.0038857904728502035
255 0.00385446404106915
