0 0.003978973254561424
1 0.003419961081817746
2 0.0038161964621394873
3 0.003841311438009143
4 0.004177925176918507
5 0.003909717779606581
6 0.004001673776656389
7 0.00412262137979269
8 0.00418731989338994
9 0.003680845256894827
10 0.00422377185896039
11 0.003913197200745344
12 0.0037747807800769806
13 0.0039049587212502956
14 0.0039032490458339453
15 0.003835781943053007
16 0.004244073294103146
17 0.003875277703627944
18 0.003745900932699442
19 0.003936596214771271
20 0.004148559644818306
21 0.00419373856857419
22 0.0038492523599416018
23 0.0037677527870982885
24 0.004039802122861147
25 0.004145743791013956
26 0.004078632220625877
27 0.0038573911879211664
28 0.004102067090570927
29 0.0038235322572290897
30 0.0042725722305476665
31 0.0037740287370979786
32 0.003863311605527997
33 0.0035743520129472017
34 0.00377757684327662
35 0.003926953300833702
36 0.004066568333655596
37 0.00395200913771987
38 0.004068617708981037
39 0.004290069919079542
40 0.004309475887566805
41 0.00348624843172729
42 0.0038584969006478786
43 0.0037152464501559734
44 0.0039069438353180885
45 0.003898153081536293
46 0.004432620946317911
47 0.004180746152997017
48 0.004038701765239239
49 0.0038569995667785406
50 0.004166550934314728
51 0.003798794001340866
52 0.004103230778127909
53 0.0038515462074428797
54 0.003784413682296872
55 0.003997910767793655
56 0.003959668800234795
57 0.003803353291004896
58 0.0038413419388234615
59 0.0038056240882724524
60 0.00375777087174356
61 0.004050394985824823
62 0.0041605220176279545
63 0.003821877297013998
64 0.0038909325376152992
65 0.0037930412217974663
66 0.0038829389959573746
67 0.003804799634963274
68 0.0038831066340208054
69 0.0041194637306034565
70 0.004307777155190706
71 0.003969143610447645
72 0.003687018994241953
73 0.00379410432651639
74 0.004035597667098045
75 0.004376803059130907
76 0.004397306125611067
77 0.0037576109170913696
78 0.003932226449251175
79 0.003958694636821747
80 0.003716842969879508
81 0.00407138466835022
82 0.0038238291162997484
83 0.0036147756036370993
84 0.0038094744086265564
85 0.003878038376569748
86 0.003696092404425144
87 0.004163265693932772
88 0.00350387510843575
89 0.0037834893446415663
90 0.0038893187884241343
91 0.004213106818497181
92 0.00405400525778532
93 0.004330557305365801
94 0.003797932993620634
95 0.003680233145132661
96 0.0037571419961750507
97 0.0039511788636446
98 0.003796184668317437
99 0.0040549663826823235
100 0.003847994841635227
101 0.0038919749204069376
102 0.0036899764090776443
103 0.004151042550802231
104 0.0036094801034778357
105 0.004175354726612568
106 0.003903380362316966
107 0.004428279586136341
108 0.004200591705739498
109 0.003830302506685257
110 0.004072550218552351
111 0.00394233874976635
112 0.0036554322578012943
113 0.004328145179897547
114 0.003974027931690216
115 0.003552124835550785
116 0.004002343397587538
117 0.003796903882175684
118 0.0035135161597281694
119 0.004040864296257496
120 0.0040212273597717285
121 0.004330787342041731
122 0.004580826498568058
123 0.003872497472912073
124 0.003949165344238281
125 0.004022093489766121
126 0.003971120808273554
127 0.0038679656572639942
128 0.0036055424716323614
129 0.003726464230567217
130 0.0037460795138031244
131 0.003491576062515378
132 0.004068370442837477
133 0.004284417722374201
134 0.0036755462642759085
135 0.0035136151127517223
136 0.004150801803916693
137 0.0038490125443786383
138 0.004077059216797352
139 0.004037843551486731
140 0.003626786405220628
141 0.0036121997982263565
142 0.003807398257777095
143 0.0038150313775986433
144 0.00321487826295197
145 0.004198004025965929
146 0.0035978290252387524
147 0.004103363957256079
148 0.003735732054337859
149 0.003781689330935478
150 0.003800039878115058
151 0.00411964301019907
152 0.003644910641014576
153 0.004020650405436754
154 0.003876909613609314
155 0.003632195293903351
156 0.0036894013173878193
157 0.0036541821900755167
158 0.0039264000952243805
159 0.0037773901131004095
160 0.003535372903570533
161 0.0039307433180511
162 0.004015989135950804
163 0.0035544149577617645
164 0.0038223799783736467
165 0.003830851288512349
166 0.003914973232895136
167 0.004070943687111139
168 0.004286689218133688
169 0.003970603924244642
170 0.003755348501726985
171 0.003838923526927829
172 0.003692511934787035
173 0.003470078809186816
174 0.0040464275516569614
175 0.0038893199525773525
176 0.004263884387910366
177 0.0038874680176377296
178 0.0036031019408255816
179 0.003687524003908038
180 0.0038169282488524914
181 0.004184917081147432
182 0.0038082345854490995
183 0.003914802800863981
184 0.00404653325676918
185 0.004020627588033676
186 0.0034512151032686234
187 0.0038136811926960945
188 0.003929636441171169
189 0.003831277135759592
190 0.003821523394435644
191 0.003735118545591831
192 0.004136992618441582
193 0.003978353925049305
194 0.004279854241758585
195 0.004076673649251461
196 0.00418095150962472
197 0.0038829748518764973
198 0.0038291679229587317
199 0.0040238769724965096
200 0.0036222392227500677
201 0.0037685984279960394
202 0.0039826431311666965
203 0.0038060718216001987
204 0.0038533436600118876
205 0.0037648186553269625
206 0.003807822708040476
207 0.004003038629889488
208 0.003954682033509016
209 0.003884044010192156
210 0.0035604641307145357
211 0.003917051013559103
212 0.0035400036722421646
213 0.004051049239933491
214 0.003957306034862995
215 0.004115380346775055
216 0.0040796855464577675
217 0.003863010322675109
218 0.0038731831591576338
219 0.00365786743350327
220 0.003834325587376952
221 0.004234349820762873
222 0.0035583782009780407
223 0.0041407011449337006
224 0.003719855332747102
225 0.004049328621476889
226 0.003965986426919699
227 0.003732738085091114
228 0.003959785681217909
229 0.004104534164071083
230 0.003682425245642662
231 0.004100422840565443
232 0.004062000662088394
233 0.003932160325348377
234 0.003723146626725793
235 0.003698713146150112
236 0.00409617880359292
237 0.0038181792479008436
238 0.0037767477333545685
239 0.004132744390517473
240 0.003935646265745163
241 0.003934600856155157
242 0.0037428259383887053
243 0.0035216216929256916
244 0.004259444307535887
245 0.003861974226310849
246 0.0041644880548119545
247 0.004008124116808176
248 0.003978033550083637
249 0.0036917258985340595
250 0.0035685787443071604
251 0.003443468129262328
252 0.003972792066633701
253 0.003829390276223421
254 0.004217611625790596
255 0.003740912303328514
