0 0.003955446649342775
1 0.003316056216135621
2 0.003940814174711704
3 0.003879687050357461
4 0.004235570784658194
5 0.004091362003237009
6 0.00392183056101203
7 0.003916190937161446
8 0.004156835842877626
9 0.0034960079938173294
10 0.003853260539472103
11 0.003845249069854617
12 0.004066574852913618
13 0.003945875447243452
14 0.003901661140844226
15 0.004100693389773369
16 0.004132809117436409
17 0.0038908449932932854
18 0.0039832512848079205
19 0.003855353221297264
20 0.004214777611196041
21 0.0040145074017345905
22 0.003886856371536851
23 0.0039009780157357454
24 0.003744045738130808
25 0.004222957883030176
26 0.003976312931627035
27 0.004159726668149233
28 0.004238628316670656
29 0.003992571495473385
30 0.004225604701787233
31 0.0037134976591914892
32 0.0034099069889634848
33 0.0036944118328392506
34 0.0034587346017360687
35 0.0040238299407064915
36 0.004176184069365263
37 0.0038506556302309036
38 0.003899293951690197
39 0.004278217907994986
40 0.004185305908322334
41 0.0034091637935489416
42 0.00392924714833498
43 0.003925844561308622
44 0.004160295240581036
45 0.0038398769684135914
46 0.0043077850714325905
47 0.004182259552180767
48 0.0042687370441854
49 0.003693908452987671
50 0.004084188956767321
51 0.003560640150681138
52 0.003971067722886801
53 0.003935961052775383
54 0.004137468058615923
55 0.004138917196542025
56 0.004432251676917076
57 0.003730746218934655
58 0.003939695656299591
59 0.003735206788405776
60 0.003923100419342518
61 0.003833819879218936
62 0.004122485872358084
63 0.003379363566637039
64 0.004268362652510405
65 0.003866561222821474
66 0.003965567331761122
67 0.003856963012367487
68 0.0039992681704461575
69 0.004098676145076752
70 0.0041527170687913895
71 0.00383289554156363
72 0.003953987266868353
73 0.0035136009100824594
74 0.0037279322277754545
75 0.004063094966113567
76 0.0038491939194500446
77 0.003931116312742233
78 0.0038646089378744364
79 0.003626314690336585
80 0.003644346259534359
81 0.0038695756811648607
82 0.003750244155526161
83 0.00377491838298738
84 0.0039351945742964745
85 0.0035702409222722054
86 0.0037494879215955734
87 0.0036257326137274504
88 0.0035270624794065952
89 0.003699504304677248
90 0.00379273877479136
91 0.003578545991331339
92 0.0037723472341895103
93 0.004385948181152344
94 0.0037124597001820803
95 0.003959518391638994
96 0.0039755855686962605
97 0.0043948981910943985
98 0.0036676512099802494
99 0.0038147654850035906
100 0.0038741251919418573
101 0.004147836472839117
102 0.003861138829961419
103 0.004124673083424568
104 0.0036206315271556377
105 0.004291999619454145
106 0.0037999337073415518
107 0.004357084631919861
108 0.0041287061758339405
109 0.0036427148152142763
110 0.0041623469442129135
111 0.003843466518446803
112 0.0036254485603421926
113 0.004181412979960442
114 0.003990833647549152
115 0.00413548294454813
116 0.0035829199478030205
117 0.003966427408158779
118 0.0036455385852605104
119 0.0037971767596900463
120 0.0037289473693817854
121 0.004074763040989637
122 0.004475788678973913
123 0.003948440309613943
124 0.004142366349697113
125 0.0038520623929798603
126 0.004164826590567827
127 0.003878288669511676
128 0.003395130392163992
129 0.0036927370820194483
130 0.0035102071706205606
131 0.0036553882528096437
132 0.0037598335184156895
133 0.003992802929133177
134 0.003958820831030607
135 0.003728689393028617
136 0.004418541211634874
137 0.0038535413332283497
138 0.0042797173373401165
139 0.0037908623926341534
140 0.0037445547059178352
141 0.0035774861462414265
142 0.003942125476896763
143 0.003843325888738036
144 0.003574340371415019
145 0.004241021350026131
146 0.004041700623929501
147 0.0037302502896636724
148 0.0038232451770454645
149 0.004019143991172314
150 0.004100505728274584
151 0.004042446613311768
152 0.0034949861001223326
153 0.003675366984680295
154 0.003911171108484268
155 0.0036000236868858337
156 0.003794400952756405
157 0.003820546204224229
158 0.003822913859039545
159 0.0036464158911257982
160 0.0037642198149114847
161 0.0035827173851430416
162 0.00445422763004899
163 0.003520625876262784
164 0.003725379705429077
165 0.00381874549202621
166 0.003925061319023371
167 0.0037886640056967735
168 0.0040507810190320015
169 0.004204910714179277
170 0.0037714128848165274
171 0.0038734846748411655
172 0.003658059984445572
173 0.003952581901103258
174 0.003838673932477832
175 0.0038731570821255445
176 0.004449427127838135
177 0.003712313249707222
178 0.003442100714892149
179 0.003813035786151886
180 0.003713630372658372
181 0.004009731579571962
182 0.004107985179871321
183 0.0036972747184336185
184 0.004089918918907642
185 0.004253486171364784
186 0.0035008646082133055
187 0.0038933393079787493
188 0.0038133778143674135
189 0.0038266589399427176
190 0.004014648962765932
191 0.0035957565996795893
192 0.003614100394770503
193 0.004103619605302811
194 0.0037963795475661755
195 0.004397805780172348
196 0.0043372116051614285
197 0.003869261359795928
198 0.004007356707006693
199 0.0038827196694910526
200 0.004021158907562494
201 0.003729236079379916
202 0.004151157569140196
203 0.003938623238354921
204 0.003954174928367138
205 0.004004721529781818
206 0.00378329586237669
207 0.004257182590663433
208 0.004088249057531357
209 0.004237214103341103
210 0.0038468714337795973
211 0.004186852369457483
212 0.0035475515760481358
213 0.004003004636615515
214 0.004244551993906498
215 0.003845571307465434
216 0.004152938723564148
217 0.004176650196313858
218 0.003866744227707386
219 0.0038366529624909163
220 0.003941661212593317
221 0.003983649890869856
222 0.0037479642778635025
223 0.004118782468140125
224 0.003845012513920665
225 0.003581346245482564
226 0.0041293008252978325
227 0.0038912768941372633
228 0.003976431209594011
229 0.004111961927264929
230 0.003922829404473305
231 0.004286238923668861
232 0.0037922014016658068
233 0.00346501637250185
234 0.0037751575000584126
235 0.0037772466894239187
236 0.0041052852757275105
237 0.0037967567332088947
238 0.0038207718171179295
239 0.0041840532794594765
240 0.004033037927001715
241 0.003937020897865295
242 0.00399493845179677
243 0.003907502628862858
244 0.003733416087925434
245 0.003553626127541065
246 0.004042466636747122
247 0.004161947872489691
248 0.004179942887276411
249 0.003650440601631999
250 0.0037573648151010275
251 0.0036225805524736643
252 0.0037589820567518473
253 0.0037689029704779387
254 0.003652237355709076
255 0.0036818520165979862
