0 0.0038738329894840717
1 0.003665743861347437
2 0.0039001936092972755
3 0.004050391260534525
4 0.004046282730996609
5 0.0038513652980327606
6 0.003979355562478304
7 0.00412115640938282
8 0.004068789072334766
9 0.0037843510508537292
10 0.00417000288143754
11 0.003920885268598795
12 0.0036494643427431583
13 0.0037756599485874176
14 0.0035439585335552692
15 0.0038814654108136892
16 0.004059615544974804
17 0.003870657179504633
18 0.0038587150629609823
19 0.0041167703457176685
20 0.00395008223131299
21 0.0041702608577907085
22 0.003925575874745846
23 0.0037600502837449312
24 0.0037944959476590157
25 0.00408975500613451
26 0.004054579883813858
27 0.004015776328742504
28 0.004170892294496298
29 0.00403365446254611
30 0.00417515030130744
31 0.0039667049422860146
32 0.003677660832181573
33 0.0035628555342555046
34 0.0037539128679782152
35 0.003929911646991968
36 0.004051073919981718
37 0.003815376665443182
38 0.0038140893448144197
39 0.004140324424952269
40 0.004096633289009333
41 0.0034502865746617317
42 0.003847785759717226
43 0.0037709663156419992
44 0.003800611011683941
45 0.0037683206610381603
46 0.004081485327333212
47 0.0040557426400482655
48 0.004116586875170469
49 0.003745676949620247
50 0.004103426821529865
51 0.003579707583412528
52 0.004107728134840727
53 0.0038047197740525007
54 0.0038915053009986877
55 0.004087199456989765
56 0.004001926630735397
57 0.0036512590013444424
58 0.0035665116738528013
59 0.003947676625102758
60 0.0038933507166802883
61 0.00372591451741755
62 0.004151095636188984
63 0.003871706547215581
64 0.0038595290388911963
65 0.0036479628179222345
66 0.003863408463075757
67 0.0038872112054377794
68 0.0037695697974413633
69 0.004000398796051741
70 0.00421537272632122
71 0.003884891513735056
72 0.004011023323982954
73 0.003759515006095171
74 0.00392130296677351
75 0.0042794388718903065
76 0.004003345035016537
77 0.004027486778795719
78 0.0039164223708212376
79 0.0037617587950080633
80 0.0036143511533737183
81 0.004239346366375685
82 0.003999402746558189
83 0.0037481545004993677
84 0.003922601230442524
85 0.00383021985180676
86 0.003808374982327223
87 0.00395029503852129
88 0.003686661599203944
89 0.003709908574819565
90 0.004076837096363306
91 0.003860119730234146
92 0.004059866536408663
93 0.004248302895575762
94 0.003710607998073101
95 0.003754419507458806
96 0.003812444629147649
97 0.004101522732526064
98 0.0038117514923214912
99 0.0040998379699885845
100 0.0038610370829701424
101 0.004174189176410437
102 0.0037401909939944744
103 0.003970471676439047
104 0.003778285812586546
105 0.004190406296402216
106 0.0038821788039058447
107 0.004192809574306011
108 0.0043821497820317745
109 0.003911565523594618
110 0.0038871353026479483
111 0.00403009494766593
112 0.003699752502143383
113 0.004248771350830793
114 0.0039556859992444515
115 0.003706219606101513
116 0.003875698195770383
117 0.003764989087358117
118 0.003748367540538311
119 0.004036774858832359
120 0.004001898225396872
121 0.004064062610268593
122 0.0043707662262022495
123 0.003779270686209202
124 0.004050438292324543
125 0.004070404451340437
126 0.004115179181098938
127 0.0037320589181035757
128 0.003666888689622283
129 0.003855325747281313
130 0.003839522833004594
131 0.003889401676133275
132 0.0038082702085375786
133 0.004313677549362183
134 0.0038271592929959297
135 0.0035938869696110487
136 0.004298966843634844
137 0.00377941457554698
138 0.003980419132858515
139 0.004050157964229584
140 0.003763806074857712
141 0.0034118921030312777
142 0.0037808616179972887
143 0.0037921324837952852
144 0.0037008351646363735
145 0.004089343827217817
146 0.0040323552675545216
147 0.003889593295753002
148 0.0038311141543090343
149 0.003849392756819725
150 0.003974331077188253
151 0.004023483954370022
152 0.003670615144073963
153 0.0038330715615302324
154 0.003975551109761
155 0.003728492883965373
156 0.003932884428650141
157 0.0039042653515934944
158 0.004210271406918764
159 0.0038306638598442078
160 0.003702475456520915
161 0.003612344153225422
162 0.004116290248930454
163 0.003764732973650098
164 0.0038162542041391134
165 0.0036904632579535246
166 0.003906759899109602
167 0.003969842568039894
168 0.004254995379596949
169 0.004007451236248016
170 0.003936790861189365
171 0.00384561438113451
172 0.0037655995693057775
173 0.003740667598322034
174 0.00399060221388936
175 0.003910991828888655
176 0.004105743952095509
177 0.003869133535772562
178 0.0035036401823163033
179 0.0035599323455244303
180 0.003914250526577234
181 0.0041150785982608795
182 0.003906796220690012
183 0.003833482973277569
184 0.004095575772225857
185 0.004261983558535576
186 0.003641019342467189
187 0.003780969185754657
188 0.003928552381694317
189 0.003778735175728798
190 0.00400284118950367
191 0.0037815403193235397
192 0.0037110508419573307
193 0.0038297378923743963
194 0.004087934736162424
195 0.004217293579131365
196 0.004162255674600601
197 0.003609464270994067
198 0.003771733958274126
199 0.0037990366108715534
200 0.003651984501630068
201 0.0037883000914007425
202 0.003861321834847331
203 0.0037925972137600183
204 0.003840721445158124
205 0.003668999532237649
206 0.003845897736027837
207 0.004093939438462257
208 0.004076211713254452
209 0.003995767794549465
210 0.003724390873685479
211 0.0040997955948114395
212 0.0038728932850062847
213 0.0038515301421284676
214 0.00406518904492259
215 0.004015068989247084
216 0.004061630927026272
217 0.004060104489326477
218 0.0037717411760240793
219 0.003972562029957771
220 0.004130562301725149
221 0.003958439454436302
222 0.0036508096382021904
223 0.004066193010658026
224 0.003949334844946861
225 0.003869579639285803
226 0.003952264320105314
227 0.0038951232563704252
228 0.003960786387324333
229 0.004141174256801605
230 0.00388591387309134
231 0.004166635684669018
232 0.0038511736784130335
233 0.0038263145834207535
234 0.003759828396141529
235 0.003810378722846508
236 0.004095346666872501
237 0.003572694258764386
238 0.003769387025386095
239 0.00432516448199749
240 0.003923959564417601
241 0.003984465263783932
242 0.0038901185616850853
243 0.003744392888620496
244 0.0038220395799726248
245 0.003842261154204607
246 0.004143596161156893
247 0.003954223822802305
248 0.003977749962359667
249 0.00394813297316432
250 0.003792411647737026
251 0.0035947877913713455
252 0.003763363929465413
253 0.0036525512114167213
254 0.0038779822643846273
255 0.0036793372128158808
