0 0.003942735958844423
1 0.0033665206283330917
2 0.0038566752336919308
3 0.003932838328182697
4 0.003916802816092968
5 0.003913030494004488
6 0.00413244403898716
7 0.0038330077659338713
8 0.004053974989801645
9 0.003542071906849742
10 0.0042818752117455006
11 0.0038825178053230047
12 0.0036149765364825726
13 0.0038286808412522078
14 0.0038657498080283403
15 0.004091734532266855
16 0.0040027000941336155
17 0.003932693507522345
18 0.0036457274109125137
19 0.0039759306237101555
20 0.00400362815707922
21 0.003978796768933535
22 0.004110568668693304
23 0.0035865718964487314
24 0.0038680355064570904
25 0.0042061214335262775
26 0.003976431209594011
27 0.003927215002477169
28 0.004139277618378401
29 0.004181451629847288
30 0.00441802479326725
31 0.004060752689838409
32 0.0037561752833426
33 0.00349833513610065
34 0.0035912676248699427
35 0.004299764055758715
36 0.004155726172029972
37 0.003834301605820656
38 0.004096508491784334
39 0.0041314843110740185
40 0.0041014086455106735
41 0.003475602949038148
42 0.003932076506316662
43 0.003697639564052224
44 0.0037494327407330275
45 0.0039057198446244
46 0.004129081964492798
47 0.004227926954627037
48 0.003917174879461527
49 0.003736450569704175
50 0.004019506741315126
51 0.003590437350794673
52 0.004031599499285221
53 0.0039703818038105965
54 0.003757582511752844
55 0.004059046506881714
56 0.003945720847696066
57 0.003960215020924807
58 0.003757690079510212
59 0.003847226034849882
60 0.0037997104227542877
61 0.004068725276738405
62 0.004268929362297058
63 0.00369151309132576
64 0.003938205074518919
65 0.0037795589305460453
66 0.0038743990007787943
67 0.0038874121382832527
68 0.003724220208823681
69 0.003827916458249092
70 0.004279019311070442
71 0.003749179420992732
72 0.004034494049847126
73 0.00380243849940598
74 0.004024454392492771
75 0.004319354426115751
76 0.004043506924062967
77 0.004007511772215366
78 0.0037382133305072784
79 0.0038366185035556555
80 0.003608542028814554
81 0.004042868968099356
82 0.003947999328374863
83 0.003763633081689477
84 0.00412714434787631
85 0.0038670082576572895
86 0.003918934613466263
87 0.003831770969554782
88 0.0036282769870013
89 0.0037227252032607794
90 0.003929181024432182
91 0.0037534383591264486
92 0.004049599636346102
93 0.003999991808086634
94 0.003665763884782791
95 0.003937008325010538
96 0.003980402369052172
97 0.00423302361741662
98 0.003954253625124693
99 0.004113492090255022
100 0.003943339921534061
101 0.004316396079957485
102 0.0036575759295374155
103 0.004268193617463112
104 0.0036560415755957365
105 0.004141692537814379
106 0.0038325206842273474
107 0.004327121656388044
108 0.0043419841676950455
109 0.0040544853545725346
110 0.004158643074333668
111 0.003879015566781163
112 0.003847378073260188
113 0.004133220762014389
114 0.0040807719342410564
115 0.003994263242930174
116 0.004097319673746824
117 0.003926251083612442
118 0.0036343946121633053
119 0.0038711107335984707
120 0.0041337283328175545
121 0.004060462117195129
122 0.004513423889875412
123 0.0037997188046574593
124 0.004077213816344738
125 0.0040226592682302
126 0.00407725153490901
127 0.003929497674107552
128 0.0036045867018401623
129 0.00373611762188375
130 0.003736529964953661
131 0.003518708748742938
132 0.004045206122100353
133 0.004109816160053015
134 0.0039702290669083595
135 0.003495996119454503
136 0.004222571849822998
137 0.004076890181750059
138 0.003888936247676611
139 0.003977359738200903
140 0.003520251950249076
141 0.0036268241237848997
142 0.003726122435182333
143 0.0036190312821418047
144 0.0036435818765312433
145 0.00398168945685029
146 0.003814052790403366
147 0.003867825958877802
148 0.003965022973716259
149 0.003988596610724926
150 0.004147679544985294
151 0.004065666347742081
152 0.00378408026881516
153 0.0037108908873051405
154 0.003867177292704582
155 0.0034581732470542192
156 0.0038546116556972265
157 0.003614666173234582
158 0.003764403983950615
159 0.003622482530772686
160 0.003773380070924759
161 0.0038533720653504133
162 0.00444665364921093
163 0.0037536220625042915
164 0.003979828674346209
165 0.004015957936644554
166 0.004037164617329836
167 0.004015748854726553
168 0.003811392467468977
169 0.0038322526961565018
170 0.0036903878208249807
171 0.0037897839210927486
172 0.0036778401117771864
173 0.003818508004769683
174 0.0037365404423326254
175 0.0039429678581655025
176 0.00407366780564189
177 0.003799772122874856
178 0.0034200730733573437
179 0.003597735892981291
180 0.003792789299041033
181 0.0038993163034319878
182 0.003839178942143917
183 0.0037607410922646523
184 0.003968128468841314
185 0.00410798704251647
186 0.0036255011800676584
187 0.003796487580984831
188 0.004044657573103905
189 0.003875110996887088
190 0.0038553897757083178
191 0.0036662311758846045
192 0.0036887042224407196
193 0.003951506223529577
194 0.004266899079084396
195 0.004208478610962629
196 0.004328952636569738
197 0.003747732611373067
198 0.0040529086254537106
199 0.003891559084877372
200 0.0037071937695145607
201 0.003923643380403519
202 0.0038948743604123592
203 0.0037812732625752687
204 0.0037517340388149023
205 0.0034568062983453274
206 0.0034783489536494017
207 0.004065703134983778
208 0.0038321635220199823
209 0.0040862830355763435
210 0.003968712408095598
211 0.004135137889534235
212 0.003661309601739049
213 0.0038481191731989384
214 0.004134390968829393
215 0.003947656136006117
216 0.004074811469763517
217 0.00419500982388854
218 0.003725574351847172
219 0.0037863098550587893
220 0.003995392005890608
221 0.004123043268918991
222 0.0036499544512480497
223 0.004304998554289341
224 0.0037932239938527346
225 0.003747147275134921
226 0.003867856692522764
227 0.003840894205495715
228 0.004164767451584339
229 0.004319826606661081
230 0.004044597968459129
231 0.003996304702013731
232 0.0038494018372148275
233 0.003786211833357811
234 0.003529516514390707
235 0.003918778616935015
236 0.004109345376491547
237 0.003740875516086817
238 0.0037905126810073853
239 0.003932267427444458
240 0.00392048479989171
241 0.004001874942332506
242 0.003721546847373247
243 0.0036947461776435375
244 0.003998793661594391
245 0.003917783964425325
246 0.00422517117112875
247 0.0039939857088029385
248 0.004039369057863951
249 0.003866582876071334
250 0.003561788471415639
251 0.003719266038388014
252 0.003925369121134281
253 0.003493605414405465
254 0.003849298693239689
255 0.003858485259115696
