0 0.004133961163461208
1 0.0033391378819942474
2 0.0038667682092636824
3 0.004064339213073254
4 0.004295500461012125
5 0.0036183041520416737
6 0.004196270368993282
7 0.0040888539515435696
8 0.0043611363507807255
9 0.003716375445947051
10 0.004412035457789898
11 0.004013733472675085
12 0.00352119212038815
13 0.003837276715785265
14 0.003741404740139842
15 0.003828800981864333
16 0.0039480687119066715
17 0.003978095017373562
18 0.00355818634852767
19 0.003952715080231428
20 0.004026615526527166
21 0.0039488025940954685
22 0.003864977275952697
23 0.003791542025282979
24 0.0039251456037163734
25 0.004181091673672199
26 0.003923557233065367
27 0.0037427491042762995
28 0.003995740320533514
29 0.003988007083535194
30 0.004205759149044752
31 0.003988741431385279
32 0.003671223297715187
33 0.0036926944740116596
34 0.00350139569491148
35 0.003947051241993904
36 0.00410602567717433
37 0.003710727905854583
38 0.003992174286395311
39 0.004180832765996456
40 0.004091429524123669
41 0.003518930869176984
42 0.004011855460703373
43 0.003783841384574771
44 0.0038198160473257303
45 0.004102763719856739
46 0.004170925822108984
47 0.0044302260503172874
48 0.004059793893247843
49 0.003951467107981443
50 0.004205081611871719
51 0.0035984909627586603
52 0.004170423839241266
53 0.0035829178523272276
54 0.0037941643968224525
55 0.004064240958541632
56 0.004141741897910833
57 0.0038955819327384233
58 0.003869015024974942
59 0.0037678172811865807
60 0.003654545173048973
61 0.004027869552373886
62 0.004288868512958288
63 0.0037057797890156507
64 0.003872920060530305
65 0.0037298277020454407
66 0.0038814854342490435
67 0.0038515187334269285
68 0.0037053804844617844
69 0.003945580683648586
70 0.004332507029175758
71 0.0037784131709486246
72 0.003875992028042674
73 0.0038007418625056744
74 0.0037537002936005592
75 0.004337770398706198
76 0.003968851175159216
77 0.004027272574603558
78 0.00407999474555254
79 0.003894184483215213
80 0.0038233790546655655
81 0.004095895681530237
82 0.003989419899880886
83 0.0036569819785654545
84 0.003900834359228611
85 0.0037270146422088146
86 0.003715475322678685
87 0.003864328609779477
88 0.003470530267804861
89 0.003781344508752227
90 0.003928023856133223
91 0.0038986948784440756
92 0.0041367849335074425
93 0.004293238278478384
94 0.0036887035239487886
95 0.0038275858387351036
96 0.0037588358391076326
97 0.004052383359521627
98 0.003906525205820799
99 0.004095653537660837
100 0.003918134141713381
101 0.004137568175792694
102 0.0038023898378014565
103 0.004369507543742657
104 0.003618067130446434
105 0.004202378913760185
106 0.004039968363940716
107 0.004488663282245398
108 0.004304957576096058
109 0.004032375756651163
110 0.004187526181340218
111 0.003756029298529029
112 0.00357721745967865
113 0.00402160594239831
114 0.0038966930005699396
115 0.0036426037549972534
116 0.004217932466417551
117 0.0038148497696965933
118 0.0034412310924381018
119 0.0037643841933459044
120 0.003979148808866739
121 0.003991195000708103
122 0.004633523989468813
123 0.003950830549001694
124 0.004028955940157175
125 0.003695368068292737
126 0.00427863746881485
127 0.0038336829748004675
128 0.0036990633234381676
129 0.0034560433123260736
130 0.0036328197456896305
131 0.003546428633853793
132 0.0038641609717160463
133 0.00426508579403162
134 0.0036317044869065285
135 0.003389146411791444
136 0.0044784569181501865
137 0.004113600589334965
138 0.0037486092187464237
139 0.003959829919040203
140 0.003511137096211314
141 0.003465068293735385
142 0.0039046171586960554
143 0.0038082324899733067
144 0.0036161390598863363
145 0.0038500402588397264
146 0.0038232060614973307
147 0.003840989898890257
148 0.003877789480611682
149 0.0038846039678901434
150 0.003899119095876813
151 0.004062148276716471
152 0.0036219230387359858
153 0.003991972655057907
154 0.003965048119425774
155 0.003501896047964692
156 0.0037939101457595825
157 0.003521122271195054
158 0.0038761598989367485
159 0.0037672033067792654
160 0.003729039104655385
161 0.003792232135310769
162 0.0043417057022452354
163 0.003582017496228218
164 0.003997649531811476
165 0.003879094962030649
166 0.003961215727031231
167 0.0040388647466897964
168 0.0038234509993344545
169 0.0038813205901533365
170 0.0038001500070095062
171 0.003976346459239721
172 0.0037711032200604677
173 0.003964764531701803
174 0.004003513138741255
175 0.00408799946308136
176 0.0042653633281588554
177 0.003820919431746006
178 0.0036591242533177137
179 0.003592498367652297
180 0.003722887020558119
181 0.003957880195230246
182 0.004094972740858793
183 0.0040417322888970375
184 0.00394952530041337
185 0.004096184857189655
186 0.0035717622376978397
187 0.0037096156738698483
188 0.00419032434001565
189 0.00380352302454412
190 0.0039128148928284645
191 0.003877988550812006
192 0.0038796698208898306
193 0.003965255804359913
194 0.003982124384492636
195 0.00420463876798749
196 0.00438374187797308
197 0.003767572343349457
198 0.004009549971669912
199 0.004031014163047075
200 0.003771966090425849
201 0.0036333997268229723
202 0.003757253522053361
203 0.0037420724984258413
204 0.003675134154036641
205 0.003929316997528076
206 0.0036984870675951242
207 0.004174547735601664
208 0.003977058455348015
209 0.0040181223303079605
210 0.003908836282789707
211 0.004016912542283535
212 0.003604661673307419
213 0.0038329584058374166
214 0.004209917038679123
215 0.004101992584764957
216 0.004100951366126537
217 0.004213063046336174
218 0.0036473653744906187
219 0.003749263472855091
220 0.003946886397898197
221 0.003951995633542538
222 0.003578142262995243
223 0.004062262829393148
224 0.0036597000434994698
225 0.004114662762731314
226 0.004023117944598198
227 0.0035551823675632477
228 0.004113016650080681
229 0.004420556593686342
230 0.003964299336075783
231 0.004120536148548126
232 0.003952916711568832
233 0.0037510881666094065
234 0.003943009302020073
235 0.0038672026712447405
236 0.003944528289139271
237 0.0037492660339921713
238 0.003660310059785843
239 0.003936850465834141
240 0.004115354269742966
241 0.004067193251103163
242 0.0036909845657646656
243 0.003482826752588153
244 0.0038607886526733637
245 0.0039285700768232346
246 0.004121682140976191
247 0.004217252135276794
248 0.003973069135099649
249 0.0036722428631037474
250 0.003673234721645713
251 0.0033748236019164324
252 0.003856832394376397
253 0.003927308600395918
254 0.0039947968907654285
255 0.0038380371406674385
