0 0.0038406765088438988
1 0.0033680384512990713
2 0.0037879536394029856
3 0.003912764135748148
4 0.00412431824952364
5 0.003981926012784243
6 0.0041744401678442955
7 0.0039510177448391914
8 0.004055475350469351
9 0.0034369786735624075
10 0.004131671506911516
11 0.003843048121780157
12 0.003730734344571829
13 0.003706775838509202
14 0.003791718976572156
15 0.003892156993970275
16 0.003875790862366557
17 0.003978606313467026
18 0.0038740597665309906
19 0.003923816606402397
20 0.004249880090355873
21 0.00421107979491353
22 0.004012704826891422
23 0.0036295950412750244
24 0.0038119247183203697
25 0.004061869345605373
26 0.004002108704298735
27 0.0040916502475738525
28 0.003973590675741434
29 0.0037944468203932047
30 0.004193056840449572
31 0.003820185549557209
32 0.003779431339353323
33 0.003569240216165781
34 0.0036158368457108736
35 0.004085169173777103
36 0.003979891538619995
37 0.0034819364082068205
38 0.003978815395385027
39 0.003955939784646034
40 0.0040363711304962635
41 0.0034171566367149353
42 0.0038898095954209566
43 0.0037629043217748404
44 0.003878592047840357
45 0.0038966990541666746
46 0.004361669532954693
47 0.004192096181213856
48 0.0037552467547357082
49 0.0037306565791368484
50 0.004196574445813894
51 0.003610537853091955
52 0.003958330489695072
53 0.003769694594666362
54 0.0039151874370872974
55 0.003981276415288448
56 0.004088337998837233
57 0.003659778507426381
58 0.003957303706556559
59 0.004003533627837896
60 0.003806513734161854
61 0.003909056540578604
62 0.004249664023518562
63 0.0037427784409374
64 0.003962736576795578
65 0.003852302208542824
66 0.0037704710848629475
67 0.004067257046699524
68 0.003859694115817547
69 0.004057025536894798
70 0.0041061812080442905
71 0.003945262636989355
72 0.00391676789149642
73 0.0038629008922725916
74 0.003808751469478011
75 0.0042892382480204105
76 0.003790642600506544
77 0.003952112514525652
78 0.0037658242508769035
79 0.0036103203892707825
80 0.003919628914445639
81 0.0043128919787704945
82 0.003918809816241264
83 0.003668786957859993
84 0.004208809696137905
85 0.003777335397899151
86 0.003714905120432377
87 0.003812173381447792
88 0.003708553733304143
89 0.0035297113936394453
90 0.004227975383400917
91 0.003898434806615114
92 0.004039510153234005
93 0.004170003347098827
94 0.0037261585239320993
95 0.0040626199916005135
96 0.003982676658779383
97 0.0042454516515135765
98 0.0038893665187060833
99 0.004208595026284456
100 0.0038505601696670055
101 0.004572886973619461
102 0.003693673759698868
103 0.0040851472876966
104 0.00390675850212574
105 0.004125999286770821
106 0.003954258281737566
107 0.0043518696911633015
108 0.0043673645704984665
109 0.003896060399711132
110 0.0037767067551612854
111 0.003763057291507721
112 0.0038444630336016417
113 0.004342519212514162
114 0.003930200356990099
115 0.003961583133786917
116 0.003999511245638132
117 0.0038461610674858093
118 0.0038273553363978863
119 0.004032868891954422
120 0.003815854201093316
121 0.003935727756470442
122 0.004172306042164564
123 0.003687372198328376
124 0.004169576335698366
125 0.003951645456254482
126 0.004429981578141451
127 0.004056096076965332
128 0.003680124646052718
129 0.0037637287750840187
130 0.003589166793972254
131 0.0037741372361779213
132 0.004110067617148161
133 0.004150453023612499
134 0.003964879084378481
135 0.0034955276641994715
136 0.0041930172592401505
137 0.003919187001883984
138 0.004107525572180748
139 0.0038630336057394743
140 0.00359933078289032
141 0.0036491078790277243
142 0.003827479435130954
143 0.003848201595246792
144 0.0037000877782702446
145 0.0038881534710526466
146 0.004109548404812813
147 0.004020282067358494
148 0.003999834414571524
149 0.004042373038828373
150 0.0038430008571594954
151 0.004092076327651739
152 0.003694122191518545
153 0.003999051172286272
154 0.0038704248145222664
155 0.0035165457520633936
156 0.00358917866833508
157 0.0036395464558154345
158 0.003821524791419506
159 0.0037574719171971083
160 0.00366721348837018
161 0.0037912141997367144
162 0.00413059676066041
163 0.0035716837737709284
164 0.00367075321264565
165 0.0038469629362225533
166 0.004085822030901909
167 0.003955040592700243
168 0.004257880616933107
169 0.0038932396564632654
170 0.0036559405270963907
171 0.0038342925254255533
172 0.0038576966617256403
173 0.0038592361379414797
174 0.00402811449021101
175 0.004017238970845938
176 0.004173039458692074
177 0.003837792668491602
178 0.0034518332686275244
179 0.0036026991438120604
180 0.0037191612645983696
181 0.004219667054712772
182 0.003875225782394409
183 0.003864358877763152
184 0.003655332839116454
185 0.004056563600897789
186 0.003632734762504697
187 0.003934270236641169
188 0.0037825722247362137
189 0.0038058864884078503
190 0.004148879554122686
191 0.0037448247894644737
192 0.003959725145250559
193 0.004003235604614019
194 0.0038944340776652098
195 0.004158825147897005
196 0.004189034458249807
197 0.003808187786489725
198 0.004008040297776461
199 0.003637405578047037
200 0.0038625886663794518
201 0.003823984880000353
202 0.004016128834336996
203 0.0038060336373746395
204 0.0037777498364448547
205 0.0035563025157898664
206 0.0036754286848008633
207 0.003973015584051609
208 0.003935246262699366
209 0.0041437153704464436
210 0.0035832056310027838
211 0.004215548280626535
212 0.003630695166066289
213 0.0037556367460638285
214 0.00410414719954133
215 0.003925573546439409
216 0.004019016865640879
217 0.004118231125175953
218 0.004000562243163586
219 0.0036091574002057314
220 0.003779028309509158
221 0.0039985463954508305
222 0.0038300405722111464
223 0.0042876251973211765
224 0.003807907458394766
225 0.0037610982544720173
226 0.0039274911396205425
227 0.0038544563576579094
228 0.004157269839197397
229 0.004134315066039562
230 0.003770461305975914
231 0.004267715848982334
232 0.003912058658897877
233 0.0036830285098403692
234 0.0038305933121591806
235 0.003965694457292557
236 0.003886924823746085
237 0.0037180299405008554
238 0.0038070250302553177
239 0.00405480619519949
240 0.004212100524455309
241 0.00404208991676569
242 0.003911965526640415
243 0.003735471284016967
244 0.0038242884911596775
245 0.0036711045540869236
246 0.004133544862270355
247 0.004027476999908686
248 0.004108739085495472
249 0.003862844780087471
250 0.003905203891918063
251 0.0035402097273617983
252 0.003844279097393155
253 0.003666230011731386
254 0.0039054779335856438
255 0.003800478298217058
