0 0.003911275416612625
1 0.003410045290365815
2 0.0037610179278999567
3 0.0038359640166163445
4 0.004126253537833691
5 0.0038746444042772055
6 0.004086816217750311
7 0.00391701515763998
8 0.0044241719879209995
9 0.003589908592402935
10 0.0039918855763971806
11 0.0037290086038410664
12 0.0037404040340334177
13 0.003919650800526142
14 0.003928614780306816
15 0.004004980903118849
16 0.0041464888490736485
17 0.0039100684225559235
18 0.00382504565641284
19 0.003941882401704788
20 0.004070275463163853
21 0.004317124839872122
22 0.003873610170558095
23 0.0038102020043879747
24 0.0038938308134675026
25 0.004027246963232756
26 0.004069148562848568
27 0.004086990375071764
28 0.003864769823849201
29 0.003699916647747159
30 0.004523986019194126
31 0.00363046582788229
32 0.00350646092556417
33 0.0037353062070906162
34 0.0036456033121794462
35 0.0040765320882201195
36 0.004181396681815386
37 0.003771983552724123
38 0.0041839974001049995
39 0.0041559659875929356
40 0.004223715513944626
41 0.003368793288245797
42 0.0038616263773292303
43 0.0038308289367705584
44 0.003806577529758215
45 0.0039020206313580275
46 0.004027775954455137
47 0.00410973746329546
48 0.0039511751383543015
49 0.003822111990302801
50 0.0044407714158296585
51 0.0034463994670659304
52 0.0040572271682322025
53 0.0037815184332430363
54 0.003961317241191864
55 0.00397586589679122
56 0.00413272250443697
57 0.004039738792926073
58 0.003756955498829484
59 0.0035523236729204655
60 0.0038902091328054667
61 0.0041760290041565895
62 0.004166890867054462
63 0.003656401066109538
64 0.00412122393026948
65 0.0037257778458297253
66 0.0041090138256549835
67 0.003947239834815264
68 0.004025474190711975
69 0.0039576939307153225
70 0.004406335297971964
71 0.0039038744289427996
72 0.003780510975047946
73 0.003549535758793354
74 0.003871910274028778
75 0.004413160029798746
76 0.004017831292003393
77 0.003955232910811901
78 0.0038376939482986927
79 0.0036437688395380974
80 0.0037316009402275085
81 0.0038946557324379683
82 0.0039325919933617115
83 0.003555908100679517
84 0.0037159081548452377
85 0.0038714325055480003
86 0.0037154413294047117
87 0.003889716463163495
88 0.003453161334618926
89 0.003927098587155342
90 0.003987020812928677
91 0.0038961039390414953
92 0.004021741449832916
93 0.004157709889113903
94 0.003886409802362323
95 0.003987101372331381
96 0.004289432428777218
97 0.004295459948480129
98 0.0037382838781923056
99 0.004239019937813282
100 0.0035441224463284016
101 0.00406211381778121
102 0.0037830297369509935
103 0.004187526181340218
104 0.0038128369487822056
105 0.00405627628788352
106 0.003895722795277834
107 0.004539943300187588
108 0.004237839486449957
109 0.0038147573359310627
110 0.003869011066854
111 0.003982705995440483
112 0.003937170375138521
113 0.004377232864499092
114 0.004025941714644432
115 0.003849502420052886
116 0.004118700511753559
117 0.0038233636878430843
118 0.0036241004709154367
119 0.0037945148069411516
120 0.0038789231330156326
121 0.004193797241896391
122 0.0045930566266179085
123 0.0038681006990373135
124 0.004087343811988831
125 0.00402630353346467
126 0.004326230846345425
127 0.0038847860414534807
128 0.003652207786217332
129 0.003978740889579058
130 0.0036528680939227343
131 0.0036152091342955828
132 0.0038760520983487368
133 0.004086438100785017
134 0.0039697568863630295
135 0.003717617830261588
136 0.003881601383909583
137 0.003804928855970502
138 0.004065571818500757
139 0.003798293648287654
140 0.003714416641741991
141 0.0037082668859511614
142 0.003802446648478508
143 0.0036832340992987156
144 0.0034216491039842367
145 0.004532829858362675
146 0.003887300845235586
147 0.0038920387160032988
148 0.004081593826413155
149 0.003797053825110197
150 0.003950697369873524
151 0.004031576216220856
152 0.0036605612840503454
153 0.0037565503735095263
154 0.003667572746053338
155 0.0034832446835935116
156 0.003932759165763855
157 0.0038854917511343956
158 0.004246855620294809
159 0.003632349893450737
160 0.0034189396537840366
161 0.003645853605121374
162 0.004092363640666008
163 0.0036202340852469206
164 0.0036949682980775833
165 0.00391576299443841
166 0.003778311889618635
167 0.004000906832516193
168 0.004281340632587671
169 0.003953144419938326
170 0.003867382649332285
171 0.0036822278052568436
172 0.0038512027822434902
173 0.003802353050559759
174 0.004162317141890526
175 0.0038840321358293295
176 0.004419898148626089
177 0.003936434630304575
178 0.0033218320459127426
179 0.0035265814512968063
180 0.0036054509691894054
181 0.004369094967842102
182 0.0037225803826004267
183 0.003867718856781721
184 0.00395030016079545
185 0.004381668288260698
186 0.003404973540455103
187 0.003844817401841283
188 0.0038279506843537092
189 0.003703107126057148
190 0.003969208337366581
191 0.0038275993429124355
192 0.0041329809464514256
193 0.004073784686625004
194 0.004133879207074642
195 0.004457640927284956
196 0.004280173219740391
197 0.0036733164452016354
198 0.003853701753541827
199 0.0035337568260729313
200 0.003729495918378234
201 0.0037435644771903753
202 0.003934397362172604
203 0.0037229268345981836
204 0.0037010465748608112
205 0.003646012395620346
206 0.0036404209677129984
207 0.004178912844508886
208 0.003973495680838823
209 0.004079260863363743
210 0.0035611633211374283
211 0.004080601502209902
212 0.003429453819990158
213 0.0036061066202819347
214 0.0043344940058887005
215 0.0039744251407682896
216 0.004065299406647682
217 0.004001070279628038
218 0.003942814655601978
219 0.003938313107937574
220 0.0037081213667988777
221 0.004079874604940414
222 0.0036233479622751474
223 0.004070299677550793
224 0.0037371644284576178
225 0.0039776950143277645
226 0.003940066322684288
227 0.00410980312153697
228 0.003914793953299522
229 0.003948974888771772
230 0.0036489833146333694
231 0.004152177833020687
232 0.004251688718795776
233 0.003731794422492385
234 0.003933954983949661
235 0.0037508420646190643
236 0.004000110551714897
237 0.0037013660185039043
238 0.003825272899121046
239 0.004052802454680204
240 0.003908955492079258
241 0.0039525763131678104
242 0.0038203306030482054
243 0.00382666545920074
244 0.0037338684778660536
245 0.0038829869590699673
246 0.004158517811447382
247 0.003873310284689069
248 0.004041884560137987
249 0.0036871349439024925
250 0.0038814828731119633
251 0.003540478879585862
252 0.0039150710217654705
253 0.003652936313301325
254 0.0039496757090091705
255 0.0036084717139601707
