0 0.003998066298663616
1 0.0035284163895994425
2 0.0039055130910128355
3 0.003912636544555426
4 0.0040533216670155525
5 0.003972755745053291
6 0.003997864201664925
7 0.004103303886950016
8 0.004176324233412743
9 0.0036582592874765396
10 0.0038847820833325386
11 0.0038385118823498487
12 0.0037414783146232367
13 0.004041626583784819
14 0.003799875034019351
15 0.003845903789624572
16 0.004051629453897476
17 0.0039059824775904417
18 0.004050724674016237
19 0.003970935940742493
20 0.004079786594957113
21 0.004029374569654465
22 0.003990927245467901
23 0.0037493552081286907
24 0.004133886657655239
25 0.004041468258947134
26 0.004145440645515919
27 0.004117637872695923
28 0.004133758135139942
29 0.0039026879239827394
30 0.00411398196592927
31 0.0038661740254610777
32 0.003607679158449173
33 0.003632488427683711
34 0.0037810225039720535
35 0.004263581708073616
36 0.004349041264504194
37 0.0039354427717626095
38 0.004043751396238804
39 0.004385020583868027
40 0.004202690441161394
41 0.0034372045192867517
42 0.0037981122732162476
43 0.003938956186175346
44 0.0038352760020643473
45 0.003823802573606372
46 0.004251373931765556
47 0.004054773598909378
48 0.004314943216741085
49 0.003745976136997342
50 0.0042532929219305515
51 0.003993378020823002
52 0.0038587769959121943
53 0.003790536429733038
54 0.0038924417458474636
55 0.0039464388974010944
56 0.004380402155220509
57 0.003728452604264021
58 0.0036090966314077377
59 0.003616520669311285
60 0.0036738719791173935
61 0.0037919487804174423
62 0.004154753405600786
63 0.003897828748449683
64 0.0040022763423621655
65 0.0038494279142469168
66 0.00395312299951911
67 0.003851495683193207
68 0.004109409172087908
69 0.004051314666867256
70 0.004325648304075003
71 0.00406741164624691
72 0.003987147472798824
73 0.00376283866353333
74 0.0038312736432999372
75 0.00405950378626585
76 0.0041045877151191235
77 0.003921225666999817
78 0.0037858705036342144
79 0.0036876790691167116
80 0.003783108666539192
81 0.004000437445938587
82 0.0037394929677248
83 0.003784469561651349
84 0.003881059819832444
85 0.0036953622475266457
86 0.003843587124720216
87 0.003991900477558374
88 0.003595935180783272
89 0.0037906798534095287
90 0.0038715824484825134
91 0.003887095721438527
92 0.004022146575152874
93 0.00444232951849699
94 0.0037596311885863543
95 0.003786468878388405
96 0.003795032622292638
97 0.004021381959319115
98 0.0034964655060321093
99 0.0043908036313951015
100 0.003891244763508439
101 0.0038585246074944735
102 0.0037534981966018677
103 0.004169460851699114
104 0.0039060688577592373
105 0.004052178934216499
106 0.003683567512780428
107 0.0044062817469239235
108 0.00398540822789073
109 0.0035064970143139362
110 0.003897880669683218
111 0.003957955166697502
112 0.0038266978226602077
113 0.004255086649209261
114 0.003790945280343294
115 0.0037861282471567392
116 0.003896180773153901
117 0.003962137270718813
118 0.003742749569937587
119 0.0038635728415101767
120 0.0038391381967812777
121 0.004312433302402496
122 0.00429166667163372
123 0.004015622194856405
124 0.004066444467753172
125 0.0036614276468753815
126 0.004061007406562567
127 0.0038786481600254774
128 0.0036368374712765217
129 0.0035904976539313793
130 0.003864624537527561
131 0.00356735079549253
132 0.0038582608103752136
133 0.004323129542171955
134 0.004015591461211443
135 0.0037180637009441853
136 0.004281867295503616
137 0.003943986259400845
138 0.004343925043940544
139 0.003755676094442606
140 0.003662693314254284
141 0.0037082566414028406
142 0.0037016759160906076
143 0.003864553291350603
144 0.003613003995269537
145 0.004283614456653595
146 0.0038810998667031527
147 0.003859014017507434
148 0.00379401003010571
149 0.0037625236436724663
150 0.004099898040294647
151 0.0041383071802556515
152 0.0036452326457947493
153 0.0037631189916282892
154 0.003673160681501031
155 0.0037041325122117996
156 0.0037698254454880953
157 0.0037782848812639713
158 0.004136882722377777
159 0.0038391018752008677
160 0.0037416708655655384
161 0.0037496674340218306
162 0.004176931921392679
163 0.0037671755999326706
164 0.003800061298534274
165 0.003814024617895484
166 0.004006997682154179
167 0.0038048969581723213
168 0.004136653151363134
169 0.004024486057460308
170 0.0038245662581175566
171 0.0035818424075841904
172 0.0035880766808986664
173 0.003734345780685544
174 0.004152357112616301
175 0.0037492727860808372
176 0.004168166778981686
177 0.003959967754781246
178 0.003504291409626603
179 0.003645404940471053
180 0.0038763880729675293
181 0.004262679722160101
182 0.004011024720966816
183 0.004040875006467104
184 0.004089558497071266
185 0.004042439162731171
186 0.003582629142329097
187 0.003990471828728914
188 0.0037345991004258394
189 0.003794601187109947
190 0.003830227069556713
191 0.0036920327693223953
192 0.003781465580686927
193 0.0042734649032354355
194 0.003953492734581232
195 0.004051533993333578
196 0.004266367759555578
197 0.0038187303580343723
198 0.003704837989062071
199 0.0038289406802505255
200 0.003659900976344943
201 0.0037168492563068867
202 0.0038416425231844187
203 0.003846068400889635
204 0.0038212353829294443
205 0.003981927875429392
206 0.003749143099412322
207 0.004065376706421375
208 0.003975654952228069
209 0.0038448008708655834
210 0.003603757591918111
211 0.004039403982460499
212 0.003666211850941181
213 0.003984665498137474
214 0.004003050737082958
215 0.003821250284090638
216 0.004260363522917032
217 0.004041150212287903
218 0.004072993062436581
219 0.003779125167056918
220 0.003928620368242264
221 0.004039053805172443
222 0.003639255417510867
223 0.004008196759968996
224 0.003752519143745303
225 0.003900768468156457
226 0.0038276093546301126
227 0.003908265847712755
228 0.004004998132586479
229 0.003888105507940054
230 0.004021281376481056
231 0.004098326899111271
232 0.0038509645964950323
233 0.0037821070291101933
234 0.003537525422871113
235 0.003752197604626417
236 0.0040772599168121815
237 0.003941389732062817
238 0.003663384821265936
239 0.004047485068440437
240 0.004044761415570974
241 0.003881826065480709
242 0.003858410520479083
243 0.003745967522263527
244 0.0037690906319767237
245 0.0035595986992120743
246 0.004006354603916407
247 0.0042120302096009254
248 0.0038793582934886217
249 0.003713635029271245
250 0.003873155452311039
251 0.0037072557024657726
252 0.003961654845625162
253 0.00355094438418746
254 0.003888073144480586
255 0.003789643757045269
