0 0.0038942466489970684
1 0.0035175345838069916
2 0.003987196832895279
3 0.003951877821236849
4 0.004164919722825289
5 0.003800526261329651
6 0.004027949646115303
7 0.004082515835762024
8 0.004091031849384308
9 0.0035370015539228916
10 0.004267915152013302
11 0.003846048144623637
12 0.003644462674856186
13 0.003817252814769745
14 0.0038570351898670197
15 0.00395885668694973
16 0.003930217120796442
17 0.004038053564727306
18 0.0038265178445726633
19 0.003930817358195782
20 0.004030805546790361
21 0.003970817197114229
22 0.003973732702434063
23 0.0039021328557282686
24 0.003962495364248753
25 0.003890592372044921
26 0.003810855094343424
27 0.004240720067173243
28 0.004088084679096937
29 0.003963325172662735
30 0.004045543260872364
31 0.0039307973347604275
32 0.0036690637934952974
33 0.003509864676743746
34 0.003551496658474207
35 0.0037977530155330896
36 0.003980489447712898
37 0.003739048959687352
38 0.003987714182585478
39 0.003920993767678738
40 0.004028096795082092
41 0.0034438639413565397
42 0.004022502340376377
43 0.004079736303538084
44 0.0038142548874020576
45 0.003704241942614317
46 0.0041390517726540565
47 0.004196120426058769
48 0.004088990855962038
49 0.0038300910964608192
50 0.004027348943054676
51 0.0035411587450653315
52 0.003933534026145935
53 0.003778071142733097
54 0.0038649116177111864
55 0.003888881066814065
56 0.003941599279642105
57 0.0039573172107338905
58 0.003658517263829708
59 0.003997457213699818
60 0.0036830133758485317
61 0.0038642864674329758
62 0.004224090836942196
63 0.003795651253312826
64 0.003994116559624672
65 0.0037334715016186237
66 0.003943774849176407
67 0.0038478649221360683
68 0.0038122194819152355
69 0.003961969166994095
70 0.004088186658918858
71 0.0038951148744672537
72 0.003976896405220032
73 0.003987167030572891
74 0.0039915828965604305
75 0.004217859357595444
76 0.004028643015772104
77 0.003960333298891783
78 0.003948238678276539
79 0.0037842674646526575
80 0.003841595957055688
81 0.004166700411587954
82 0.0038236193358898163
83 0.0036022241692990065
84 0.004158637952059507
85 0.003672824241220951
86 0.0037603105884045362
87 0.004018678329885006
88 0.003551165107637644
89 0.0038094427436590195
90 0.004043876193463802
91 0.003612477332353592
92 0.003989624325186014
93 0.004192957188934088
94 0.003790944814682007
95 0.0039010297041386366
96 0.003938910085707903
97 0.004088729154318571
98 0.0037434170953929424
99 0.003983410075306892
100 0.004073701333254576
101 0.0042277309112250805
102 0.0037922505289316177
103 0.0040989648550748825
104 0.0038583623245358467
105 0.004323580767959356
106 0.003926233388483524
107 0.004294801969081163
108 0.004227648954838514
109 0.003811718663200736
110 0.00402597151696682
111 0.00375893572345376
112 0.0036512010265141726
113 0.004339416045695543
114 0.00417484063655138
115 0.0035685396287590265
116 0.0038895567413419485
117 0.004107058979570866
118 0.003817079123109579
119 0.004053613170981407
120 0.003974799066781998
121 0.003924984019249678
122 0.004519340116530657
123 0.003799347672611475
124 0.004144228063523769
125 0.0037777337711304426
126 0.004125488456338644
127 0.003900574753060937
128 0.0035123187117278576
129 0.003629018785431981
130 0.0037271264009177685
131 0.003954035229980946
132 0.0037826825864613056
133 0.004024973604828119
134 0.0038301588501781225
135 0.003643645904958248
136 0.0043381559662520885
137 0.0038899960927665234
138 0.004096797201782465
139 0.003935001790523529
140 0.0038692017551511526
141 0.003488369518890977
142 0.003795142751187086
143 0.003762580454349518
144 0.0034606941044330597
145 0.003955787047743797
146 0.003951760940253735
147 0.0038791876286268234
148 0.0038739098235964775
149 0.004019340965896845
150 0.0040253568440675735
151 0.004155678208917379
152 0.003608102211728692
153 0.003915342036634684
154 0.004074600525200367
155 0.0036062910221517086
156 0.003862416371703148
157 0.0037142864894121885
158 0.004189847037196159
159 0.003703339723870158
160 0.003753978991881013
161 0.003758056787773967
162 0.004096947610378265
163 0.0036251461133360863
164 0.0037040759343653917
165 0.0037917771842330694
166 0.0039037801325321198
167 0.004003371577709913
168 0.004053451586514711
169 0.004226664546877146
170 0.003839470911771059
171 0.003847541520372033
172 0.0037562435027211905
173 0.00376095506362617
174 0.004119411576539278
175 0.004009592346847057
176 0.004299704916775227
177 0.00396013492718339
178 0.003549060085788369
179 0.003759135026484728
180 0.0037036396097391844
181 0.004172406625002623
182 0.0038824686780571938
183 0.003974813036620617
184 0.003929097671061754
185 0.004209194332361221
186 0.003662877017632127
187 0.0035976499784737825
188 0.003933980595320463
189 0.0038254517130553722
190 0.003817708231508732
191 0.0037758464459329844
192 0.003911652602255344
193 0.003941695671528578
194 0.004247847944498062
195 0.004133096430450678
196 0.00421304814517498
197 0.0037092682905495167
198 0.003970067948102951
199 0.003701288951560855
200 0.0037836378905922174
201 0.003843361046165228
202 0.00395271647721529
203 0.003654765896499157
204 0.0038959623780101538
205 0.0036633629351854324
206 0.00384521740488708
207 0.00396182294934988
208 0.003959100227802992
209 0.004017990548163652
210 0.003823929699137807
211 0.004286396782845259
212 0.003521293867379427
213 0.003759153187274933
214 0.0038765273056924343
215 0.0040177940391004086
216 0.003861233126372099
217 0.0039925165474414825
218 0.003753356169909239
219 0.003883414203301072
220 0.003983411472290754
221 0.003965157549828291
222 0.0035054075997322798
223 0.0041499389335513115
224 0.003813947318121791
225 0.003883012803271413
226 0.003882146906107664
227 0.0037591082509607077
228 0.003840038785710931
229 0.004252922255545855
230 0.003947245888411999
231 0.004226413555443287
232 0.003868893953040242
233 0.0038537264335900545
234 0.0037913380656391382
235 0.00374929653480649
236 0.004294893238693476
237 0.003609022591263056
238 0.0038016398902982473
239 0.004146321676671505
240 0.003878963179886341
241 0.003959857393056154
242 0.003910642117261887
243 0.003897174494341016
244 0.003768616821616888
245 0.003713517915457487
246 0.004148212727159262
247 0.004308267496526241
248 0.004037889186292887
249 0.0038835445884615183
250 0.003853362752124667
251 0.0036136244889348745
252 0.0037243834231048822
253 0.003713292768225074
254 0.0038505997508764267
255 0.003962794318795204
