0 0.003877058159559965
1 0.0035101547837257385
2 0.0038695295806974173
3 0.003975496161729097
4 0.004092094488441944
5 0.003886944381520152
6 0.003960528876632452
7 0.004111787304282188
8 0.00401329854503274
9 0.0037039893213659525
10 0.003904959186911583
11 0.003792291972786188
12 0.0033820930402725935
13 0.0039938753470778465
14 0.0037274695932865143
15 0.0038423759397119284
16 0.003987730480730534
17 0.003928146790713072
18 0.0040410226210951805
19 0.003945331554859877
20 0.004141859710216522
21 0.004034335259348154
22 0.0039868284948170185
23 0.0037446306087076664
24 0.004002957139164209
25 0.003973460756242275
26 0.0039735222235322
27 0.0039730556309223175
28 0.004132640548050404
29 0.0038737147115170956
30 0.004183427896350622
31 0.0038325469940900803
32 0.0036511835642158985
33 0.003609849838539958
34 0.003645101794973016
35 0.003999695647507906
36 0.004272927064448595
37 0.003941109403967857
38 0.004047866445034742
39 0.004328928887844086
40 0.003847169689834118
41 0.0035785187501460314
42 0.003830455709248781
43 0.0038936736527830362
44 0.0038946461863815784
45 0.003936289809644222
46 0.004238032270222902
47 0.004089413210749626
48 0.004348936025053263
49 0.003552384441718459
50 0.004211748484522104
51 0.0038319197483360767
52 0.003999600186944008
53 0.0036604502238333225
54 0.003924306947737932
55 0.004085099324584007
56 0.00403511943295598
57 0.003631934290751815
58 0.003478729398921132
59 0.0038042524829506874
60 0.0036593866534531116
61 0.003715911880135536
62 0.0041652764193713665
63 0.0035015768371522427
64 0.0038725316990166903
65 0.003608042374253273
66 0.0037725945003330708
67 0.00362986559048295
68 0.003767887596040964
69 0.004032413940876722
70 0.0044678011909127235
71 0.0037977902684360743
72 0.0038176162634044886
73 0.003672697115689516
74 0.003868627594783902
75 0.0040786354802548885
76 0.003929691389203072
77 0.004021756816655397
78 0.0036651799455285072
79 0.0038732881657779217
80 0.0037959273904561996
81 0.0042432136833667755
82 0.0037124501541256905
83 0.003976156003773212
84 0.003937304951250553
85 0.003947236109524965
86 0.0037127521354705095
87 0.0038163072895258665
88 0.003784195287153125
89 0.0036573370452970266
90 0.004069587681442499
91 0.0038346208166331053
92 0.003977465443313122
93 0.004478516057133675
94 0.0038188400212675333
95 0.003602072596549988
96 0.003743790090084076
97 0.004031964112073183
98 0.003729939227923751
99 0.004143533296883106
100 0.004048050846904516
101 0.003953497391194105
102 0.003800502046942711
103 0.003982651047408581
104 0.0036575866397470236
105 0.004380074795335531
106 0.0037423730827867985
107 0.004356677643954754
108 0.004201782867312431
109 0.004020489752292633
110 0.004024574067443609
111 0.0038593749050050974
112 0.0037874053232371807
113 0.004423442296683788
114 0.004129291977733374
115 0.00400723097845912
116 0.0039342655800282955
117 0.0039018592797219753
118 0.003703085007146001
119 0.004013954661786556
120 0.0037999306805431843
121 0.00393703393638134
122 0.004730605985969305
123 0.0038897753693163395
124 0.004095998127013445
125 0.003990585915744305
126 0.004112472757697105
127 0.00386093370616436
128 0.00363382650539279
129 0.0036515488754957914
130 0.0036729243583977222
131 0.0036994710098952055
132 0.004147093743085861
133 0.004302043467760086
134 0.0038983614649623632
135 0.0034099069889634848
136 0.004314011428505182
137 0.003953602630645037
138 0.003873659996315837
139 0.00401824526488781
140 0.0037758024409413338
141 0.003670857287943363
142 0.0037987120449543
143 0.0038093349430710077
144 0.0035501178354024887
145 0.004210950806736946
146 0.003957590088248253
147 0.004278304986655712
148 0.0040425644256174564
149 0.0038077724166214466
150 0.003926495090126991
151 0.004166659899055958
152 0.0035561583936214447
153 0.0040399013087153435
154 0.00367297837510705
155 0.0036762836389243603
156 0.0036219714675098658
157 0.003470442723482847
158 0.0038230225909501314
159 0.003675710177049041
160 0.0036498999688774347
161 0.0036067315377295017
162 0.004381487611681223
163 0.0038034047465771437
164 0.0037363183218985796
165 0.0038508549332618713
166 0.0039394511841237545
167 0.004011933226138353
168 0.003933987580239773
169 0.004108830820769072
170 0.00375919695943594
171 0.0039747352711856365
172 0.003636531066149473
173 0.0035965275019407272
174 0.004050338175147772
175 0.003838130971416831
176 0.004069839138537645
177 0.0038003416266292334
178 0.0036742021329700947
179 0.0037636286579072475
180 0.0038093593902885914
181 0.004417452495545149
182 0.004173459950834513
183 0.003905516816303134
184 0.00393673125654459
185 0.004115221090614796
186 0.0035742251202464104
187 0.004036468453705311
188 0.0038743752520531416
189 0.0040540024638175964
190 0.0040198639035224915
191 0.0034505913499742746
192 0.003872326575219631
193 0.00405418686568737
194 0.00403751851990819
195 0.004185144789516926
196 0.004166767001152039
197 0.00367629318498075
198 0.003864692524075508
199 0.003960154484957457
200 0.003831669921055436
201 0.004136807285249233
202 0.0043125762604177
203 0.003941762261092663
204 0.0037785652093589306
205 0.003915328066796064
206 0.003752866294234991
207 0.003984179347753525
208 0.004118713550269604
209 0.004004255402833223
210 0.003611232154071331
211 0.004116191994398832
212 0.003965327050536871
213 0.003873849520459771
214 0.003949372563511133
215 0.0037848027423024178
216 0.003996659070253372
217 0.0038846610113978386
218 0.003805335843935609
219 0.003734157420694828
220 0.003942179959267378
221 0.004305422771722078
222 0.003736029611900449
223 0.0041411444544792175
224 0.0039819045923650265
225 0.0037492087576538324
226 0.0041010077111423016
227 0.003993789665400982
228 0.004278024658560753
229 0.004142680671066046
230 0.003916644025593996
231 0.004223068710416555
232 0.0037792606744915247
233 0.0036402649711817503
234 0.0037264879792928696
235 0.0036465120501816273
236 0.00424081739038229
237 0.0035962965339422226
238 0.0035652308724820614
239 0.004044645000249147
240 0.004102881997823715
241 0.003880320116877556
242 0.004071882925927639
243 0.003448326140642166
244 0.003779911668971181
245 0.0037105963565409184
246 0.00431282352656126
247 0.004092683084309101
248 0.003733400022611022
249 0.0036175965797156096
250 0.0036680486518889666
251 0.003627742175012827
252 0.004027032293379307
253 0.0035959037486463785
254 0.0038117330987006426
255 0.003747384762391448
