0 0.0038165077567100525
1 0.0035024366807192564
2 0.0036613561678677797
3 0.003646186785772443
4 0.004079335834830999
5 0.0038652450311928988
6 0.0036995254922658205
7 0.003981976769864559
8 0.004272113088518381
9 0.003555192379280925
10 0.00395071879029274
11 0.003654435509815812
12 0.0035241295117884874
13 0.004134360235184431
14 0.0039286427199840546
15 0.003921600058674812
16 0.003954621497541666
17 0.0037321869749575853
18 0.003918119240552187
19 0.0038029798306524754
20 0.004291539080440998
21 0.004169832449406385
22 0.004029116127640009
23 0.003962033893913031
24 0.004075787495821714
25 0.004272724036127329
26 0.0038947949651628733
27 0.0039012175984680653
28 0.0040623885579407215
29 0.003854641690850258
30 0.004161835182458162
31 0.003612481988966465
32 0.0035035910550504923
33 0.003699353663250804
34 0.0037189943250268698
35 0.004059589002281427
36 0.004048592876642942
37 0.0038911011070013046
38 0.004098984878510237
39 0.004097487311810255
40 0.004303331486880779
41 0.003547928761690855
42 0.0038458434864878654
43 0.0038345579523593187
44 0.003805053187534213
45 0.004018248990178108
46 0.004044389817863703
47 0.004503188189119101
48 0.003972139209508896
49 0.003715143771842122
50 0.004107784945517778
51 0.003375213360413909
52 0.0040314639918506145
53 0.003986862022429705
54 0.0038705228362232447
55 0.00425029918551445
56 0.004137935116887093
57 0.0038417254108935595
58 0.003797737881541252
59 0.003433155594393611
60 0.0037227249704301357
61 0.0038406061939895153
62 0.004200266674160957
63 0.003636456560343504
64 0.003811831120401621
65 0.003883398836478591
66 0.004205404315143824
67 0.0036553603131324053
68 0.0039051207713782787
69 0.004175213631242514
70 0.004359014797955751
71 0.0037699714303016663
72 0.003788660978898406
73 0.003626943565905094
74 0.0037473917473107576
75 0.004504220560193062
76 0.003974927589297295
77 0.003596904221922159
78 0.003929601050913334
79 0.004085891414433718
80 0.0036866606678813696
81 0.003935443237423897
82 0.003826107131317258
83 0.0036051864735782146
84 0.003936726599931717
85 0.003804833395406604
86 0.003773663192987442
87 0.0037199377547949553
88 0.0035802675411105156
89 0.0038646524772047997
90 0.004133157432079315
91 0.003813659306615591
92 0.0037869992665946484
93 0.004133567679673433
94 0.0039536976255476475
95 0.003938841633498669
96 0.0042084455490112305
97 0.004335114266723394
98 0.003871878841891885
99 0.004148550797253847
100 0.003852954600006342
101 0.004124938044697046
102 0.0035009386483579874
103 0.004041700158268213
104 0.0036329105496406555
105 0.0042230719700455666
106 0.003649322083219886
107 0.004306810908019543
108 0.004195401910692453
109 0.0037827182095497847
110 0.0040601142682135105
111 0.003956486005336046
112 0.0037452364340424538
113 0.004160074517130852
114 0.004117719363421202
115 0.003904353128746152
116 0.0038782143965363503
117 0.004097204189747572
118 0.0037886472418904305
119 0.003985428251326084
120 0.004144561942666769
121 0.0041263168677687645
122 0.0045197452418506145
123 0.004058552905917168
124 0.004159979522228241
125 0.004100962541997433
126 0.004198892042040825
127 0.0037824991159141064
128 0.0035474267788231373
129 0.003765569068491459
130 0.0038055686745792627
131 0.0035696662962436676
132 0.0040201484225690365
133 0.004103410989046097
134 0.00370622705668211
135 0.003836407558992505
136 0.004233846440911293
137 0.0038838896434754133
138 0.0040290094912052155
139 0.0036554704420268536
140 0.003550515277311206
141 0.0036868739407509565
142 0.0038096902426332235
143 0.003407399170100689
144 0.003449690993875265
145 0.004125751089304686
146 0.0038794002030044794
147 0.003834453644230962
148 0.003932695835828781
149 0.003795222844928503
150 0.003910609055310488
151 0.003950285725295544
152 0.003619086928665638
153 0.003824718063697219
154 0.003557671094313264
155 0.003367186523973942
156 0.004132140427827835
157 0.0037016344722360373
158 0.003963483031839132
159 0.0037193172611296177
160 0.0035860594362020493
161 0.003873394802212715
162 0.004326932597905397
163 0.0035916382912546396
164 0.003952025435864925
165 0.004097289405763149
166 0.0037518166936933994
167 0.0036308239214122295
168 0.0041637965478003025
169 0.003956497646868229
170 0.0036827316507697105
171 0.0037858430296182632
172 0.003523549996316433
173 0.0037584532983601093
174 0.003963985946029425
175 0.0037265026476234198
176 0.004467768128961325
177 0.0036396135110408068
178 0.0033567699138075113
179 0.003843214362859726
180 0.0038046762347221375
181 0.004120409954339266
182 0.004232299514114857
183 0.0039766267873346806
184 0.0039729163981974125
185 0.004015429876744747
186 0.003392907092347741
187 0.003969939425587654
188 0.004355361685156822
189 0.0038575821090489626
190 0.0038648464251309633
191 0.0036518762353807688
192 0.003839393611997366
193 0.004097899422049522
194 0.004006676841527224
195 0.004142389167100191
196 0.0044675348326563835
197 0.00357553968206048
198 0.004105359315872192
199 0.0038242479786276817
200 0.0038299148436635733
201 0.003802190301939845
202 0.00417483551427722
203 0.00385683705098927
204 0.0038705074694007635
205 0.0038511804305016994
206 0.0036611822433769703
207 0.0038812379352748394
208 0.004342363215982914
209 0.0041779945604503155
210 0.00393497571349144
211 0.0040796073153615
212 0.0037761868443340063
213 0.003759839804843068
214 0.004172561690211296
215 0.004059395287185907
216 0.003995999228209257
217 0.004199346527457237
218 0.0036571749951690435
219 0.003717981278896332
220 0.0037534809671342373
221 0.003980233334004879
222 0.003799957223236561
223 0.004179376643151045
224 0.0037325508892536163
225 0.0038736332207918167
226 0.004114920739084482
227 0.0038691565860062838
228 0.00410262867808342
229 0.004130891989916563
230 0.0036556366831064224
231 0.0042880866676568985
232 0.004013402387499809
233 0.0039230152033269405
234 0.0037112615536898375
235 0.0037715418729931116
236 0.00416072690859437
237 0.003886838909238577
238 0.0036026996094733477
239 0.0040637291967868805
240 0.004140194039791822
241 0.0038718529976904392
242 0.0038643123116344213
243 0.0036996377166360617
244 0.0038021979853510857
245 0.003842777805402875
246 0.004340446554124355
247 0.004091811832040548
248 0.0040100738406181335
249 0.0037728508468717337
250 0.0037657665088772774
251 0.0035705312620848417
252 0.0039964523166418076
253 0.003754994133487344
254 0.004052706994116306
255 0.0036778710782527924
