0 0.0038465384859591722
1 0.0034336866810917854
2 0.003901188960298896
3 0.004027102142572403
4 0.004036202095448971
5 0.0038604564033448696
6 0.00390669796615839
7 0.003951556980609894
8 0.00418107071891427
9 0.0036484578158706427
10 0.0041192821227014065
11 0.003779052523896098
12 0.003533048089593649
13 0.0037828334607183933
14 0.0038308275397866964
15 0.004128189757466316
16 0.0038296401035040617
17 0.003955569583922625
18 0.003686754498630762
19 0.003885147161781788
20 0.004061135929077864
21 0.004023527726531029
22 0.0040550013072788715
23 0.003776042489334941
24 0.004077847581356764
25 0.004109197296202183
26 0.0039559644646942616
27 0.0040471539832651615
28 0.003918906673789024
29 0.0039026786107569933
30 0.0042429836466908455
31 0.003932040650397539
32 0.0034386313054710627
33 0.0037044675555080175
34 0.0035376648884266615
35 0.003960558213293552
36 0.004144736565649509
37 0.0036351648159325123
38 0.004164738114923239
39 0.00416957214474678
40 0.00383115466684103
41 0.0035890904255211353
42 0.003984243143349886
43 0.003827654989436269
44 0.0040597557090222836
45 0.003863879945129156
46 0.003961522132158279
47 0.0043501113541424274
48 0.004103868268430233
49 0.0037458078004419804
50 0.004076164681464434
51 0.0033743204548954964
52 0.004069923888891935
53 0.0038976487703621387
54 0.0038799073081463575
55 0.003906644880771637
56 0.004157983232289553
57 0.003865581937134266
58 0.0038335793651640415
59 0.003666516626253724
60 0.00399744650349021
61 0.004080985207110643
62 0.00406102929264307
63 0.003626061137765646
64 0.004004018846899271
65 0.003784629050642252
66 0.003966345451772213
67 0.004038814455270767
68 0.003844770835712552
69 0.004053063225001097
70 0.004140258301049471
71 0.004097573459148407
72 0.004115928430110216
73 0.003792763687670231
74 0.0038889653515070677
75 0.004427552688866854
76 0.0040170480497181416
77 0.004301841836422682
78 0.003767453134059906
79 0.003784152213484049
80 0.003736797021701932
81 0.004020601976662874
82 0.004004786256700754
83 0.0037052093539386988
84 0.003975172992795706
85 0.0039045740850269794
86 0.003887895727530122
87 0.003734997473657131
88 0.003505565458908677
89 0.003747715149074793
90 0.003974393010139465
91 0.0038951695896685123
92 0.004029576666653156
93 0.0041432129219174385
94 0.003709034062922001
95 0.003814942203462124
96 0.004192768130451441
97 0.004244838375598192
98 0.003722226480022073
99 0.00418292498216033
100 0.003991752862930298
101 0.0041894614696502686
102 0.003739335108548403
103 0.004108856897801161
104 0.003762373235076666
105 0.004252158105373383
106 0.0038046000991016626
107 0.004306550603359938
108 0.00432940199971199
109 0.004141428507864475
110 0.003992993384599686
111 0.003904175478965044
112 0.004187120124697685
113 0.004186505451798439
114 0.004143186844885349
115 0.0038483678363263607
116 0.0038770686369389296
117 0.003890413325279951
118 0.0037529924884438515
119 0.0037430052179843187
120 0.004084041342139244
121 0.004171817563474178
122 0.004449468571692705
123 0.003819057485088706
124 0.004104164429008961
125 0.0037341490387916565
126 0.0044058943167328835
127 0.0038970408495515585
128 0.003691989229992032
129 0.0037309820763766766
130 0.003624330973252654
131 0.0035046509001404047
132 0.0038773869164288044
133 0.0040330770425498486
134 0.003767868038266897
135 0.0034874428529292345
136 0.004055209923535585
137 0.004079238977283239
138 0.0039303358644247055
139 0.0038339649327099323
140 0.0036486913450062275
141 0.003554385621100664
142 0.003793726908043027
143 0.00367798563092947
144 0.0036474806256592274
145 0.004021726548671722
146 0.0038509753067046404
147 0.003779254388064146
148 0.003865965409204364
149 0.003914107568562031
150 0.0038523664698004723
151 0.0037416352424770594
152 0.003644416108727455
153 0.0037531587295234203
154 0.00370200932957232
155 0.003549488028511405
156 0.0037066179793328047
157 0.0037645369302481413
158 0.004055770579725504
159 0.003726495197042823
160 0.003669335274025798
161 0.0037392894737422466
162 0.004557770676910877
163 0.0037035776767879725
164 0.0038023616652935743
165 0.0041050068102777
166 0.003894577967002988
167 0.0037305247969925404
168 0.0041184802539646626
169 0.003906954079866409
170 0.003908988554030657
171 0.0038319213781505823
172 0.0037853315006941557
173 0.0038400415796786547
174 0.00398473534733057
175 0.004082139115780592
176 0.004099710378795862
177 0.003794613294303417
178 0.003582666628062725
179 0.0036081767175346613
180 0.003783982014283538
181 0.004142502322793007
182 0.003963038325309753
183 0.0037489612586796284
184 0.003929464146494865
185 0.004389498382806778
186 0.0035592354834079742
187 0.0038060664664953947
188 0.0040529221296310425
189 0.003981611225754023
190 0.0038393205031752586
191 0.003901084652170539
192 0.003782173153012991
193 0.0040035550482571125
194 0.004095201846212149
195 0.0042967707850039005
196 0.004329158458858728
197 0.003638652851805091
198 0.0037855415139347315
199 0.0037300947587937117
200 0.0037073136772960424
201 0.0038490446750074625
202 0.003868300234898925
203 0.0037748476024717093
204 0.003823332255706191
205 0.0036285656969994307
206 0.0036259156186133623
207 0.0037929671816527843
208 0.004052617121487856
209 0.004085390828549862
210 0.0036937391851097345
211 0.004084486048668623
212 0.0036405615974217653
213 0.0038838377222418785
214 0.004101508762687445
215 0.004039703868329525
216 0.004288077354431152
217 0.0040296101942658424
218 0.0037736231461167336
219 0.003840334014967084
220 0.00402410514652729
221 0.004022740758955479
222 0.003777772653847933
223 0.004083555657416582
224 0.0038062050007283688
225 0.0038749624509364367
226 0.004062040708959103
227 0.003826608881354332
228 0.004053834825754166
229 0.004120152909308672
230 0.003872122149914503
231 0.0041764117777347565
232 0.003663169452920556
233 0.003552868263795972
234 0.003677943255752325
235 0.003736464073881507
236 0.004081986844539642
237 0.0037120168562978506
238 0.003710242221131921
239 0.004065318498760462
240 0.0042089736089110374
241 0.004013057332485914
242 0.0037866071797907352
243 0.003761709900572896
244 0.00372938415966928
245 0.00400698883458972
246 0.004184833727777004
247 0.004122283309698105
248 0.004002769012004137
249 0.003838705364614725
250 0.00369062228128314
251 0.003707103431224823
252 0.003919159062206745
253 0.0036571689415723085
254 0.0036962246522307396
255 0.003850640496239066
