0 0.003826732514426112
1 0.0034311863128095865
2 0.0037422890309244394
3 0.003773895325139165
4 0.0042725601233541965
5 0.00387074938043952
6 0.0039077382534742355
7 0.003996342420578003
8 0.003974491730332375
9 0.003539761994034052
10 0.004101934377104044
11 0.0039207227528095245
12 0.003813929157331586
13 0.003983603324741125
14 0.004043332301080227
15 0.003846710082143545
16 0.004021646920591593
17 0.0038843066431581974
18 0.0038073796313256025
19 0.003835730953142047
20 0.00418370496481657
21 0.004099957179278135
22 0.003930769860744476
23 0.003674387000501156
24 0.0040585934184491634
25 0.0041349767707288265
26 0.003994419705122709
27 0.003910733852535486
28 0.004322529770433903
29 0.003716388950124383
30 0.0042847273871302605
31 0.0038112325128167868
32 0.0036851882468909025
33 0.003734036348760128
34 0.0034372734371572733
35 0.003975382540374994
36 0.004380133002996445
37 0.0038589760661125183
38 0.004071829840540886
39 0.004288799129426479
40 0.004160107579082251
41 0.0035338005982339382
42 0.003797998419031501
43 0.003991242032498121
44 0.003851070534437895
45 0.003942657727748156
46 0.004298586864024401
47 0.004226427525281906
48 0.004058921243995428
49 0.003804481355473399
50 0.004016323946416378
51 0.0036066495813429356
52 0.0040675802156329155
53 0.0036165884230285883
54 0.003921865951269865
55 0.004284493625164032
56 0.003991197794675827
57 0.0037489994429051876
58 0.0036355224438011646
59 0.003650596598163247
60 0.003481861436739564
61 0.004130701534450054
62 0.004316326230764389
63 0.0038037176709622145
64 0.003900278592482209
65 0.0036910613998770714
66 0.003870629006996751
67 0.00358105287887156
68 0.003787922440096736
69 0.004042265471071005
70 0.004353267140686512
71 0.003961354959756136
72 0.003863455494865775
73 0.0036957086995244026
74 0.003812565002590418
75 0.00421511335298419
76 0.004156688693910837
77 0.0037786411121487617
78 0.0039844936691224575
79 0.003879907075315714
80 0.0036573181860148907
81 0.004077406600117683
82 0.0037753016222268343
83 0.003652153769508004
84 0.004020933993160725
85 0.003752288408577442
86 0.003807807108387351
87 0.0039503248408436775
88 0.003662602975964546
89 0.003686802927404642
90 0.003985948394984007
91 0.0038997612427920103
92 0.0037785351742058992
93 0.004184352234005928
94 0.003740524873137474
95 0.003857867792248726
96 0.003812189679592848
97 0.004052997101098299
98 0.003567697713151574
99 0.004067668225616217
100 0.004084681626409292
101 0.0038969861343503
102 0.0036272993311285973
103 0.004229974467307329
104 0.0038628685288131237
105 0.004162885248661041
106 0.003689076518639922
107 0.004485736135393381
108 0.004142250865697861
109 0.0039255619049072266
110 0.004061737563461065
111 0.003976217936724424
112 0.003809661604464054
113 0.004149335436522961
114 0.003795386292040348
115 0.0037221822421997786
116 0.003983838949352503
117 0.003976885695010424
118 0.0037088000681251287
119 0.0038726485799998045
120 0.00420222757384181
121 0.004223139490932226
122 0.004645049571990967
123 0.003936815075576305
124 0.004086968023329973
125 0.0041043562814593315
126 0.004145540297031403
127 0.0038184879813343287
128 0.00362901552580297
129 0.0036006092559546232
130 0.0037257042713463306
131 0.0036865337751805782
132 0.00388176622800529
133 0.004349112045019865
134 0.003799042198807001
135 0.0036511302459985018
136 0.004239787347614765
137 0.0038997402880340815
138 0.004002281930297613
139 0.003882512217387557
140 0.003877329872921109
141 0.0037365208845585585
142 0.003963272087275982
143 0.003652426414191723
144 0.0034313646610826254
145 0.004227033816277981
146 0.003673974424600601
147 0.004064227920025587
148 0.003994654398411512
149 0.003880665637552738
150 0.004125817678868771
151 0.004002370405942202
152 0.0036422330886125565
153 0.004048953764140606
154 0.0037645308766514063
155 0.003669915720820427
156 0.003756413934752345
157 0.003715125611051917
158 0.003865244798362255
159 0.0038058196660131216
160 0.003773184958845377
161 0.0038256472907960415
162 0.004278421867638826
163 0.003746273461729288
164 0.003757983213290572
165 0.00391427194699645
166 0.004082406871020794
167 0.003983320668339729
168 0.003989133518189192
169 0.004230514168739319
170 0.0037038149312138557
171 0.003978095017373562
172 0.0036728933919221163
173 0.003798688994720578
174 0.004052729345858097
175 0.0038650480564683676
176 0.004319755360484123
177 0.003849676577374339
178 0.0036362523678690195
179 0.0037770045455545187
180 0.0038011777214705944
181 0.004264672752469778
182 0.004264007788151503
183 0.004104953724890947
184 0.003941451199352741
185 0.004005694296211004
186 0.003527750028297305
187 0.003951844293624163
188 0.0038551604375243187
189 0.0038271292578428984
190 0.004004104062914848
191 0.0037888530641794205
192 0.0038856626488268375
193 0.0040349578484892845
194 0.003989647142589092
195 0.004169020801782608
196 0.0040797283872962
197 0.003634026274085045
198 0.003826630301773548
199 0.003840172430500388
200 0.003582359990105033
201 0.003960842732340097
202 0.00398589251562953
203 0.0035759720485657454
204 0.00377423083409667
205 0.003842899575829506
206 0.003748190589249134
207 0.004011732526123524
208 0.003950886894017458
209 0.0040687876753509045
210 0.0036703087389469147
211 0.004214469809085131
212 0.003584200283512473
213 0.00383892678655684
214 0.0038959074299782515
215 0.00400547357276082
216 0.0038754225242882967
217 0.0038410883862525225
218 0.0038239462301135063
219 0.00373936933465302
220 0.003914233297109604
221 0.003998571541160345
222 0.003719198750331998
223 0.00434491690248251
224 0.003922158852219582
225 0.003791611175984144
226 0.003992828540503979
227 0.003658849513158202
228 0.003995848819613457
229 0.004146926570683718
230 0.003764238441362977
231 0.004279844928532839
232 0.004083350300788879
233 0.0036007696762681007
234 0.003749681171029806
235 0.003726818598806858
236 0.00393459340557456
237 0.003784187836572528
238 0.003874559188261628
239 0.003813538234680891
240 0.0039146370254457
241 0.003951804246753454
242 0.003745409892871976
243 0.0037834132090210915
244 0.003877635346725583
245 0.0038901150692254305
246 0.00426538335159421
247 0.003939404152333736
248 0.003925906959921122
249 0.003848775289952755
250 0.0035829755943268538
251 0.003661088179796934
252 0.0038104162085801363
253 0.0036713567096740007
254 0.004056787118315697
255 0.003732109908014536
