0 0.003914109896868467
1 0.0033508457709103823
2 0.003975995816290379
3 0.003958636894822121
4 0.00417364714667201
5 0.0038049195427447557
6 0.0042039197869598866
7 0.003904683282598853
8 0.003893364919349551
9 0.003523916471749544
10 0.0042936415411531925
11 0.0038364450447261333
12 0.003811741014942527
13 0.003949315752834082
14 0.003800025675445795
15 0.003856689902022481
16 0.003975041210651398
17 0.003799364436417818
18 0.003949571400880814
19 0.0037358547560870647
20 0.004047765862196684
21 0.004118271172046661
22 0.004034979268908501
23 0.0036797882057726383
24 0.003585863159969449
25 0.00401654839515686
26 0.004061403218656778
27 0.003966694697737694
28 0.004212676547467709
29 0.004146834369748831
30 0.0043327282182872295
31 0.0038090189918875694
32 0.0038209143094718456
33 0.003765542060136795
34 0.003701040055602789
35 0.0037809673231095076
36 0.004086689557880163
37 0.003961054142564535
38 0.003966291435062885
39 0.004242272581905127
40 0.004139845259487629
41 0.0034110965207219124
42 0.0038187962491065264
43 0.003807556815445423
44 0.003984524868428707
45 0.0038587923627346754
46 0.004052870906889439
47 0.004015755839645863
48 0.003883511293679476
49 0.0036475155502557755
50 0.004080604761838913
51 0.0037931392434984446
52 0.0038700455334037542
53 0.003740467131137848
54 0.003811994567513466
55 0.004045912064611912
56 0.00407823920249939
57 0.003876619739457965
58 0.0036878546234220266
59 0.003895985195413232
60 0.0037928929086774588
61 0.003997146617621183
62 0.004116986878216267
63 0.003590130712836981
64 0.003982184454798698
65 0.0037335469387471676
66 0.003857681527733803
67 0.0036036598030477762
68 0.0036508196499198675
69 0.004038865678012371
70 0.0042033204808831215
71 0.0040267412550747395
72 0.0041429721750319
73 0.003826899453997612
74 0.0036931601352989674
75 0.004286965820938349
76 0.004145047627389431
77 0.004071687813848257
78 0.003919641952961683
79 0.00371726811863482
80 0.0037002444732934237
81 0.00419956911355257
82 0.0038223026785999537
83 0.003610738320276141
84 0.004006942268460989
85 0.0037887580692768097
86 0.003940650727599859
87 0.003984243609011173
88 0.0034034699201583862
89 0.00375709543004632
90 0.004032057244330645
91 0.003755782498046756
92 0.004228374920785427
93 0.00432627834379673
94 0.003819396486505866
95 0.0037980549968779087
96 0.00373968412168324
97 0.004322089720517397
98 0.0037953078281134367
99 0.004055628087371588
100 0.003920485731214285
101 0.004005602095276117
102 0.004000440239906311
103 0.0041227322071790695
104 0.003981062676757574
105 0.00398651510477066
106 0.004032138269394636
107 0.004327213391661644
108 0.004201480187475681
109 0.003800934413447976
110 0.0039487117901444435
111 0.004109427332878113
112 0.003627136582508683
113 0.004409762565046549
114 0.003987552132457495
115 0.0037949492689222097
116 0.004058175720274448
117 0.0038905839901417494
118 0.003430824028328061
119 0.0038346105720847845
120 0.0038028275594115257
121 0.003920931369066238
122 0.0044675562530756
123 0.0037537047173827887
124 0.004042823798954487
125 0.003906892146915197
126 0.003911223262548447
127 0.003901760559529066
128 0.0037005876656621695
129 0.0036254720762372017
130 0.0035679477732628584
131 0.0036301680374890566
132 0.0039489977061748505
133 0.004178856965154409
134 0.004136339761316776
135 0.003609033301472664
136 0.004444912541657686
137 0.003773690667003393
138 0.004118853714317083
139 0.004007031209766865
140 0.0037721709813922644
141 0.0035985447466373444
142 0.0038829525001347065
143 0.0037799400743097067
144 0.0035737548023462296
145 0.004213701467961073
146 0.003907876089215279
147 0.003842571983113885
148 0.003739061299711466
149 0.0037057078443467617
150 0.0040382761508226395
151 0.004378538113087416
152 0.0034829911310225725
153 0.003909540828317404
154 0.003936216700822115
155 0.0035384506918489933
156 0.0037159277126193047
157 0.003697626991197467
158 0.003965409472584724
159 0.0037834905087947845
160 0.003576215822249651
161 0.0035617323592305183
162 0.004308479838073254
163 0.00376488221809268
164 0.003758520819246769
165 0.003863738849759102
166 0.0041312589310109615
167 0.004075182136148214
168 0.004020193126052618
169 0.004222034942358732
170 0.003815338248386979
171 0.003964849282056093
172 0.0035367778036743402
173 0.003622971707955003
174 0.003968143370002508
175 0.003859233111143112
176 0.004423599690198898
177 0.00392460310831666
178 0.003403234528377652
179 0.003684159368276596
180 0.0038221385329961777
181 0.004180253949016333
182 0.003813705639913678
183 0.00385855371132493
184 0.003988569602370262
185 0.004067437723278999
186 0.003561841556802392
187 0.003935975953936577
188 0.0038211157079786062
189 0.003802406834438443
190 0.0037995786406099796
191 0.003915633074939251
192 0.0038929912261664867
193 0.003996639978140593
194 0.003995062783360481
195 0.004111815243959427
196 0.004165804944932461
197 0.003816331271082163
198 0.004216213710606098
199 0.003976165316998959
200 0.0036709618289023638
201 0.0037707204464823008
202 0.00389305897988379
203 0.003962832968682051
204 0.0037359849084168673
205 0.0036894408985972404
206 0.0036656998563557863
207 0.004129643086344004
208 0.003974413499236107
209 0.004068998619914055
210 0.0035617025569081306
211 0.003825279651209712
212 0.003781456034630537
213 0.0037317273672670126
214 0.0039876168593764305
215 0.003962989430874586
216 0.0039573111571371555
217 0.003980128560215235
218 0.003925338853150606
219 0.004088334273546934
220 0.004132773261517286
221 0.003931206185370684
222 0.0035821273922920227
223 0.004087901674211025
224 0.003720170119777322
225 0.004052212927490473
226 0.003938332665711641
227 0.003843653714284301
228 0.00423932122066617
229 0.004146625753492117
230 0.00394265353679657
231 0.004190167412161827
232 0.003940403927117586
233 0.0036744889803230762
234 0.0037605497054755688
235 0.003886719234287739
236 0.00411235960200429
237 0.0036216946318745613
238 0.0040318891406059265
239 0.004124848637729883
240 0.003971405792981386
241 0.004186069127172232
242 0.003813424613326788
243 0.0037655585911124945
244 0.0038186816964298487
245 0.0037237079814076424
246 0.0041849128901958466
247 0.004162547644227743
248 0.004148885142058134
249 0.0037503542844206095
250 0.0037197377532720566
251 0.00360296037979424
252 0.0038026703987270594
253 0.0036052456125617027
254 0.0039211721159517765
255 0.003858346724882722
