0 0.0039311181753873825
1 0.003356205765157938
2 0.003411078592762351
3 0.003777457168325782
4 0.004071591421961784
5 0.0038011500146239996
6 0.003967984113842249
7 0.0039951391518116
8 0.004113053437322378
9 0.003523979801684618
10 0.004260754678398371
11 0.0037603587843477726
12 0.0038948075380176306
13 0.004060141276568174
14 0.004017872270196676
15 0.0039949556812644005
16 0.003941650036722422
17 0.0036720221396535635
18 0.003684696275740862
19 0.004056580830365419
20 0.0040373848751187325
21 0.0042073666118085384
22 0.003969161305576563
23 0.003719392931088805
24 0.00372558506205678
25 0.004107685759663582
26 0.003970267716795206
27 0.004042856860905886
28 0.004049004055559635
29 0.0041075339540839195
30 0.0043501779437065125
31 0.0038880053907632828
32 0.0037808087654411793
33 0.003638824447989464
34 0.0037347141187638044
35 0.003847510553896427
36 0.004002042580395937
37 0.0038351169787347317
38 0.003791348310187459
39 0.004279178101569414
40 0.004045122768729925
41 0.003399445442482829
42 0.003796475939452648
43 0.003739516716450453
44 0.004018575418740511
45 0.003956913016736507
46 0.004217901732772589
47 0.003900865325704217
48 0.004044514149427414
49 0.0037222180981189013
50 0.0041874912567436695
51 0.003683533053845167
52 0.0038254212122410536
53 0.003889953950420022
54 0.0036934607196599245
55 0.004303976893424988
56 0.004127314779907465
57 0.0038706630002707243
58 0.0038159312680363655
59 0.0038615786470472813
60 0.0035990148317068815
61 0.0039753178134560585
62 0.004197134170681238
63 0.0038629083428531885
64 0.003949735779315233
65 0.0037731854245066643
66 0.003744186367839575
67 0.003930377308279276
68 0.003974059596657753
69 0.004165323451161385
70 0.00413137162104249
71 0.0038733792025595903
72 0.003984679467976093
73 0.003860683646053076
74 0.0038307318463921547
75 0.004347147420048714
76 0.00431837560608983
77 0.0038629292976111174
78 0.0038006012327969074
79 0.003970809746533632
80 0.0036696556489914656
81 0.004033277742564678
82 0.003847836283966899
83 0.00372896995395422
84 0.00404858635738492
85 0.0037128194235265255
86 0.004141232464462519
87 0.0038467322010546923
88 0.003562432713806629
89 0.0036575086414813995
90 0.003947990946471691
91 0.004020078107714653
92 0.003809391986578703
93 0.004177908878773451
94 0.0038240181747823954
95 0.004020812921226025
96 0.0041016885079443455
97 0.004133324138820171
98 0.0034717118833214045
99 0.00397283723577857
100 0.004014060832560062
101 0.004177159164100885
102 0.003590419190004468
103 0.004273355007171631
104 0.003860883414745331
105 0.0039742328226566315
106 0.0037625653203576803
107 0.0047652842476964
108 0.004214911721646786
109 0.003869096515700221
110 0.003946349024772644
111 0.003973976708948612
112 0.003634537337347865
113 0.00431586429476738
114 0.00405833451077342
115 0.003975932952016592
116 0.004103031009435654
117 0.003870455315336585
118 0.0035025295801460743
119 0.0038315136916935444
120 0.004202993120998144
121 0.00429365923628211
122 0.0043092574924230576
123 0.0038000328931957483
124 0.004053148441016674
125 0.004091395065188408
126 0.004103183746337891
127 0.0039747110567986965
128 0.0037096007727086544
129 0.003636209527030587
130 0.0034354454837739468
131 0.0036143965553492308
132 0.003905228804796934
133 0.004117906559258699
134 0.004096642602235079
135 0.0037490499671548605
136 0.00420557102188468
137 0.003621893236413598
138 0.00418000528588891
139 0.003948362078517675
140 0.0038084255065768957
141 0.003725559450685978
142 0.003991854842752218
143 0.003821006277576089
144 0.003635563887655735
145 0.004113650415092707
146 0.003941771574318409
147 0.003738313214853406
148 0.004055627156049013
149 0.003878016024827957
150 0.004004267044365406
151 0.004276279825717211
152 0.003585796570405364
153 0.003934795036911964
154 0.003763499902561307
155 0.003662971779704094
156 0.003690266516059637
157 0.0036696044262498617
158 0.00387115147896111
159 0.003794097574427724
160 0.0038082078099250793
161 0.003807281842455268
162 0.004188933409750462
163 0.0036023100838065147
164 0.003819134319201112
165 0.0037755232769995928
166 0.004122264217585325
167 0.003845804836601019
168 0.0041311392560601234
169 0.0044042933732271194
170 0.003881045849993825
171 0.0036193320993334055
172 0.0037001052405685186
173 0.003630746155977249
174 0.003937863744795322
175 0.003958667162805796
176 0.004290902987122536
177 0.0037787973415106535
178 0.00338836875744164
179 0.0038133636116981506
180 0.003700376022607088
181 0.004035332705825567
182 0.003793218405917287
183 0.004033975303173065
184 0.004082451108843088
185 0.004129873588681221
186 0.003520088968798518
187 0.0037949001416563988
188 0.0038311525713652372
189 0.0037557079922407866
190 0.0036936874967068434
191 0.0038384294603019953
192 0.004103383049368858
193 0.004117761272937059
194 0.004089540336281061
195 0.004157498944550753
196 0.004281750880181789
197 0.0038162909913808107
198 0.0038168742321431637
199 0.003941664006561041
200 0.003597063710913062
201 0.0038414804730564356
202 0.0037313015200197697
203 0.0036975459661334753
204 0.003736435668542981
205 0.00341116008348763
206 0.003564106533303857
207 0.003928911406546831
208 0.003823030972853303
209 0.0038721205200999975
210 0.003665287047624588
211 0.004020139575004578
212 0.003595577087253332
213 0.003949769772589207
214 0.0038601316045969725
215 0.004159912467002869
216 0.0041269054636359215
217 0.004064940381795168
218 0.0038604079745709896
219 0.0037435214035212994
220 0.003954325802624226
221 0.004070603288710117
222 0.0036845977883785963
223 0.004433023277670145
224 0.0035863048397004604
225 0.00390767864882946
226 0.004008833784610033
227 0.003798349294811487
228 0.004200129769742489
229 0.004061598796397448
230 0.003638611873611808
231 0.004193407949060202
232 0.003830282250419259
233 0.0036681960336863995
234 0.0035079021472483873
235 0.003930991981178522
236 0.0038883108645677567
237 0.0038467138074338436
238 0.0038690660148859024
239 0.003953191917389631
240 0.004058861639350653
241 0.004233516752719879
242 0.0038159785326570272
243 0.00366498832590878
244 0.003963768947869539
245 0.0037077951710671186
246 0.004265468567609787
247 0.004159420728683472
248 0.004005087539553642
249 0.003928581718355417
250 0.0036523023154586554
251 0.0036657757591456175
252 0.0037838236894458532
253 0.0036481823772192
254 0.0042345174588263035
255 0.003808086970821023
