0 0.003829605644568801
1 0.0035519893281161785
2 0.003950673155486584
3 0.003908543847501278
4 0.004069100599735975
5 0.0040373420342803
6 0.003996346611529589
7 0.004170335829257965
8 0.004168201703578234
9 0.0038267886266112328
10 0.004016806837171316
11 0.003702112240716815
12 0.003756201360374689
13 0.003949453588575125
14 0.0038354897405952215
15 0.00388202047906816
16 0.003852681489661336
17 0.003947144839912653
18 0.0038779054302722216
19 0.0037724676076322794
20 0.00415489636361599
21 0.0041000014171004295
22 0.004038999322801828
23 0.003719981759786606
24 0.004026333335787058
25 0.0042325654067099094
26 0.003989020828157663
27 0.003921900875866413
28 0.004017990548163652
29 0.003895431524142623
30 0.00417293468490243
31 0.0038898836355656385
32 0.0035643104929476976
33 0.003588672960177064
34 0.0038222046568989754
35 0.0038808942772448063
36 0.00400660140439868
37 0.0038037807680666447
38 0.004175060428678989
39 0.004058235324919224
40 0.004111942835152149
41 0.0036002728156745434
42 0.003931495361030102
43 0.003870239946991205
44 0.003833962371572852
45 0.0037772124633193016
46 0.004208170808851719
47 0.004249454475939274
48 0.004076498560607433
49 0.003668559715151787
50 0.004397399723529816
51 0.0035982979461550713
52 0.0038977686781436205
53 0.0037155647296458483
54 0.0038496144115924835
55 0.003969193901866674
56 0.004159331787377596
57 0.00372383464127779
58 0.0038483713287860155
59 0.0037341078277677298
60 0.003803662955760956
61 0.003968778531998396
62 0.004312190692871809
63 0.003697388805449009
64 0.004046251066029072
65 0.003630584105849266
66 0.003782588755711913
67 0.0038724227342754602
68 0.003970309626311064
69 0.004137154668569565
70 0.00425071781501174
71 0.003821674967184663
72 0.0036589941009879112
73 0.00401848740875721
74 0.0039344108663499355
75 0.004262307193130255
76 0.004052343778312206
77 0.003959183115512133
78 0.0038990075699985027
79 0.0037408978678286076
80 0.0037925117649137974
81 0.00414229417219758
82 0.004043911583721638
83 0.0037088303361088037
84 0.003785407170653343
85 0.0037868793588131666
86 0.0038243569433689117
87 0.003838042728602886
88 0.003674718551337719
89 0.0038150132168084383
90 0.003938342444598675
91 0.004037248902022839
92 0.003862743265926838
93 0.004374746233224869
94 0.00377064966596663
95 0.0039078304544091225
96 0.004009842872619629
97 0.003996680025011301
98 0.0036974961403757334
99 0.004076632671058178
100 0.0037100794725120068
101 0.004121911711990833
102 0.003826756961643696
103 0.004144751932471991
104 0.003702223300933838
105 0.00439790915697813
106 0.0037736997473984957
107 0.004492567386478186
108 0.0042855404317379
109 0.003702503861859441
110 0.003959777764976025
111 0.003996269311755896
112 0.0037947967648506165
113 0.004381753969937563
114 0.003991818521171808
115 0.003692425088956952
116 0.004062579479068518
117 0.003833943512290716
118 0.0036942199803888798
119 0.003917805850505829
120 0.003779136575758457
121 0.004145011771470308
122 0.004352005198597908
123 0.003884001635015011
124 0.004224757198244333
125 0.003945421893149614
126 0.004122323356568813
127 0.0038112294860184193
128 0.003835082985460758
129 0.003650521859526634
130 0.0037510227411985397
131 0.0036379380617290735
132 0.003929864149540663
133 0.004364935215562582
134 0.0038023442029953003
135 0.0035869902931153774
136 0.00418152566999197
137 0.0038097226060926914
138 0.0039644972421228886
139 0.003945944365113974
140 0.0036772897001355886
141 0.0037319380789995193
142 0.0037874840199947357
143 0.0037345534656196833
144 0.003715086029842496
145 0.004043973982334137
146 0.0038866442628204823
147 0.004041717387735844
148 0.003743369597941637
149 0.003767030779272318
150 0.00398030923679471
151 0.004046937916427851
152 0.0034644375555217266
153 0.003816132666543126
154 0.0037598840426653624
155 0.0037133924197405577
156 0.003815436502918601
157 0.003724663984030485
158 0.003916257061064243
159 0.003764302469789982
160 0.0037697285879403353
161 0.0036598574370145798
162 0.004114225972443819
163 0.0037093311548233032
164 0.003706124611198902
165 0.0037537063471972942
166 0.0038381752092391253
167 0.0038562670815736055
168 0.004150977358222008
169 0.00387036195024848
170 0.0038472216110676527
171 0.0037997430190443993
172 0.003852936439216137
173 0.0037767989560961723
174 0.004077504388988018
175 0.0038100979290902615
176 0.0040318784303963184
177 0.003946989309042692
178 0.0035854720044881105
179 0.0037399635184556246
180 0.003558126976713538
181 0.004113720264285803
182 0.0039756400510668755
183 0.0041023376397788525
184 0.004053645301610231
185 0.004099779296666384
186 0.0035554119385778904
187 0.0038085803389549255
188 0.003941596020013094
189 0.0038233879022300243
190 0.004037944599986076
191 0.0036984437610954046
192 0.00394898047670722
193 0.004010986071079969
194 0.004129199311137199
195 0.004071780014783144
196 0.004198465961962938
197 0.003679420333355665
198 0.0036382514517754316
199 0.0038099822122603655
200 0.003804645733907819
201 0.003713232697919011
202 0.003856675000861287
203 0.0038152497727423906
204 0.00381602649576962
205 0.0037260144017636776
206 0.0037105451337993145
207 0.003975238185375929
208 0.004118416458368301
209 0.003930934239178896
210 0.0037323159631341696
211 0.004009947646409273
212 0.0035828480031341314
213 0.003810299327597022
214 0.004154954105615616
215 0.004075781442224979
216 0.004118523560464382
217 0.004151617642492056
218 0.003786165500059724
219 0.0037196429912000895
220 0.003775022691115737
221 0.00407042820006609
222 0.003664929885417223
223 0.004057022277265787
224 0.00393672427162528
225 0.00406559556722641
226 0.003990167751908302
227 0.003846552688628435
228 0.0038575606886297464
229 0.004175536800175905
230 0.0037532125134021044
231 0.004173289518803358
232 0.003961582202464342
233 0.003700246335938573
234 0.003828981425613165
235 0.0037399912253022194
236 0.003994475584477186
237 0.003918089438229799
238 0.0038722504395991564
239 0.0042098574340343475
240 0.004214154556393623
241 0.003801349550485611
242 0.0039313663728535175
243 0.0036097713746130466
244 0.003949183505028486
245 0.0037756236270070076
246 0.004101014696061611
247 0.00410440331324935
248 0.003887420054525137
249 0.0037990533746778965
250 0.003650043858215213
251 0.0035170158371329308
252 0.0039836629293859005
253 0.004004949238151312
254 0.003971110563725233
255 0.003722029970958829
