0 0.004035329911857843
1 0.0032300653401762247
2 0.0037786352913826704
3 0.003936616238206625
4 0.004081869963556528
5 0.003549714107066393
6 0.0040939971804618835
7 0.004008161369711161
8 0.004369319416582584
9 0.0036851181648671627
10 0.0040986137464642525
11 0.0036159134469926357
12 0.003865052480250597
13 0.0037693819031119347
14 0.003998372703790665
15 0.00404011458158493
16 0.003974879160523415
17 0.003965519834309816
18 0.003783430205658078
19 0.003994613420218229
20 0.004042760469019413
21 0.0039782440289855
22 0.004133613780140877
23 0.0037058175075799227
24 0.004095518961548805
25 0.004155373200774193
26 0.00423796009272337
27 0.003842270700260997
28 0.004052219912409782
29 0.0038353283889591694
30 0.0044458843767642975
31 0.003819060046225786
32 0.0036041857674717903
33 0.003753745462745428
34 0.0036422284319996834
35 0.003730638651177287
36 0.00395523477345705
37 0.003818733152002096
38 0.00412448775023222
39 0.004234253894537687
40 0.004197607282549143
41 0.003470080206170678
42 0.00403683353215456
43 0.003586915787309408
44 0.004005355294793844
45 0.003934879787266254
46 0.004200057126581669
47 0.004253396298736334
48 0.003955405205488205
49 0.0038696839474141598
50 0.004051564261317253
51 0.0037188800051808357
52 0.003968363162130117
53 0.003995800856500864
54 0.0036221379414200783
55 0.00403278972953558
56 0.004017272964119911
57 0.003980256151407957
58 0.003749116323888302
59 0.0037508595269173384
60 0.003667003009468317
61 0.004073114600032568
62 0.004400270059704781
63 0.0035796386655420065
64 0.0038869029376655817
65 0.003703654743731022
66 0.00379374111071229
67 0.003991193138062954
68 0.0040650456212460995
69 0.0040470329113304615
70 0.004109117668122053
71 0.003605596022680402
72 0.003935378044843674
73 0.003859753254801035
74 0.00391948688775301
75 0.004448313731700182
76 0.004109288565814495
77 0.003914345521479845
78 0.003858000272884965
79 0.003802758175879717
80 0.003949323203414679
81 0.004031977616250515
82 0.004310615826398134
83 0.003617824986577034
84 0.003884973470121622
85 0.00372051983140409
86 0.003880545496940613
87 0.003806504188105464
88 0.00361657259054482
89 0.003907591570168734
90 0.004021928645670414
91 0.003955064807087183
92 0.0040117003954946995
93 0.004243132192641497
94 0.003961171489208937
95 0.00387720693834126
96 0.004083823878318071
97 0.004190986510366201
98 0.0038134159985929728
99 0.0040837847627699375
100 0.003754501696676016
101 0.004275897052139044
102 0.0036822562105953693
103 0.004176916088908911
104 0.003734246827661991
105 0.0041395812295377254
106 0.003887732047587633
107 0.00477800564840436
108 0.004124684724956751
109 0.003985270392149687
110 0.003978999797254801
111 0.003916500136256218
112 0.003614744171500206
113 0.004313504323363304
114 0.00403478043153882
115 0.0037658566143363714
116 0.003961727488785982
117 0.0038893192540854216
118 0.00349908834323287
119 0.003830181434750557
120 0.004045351408421993
121 0.0045304568484425545
122 0.004627089947462082
123 0.0037179491482675076
124 0.004076455719769001
125 0.003929386846721172
126 0.004075934179127216
127 0.0039816503413021564
128 0.0037479817401617765
129 0.003550982801243663
130 0.0034705845173448324
131 0.003459969535470009
132 0.0038204705342650414
133 0.004320235922932625
134 0.0037147249095141888
135 0.003651699749752879
136 0.0040831053629517555
137 0.0038385388907045126
138 0.004190037027001381
139 0.004026143345981836
140 0.003554287599399686
141 0.003686214331537485
142 0.003619750961661339
143 0.0035791017580777407
144 0.003494852688163519
145 0.004115163814276457
146 0.003902632277458906
147 0.003804815700277686
148 0.0038436553440988064
149 0.0038354729767888784
150 0.003893454559147358
151 0.004024030175060034
152 0.003596868133172393
153 0.00360415643081069
154 0.003639734350144863
155 0.003361513139680028
156 0.003556276671588421
157 0.003619687631726265
158 0.004026553127914667
159 0.003414448583498597
160 0.0036603978369385004
161 0.003755750833079219
162 0.004110306967049837
163 0.0032132542692124844
164 0.003662715433165431
165 0.003839030396193266
166 0.004014702048152685
167 0.0037009594962000847
168 0.0042160446755588055
169 0.004216564353555441
170 0.003815998090431094
171 0.003715409431606531
172 0.00373935722745955
173 0.003921872936189175
174 0.0043398975394666195
175 0.003989869728684425
176 0.0042803483083844185
177 0.003825875697657466
178 0.00352187966927886
179 0.003683225018903613
180 0.0035734004341065884
181 0.0042604184709489346
182 0.003916533663868904
183 0.0037440164014697075
184 0.003816325217485428
185 0.004278433509171009
186 0.003389249788597226
187 0.003723488189280033
188 0.0039931670762598515
189 0.0038672182708978653
190 0.004049317445605993
191 0.003804640145972371
192 0.004042745567858219
193 0.004339622799307108
194 0.004087228327989578
195 0.004393355455249548
196 0.004355579148977995
197 0.0037533326540142298
198 0.004004925489425659
199 0.00374811002984643
200 0.0038190449122339487
201 0.003878157353028655
202 0.0038144090212881565
203 0.0037726617883890867
204 0.003533784532919526
205 0.0036844818387180567
206 0.0035045635886490345
207 0.003924874123185873
208 0.004182843025773764
209 0.0040948400273919106
210 0.0038600557018071413
211 0.004024595487862825
212 0.003376456443220377
213 0.003925955388695002
214 0.003981669433414936
215 0.004161985591053963
216 0.003973617218434811
217 0.004166470840573311
218 0.003860216122120619
219 0.003751834388822317
220 0.003630975726991892
221 0.004092930816113949
222 0.0039971997030079365
223 0.004019238520413637
224 0.0036238275934010744
225 0.004094766452908516
226 0.003911414183676243
227 0.003761070314794779
228 0.004264653194695711
229 0.004111823625862598
230 0.0038268305361270905
231 0.004182630684226751
232 0.003973275423049927
233 0.0036883612629026175
234 0.0037822211161255836
235 0.003828454064205289
236 0.004031389020383358
237 0.00405088858678937
238 0.003991980571299791
239 0.00413622846826911
240 0.0039910306222736835
241 0.004127454478293657
242 0.003671555779874325
243 0.0037442187312990427
244 0.004101951140910387
245 0.003804821288213134
246 0.0044546304270625114
247 0.0040268381126224995
248 0.00378022575750947
249 0.0036622565239667892
250 0.0034040124155580997
251 0.003511217189952731
252 0.004102034494280815
253 0.003729285905137658
254 0.004033013712614775
255 0.003605206497013569
