0 0.003935800865292549
1 0.003501518629491329
2 0.0036987855564802885
3 0.003994450438767672
4 0.004478030372411013
5 0.0037215903867036104
6 0.003957825247198343
7 0.004286033101379871
8 0.004129018168896437
9 0.003452188801020384
10 0.004090162459760904
11 0.0037018354050815105
12 0.003452511038631201
13 0.003927798941731453
14 0.003916424233466387
15 0.003859376534819603
16 0.003813496557995677
17 0.003531887661665678
18 0.0037318142130970955
19 0.003998857922852039
20 0.0041719647124409676
21 0.004183937795460224
22 0.0040764110162854195
23 0.003979737404733896
24 0.003764726221561432
25 0.003936288878321648
26 0.0037900733295828104
27 0.003900350769981742
28 0.004081598948687315
29 0.0037985118106007576
30 0.003926635719835758
31 0.0037041923496872187
32 0.003460134379565716
33 0.003701615147292614
34 0.0035104460548609495
35 0.003873223438858986
36 0.003944250755012035
37 0.00366440461948514
38 0.003949087578803301
39 0.004430098924785852
40 0.004062974825501442
41 0.003293618094176054
42 0.00390969030559063
43 0.00393107021227479
44 0.004060974810272455
45 0.003958169836550951
46 0.004148826468735933
47 0.004146010614931583
48 0.004016706254333258
49 0.0037253377959132195
50 0.004163941368460655
51 0.003754656296223402
52 0.00383568718098104
53 0.003981705754995346
54 0.003580610267817974
55 0.004154061432927847
56 0.0041558691300451756
57 0.0036228180397301912
58 0.0036197290755808353
59 0.003764969063922763
60 0.0035950758028775454
61 0.0036392647307366133
62 0.004242144990712404
63 0.0036467132158577442
64 0.003873853711411357
65 0.003428321098908782
66 0.004134661518037319
67 0.003750849748030305
68 0.004046330694109201
69 0.004179657436907291
70 0.004344300366938114
71 0.0038889958523213863
72 0.003914702218025923
73 0.0036645170766860247
74 0.0036285079549998045
75 0.004392414353787899
76 0.004005564376711845
77 0.003727900329977274
78 0.003662469796836376
79 0.003746255999431014
80 0.004114012699574232
81 0.004275190178304911
82 0.003847339656203985
83 0.003746947506442666
84 0.003849147353321314
85 0.003945244941860437
86 0.0037444147747009993
87 0.003854030044749379
88 0.0034965919330716133
89 0.003881263080984354
90 0.004007958807051182
91 0.0038554533384740353
92 0.003876063507050276
93 0.004402169492095709
94 0.003983740694820881
95 0.003782399697229266
96 0.003664202056825161
97 0.0041211796924471855
98 0.0036492308136075735
99 0.004082951694726944
100 0.0041679940186440945
101 0.004315543454140425
102 0.003810900030657649
103 0.00390703696757555
104 0.003760391613468528
105 0.0042868503369390965
106 0.00380080658942461
107 0.004449736326932907
108 0.004363768268376589
109 0.003907760139554739
110 0.0037360640708357096
111 0.003751522395759821
112 0.0035991412587463856
113 0.004428358748555183
114 0.004094784613698721
115 0.003817147808149457
116 0.0037750143092125654
117 0.004116769414395094
118 0.003598562441766262
119 0.003975722473114729
120 0.0038382443599402905
121 0.004021943546831608
122 0.004498359747231007
123 0.0037042940966784954
124 0.003961972892284393
125 0.003992537036538124
126 0.004359106533229351
127 0.0038924168329685926
128 0.003550805849954486
129 0.003679669462144375
130 0.00373753416351974
131 0.0036628590896725655
132 0.003945731557905674
133 0.0041640144772827625
134 0.003825023304671049
135 0.0035763552878051996
136 0.004407600965350866
137 0.003562546567991376
138 0.004184213932603598
139 0.0040598646737635136
140 0.0037740443367511034
141 0.003631903789937496
142 0.003829327877610922
143 0.003754293080419302
144 0.0037295962683856487
145 0.0040465048514306545
146 0.004036678932607174
147 0.004167989827692509
148 0.003980410285294056
149 0.003595474874600768
150 0.0036962314043194056
151 0.0042127687484025955
152 0.003378661349415779
153 0.004016390535980463
154 0.003980827052146196
155 0.003734063357114792
156 0.0038026648107916117
157 0.003638820955529809
158 0.004227322060614824
159 0.0038124113343656063
160 0.0038705833721905947
161 0.0036945331376045942
162 0.004445237573236227
163 0.00376656255684793
164 0.00366940232925117
165 0.003875146387144923
166 0.0041161938570439816
167 0.0038313691038638353
168 0.0042180554009974
169 0.00420378427952528
170 0.0038064930122345686
171 0.003778581041842699
172 0.0037957648746669292
173 0.0036191188264638186
174 0.004165430087596178
175 0.003669380210340023
176 0.00417466601356864
177 0.0036746386904269457
178 0.003609810024499893
179 0.00378751871176064
180 0.0038556468207389116
181 0.004647848196327686
182 0.0041536930948495865
183 0.004151546861976385
184 0.004117303062230349
185 0.004623663146048784
186 0.003727815579622984
187 0.004203336779028177
188 0.003912093583494425
189 0.0038297309074550867
190 0.0038991342298686504
191 0.0036879091057926416
192 0.003879614407196641
193 0.004091815557330847
194 0.004092525225132704
195 0.004331217147409916
196 0.004165211226791143
197 0.0034799915738403797
198 0.003997152205556631
199 0.0038578694220632315
200 0.0035153571516275406
201 0.00355398072861135
202 0.004091984126716852
203 0.004082162864506245
204 0.003681384725496173
205 0.003955090884119272
206 0.0033803260885179043
207 0.0038106017746031284
208 0.004110591020435095
209 0.004031830001622438
210 0.003947479650378227
211 0.0040289852768182755
212 0.0036774245090782642
213 0.003728043520823121
214 0.0036134165711700916
215 0.004198390990495682
216 0.004004958551377058
217 0.003910350147634745
218 0.0038515718188136816
219 0.003862536745145917
220 0.003744322806596756
221 0.003957775421440601
222 0.004026607610285282
223 0.004057272803038359
224 0.0038366983644664288
225 0.003817153861746192
226 0.0039853909984230995
227 0.003817732213065028
228 0.004252194426953793
229 0.004021207336336374
230 0.003812184790149331
231 0.0041115195490419865
232 0.003995407838374376
233 0.0038612717762589455
234 0.003642271738499403
235 0.003642749972641468
236 0.004125561099499464
237 0.0037355944514274597
238 0.0036619985476136208
239 0.004291903227567673
240 0.0040150536224246025
241 0.004195881076157093
242 0.00406253058463335
243 0.0036260769702494144
244 0.0037243736442178488
245 0.003879525465890765
246 0.004123140126466751
247 0.004147314932197332
248 0.003985632676631212
249 0.003792210714891553
250 0.003921224270015955
251 0.0034645716659724712
252 0.00416249455884099
253 0.003515401389449835
254 0.003817601827904582
255 0.0037143509835004807
