0 0.0037031141109764576
1 0.0033134776167571545
2 0.0038294510450214148
3 0.0039652190171182156
4 0.004167661536484957
5 0.00397643493488431
6 0.004262106027454138
7 0.004093013238161802
8 0.003921425901353359
9 0.0034510446712374687
10 0.004094574134796858
11 0.003988178912550211
12 0.0037642461247742176
13 0.0037324847653508186
14 0.0036516340915113688
15 0.0038444495294243097
16 0.003941046539694071
17 0.003956718370318413
18 0.003904439741745591
19 0.0038301125168800354
20 0.004221675917506218
21 0.004043151158839464
22 0.003875856753438711
23 0.003551833564415574
24 0.003698903601616621
25 0.004056908190250397
26 0.0039432719349861145
27 0.003958185203373432
28 0.003995880018919706
29 0.004060393664985895
30 0.004343526903539896
31 0.0038520500529557467
32 0.0037562798243016005
33 0.003748397808521986
34 0.0036300495266914368
35 0.004073129501193762
36 0.004067720379680395
37 0.0037005795165896416
38 0.003931089770048857
39 0.004021835513412952
40 0.004034104291349649
41 0.0034493927378207445
42 0.003814162453636527
43 0.003778895130380988
44 0.0039800843223929405
45 0.0038162744604051113
46 0.004226022865623236
47 0.003986008930951357
48 0.0038250344805419445
49 0.003805572632700205
50 0.004182492848485708
51 0.003741377964615822
52 0.0039579253643751144
53 0.003511287271976471
54 0.00404476560652256
55 0.004079260863363743
56 0.004242243245244026
57 0.003776867175474763
58 0.003964035771787167
59 0.003879719180986285
60 0.003892960026860237
61 0.004071038216352463
62 0.004395460709929466
63 0.003726040944457054
64 0.003743488108739257
65 0.0038531951140612364
66 0.003677861299365759
67 0.0038935458287596703
68 0.0035726912319660187
69 0.003965102601796389
70 0.004191946238279343
71 0.004053567536175251
72 0.0041299378499388695
73 0.003836394753307104
74 0.003765248227864504
75 0.004141744691878557
76 0.003836965188384056
77 0.003936576656997204
78 0.004002721048891544
79 0.003663648385554552
80 0.003847916377708316
81 0.004114410374313593
82 0.004012039862573147
83 0.003614339977502823
84 0.004161226097494364
85 0.0037579366471618414
86 0.003929511643946171
87 0.0038149715401232243
88 0.0034760150592774153
89 0.0036829656455665827
90 0.004067579284310341
91 0.003985950257629156
92 0.004091175273060799
93 0.004154660739004612
94 0.0036392558831721544
95 0.0037818257696926594
96 0.0038421200588345528
97 0.0039989096112549305
98 0.003905096324160695
99 0.0041457898914813995
100 0.004050386603921652
101 0.004165340680629015
102 0.003852216526865959
103 0.004036756698042154
104 0.003884299425408244
105 0.00411465996876359
106 0.004032918252050877
107 0.004249317105859518
108 0.00428349943831563
109 0.0039343140088021755
110 0.003962640650570393
111 0.003993411082774401
112 0.0037239082157611847
113 0.0044069136492908
114 0.004015691112726927
115 0.00391987431794405
116 0.0038005176465958357
117 0.003972947131842375
118 0.003569545689970255
119 0.003940510097891092
120 0.0037263259291648865
121 0.004157319664955139
122 0.0044500879012048244
123 0.003771707648411393
124 0.004061377141624689
125 0.003923057112842798
126 0.004048554226756096
127 0.0038216097746044397
128 0.003753048600628972
129 0.0036008988972753286
130 0.003516911529004574
131 0.003810710506513715
132 0.004033397417515516
133 0.004243921954184771
134 0.0039361026138067245
135 0.003482599277049303
136 0.00450150715187192
137 0.004005339927971363
138 0.003959819208830595
139 0.0037198031786829233
140 0.003757807891815901
141 0.0035763094201684
142 0.003971755970269442
143 0.0036922714207321405
144 0.0036174494307488203
145 0.004231891129165888
146 0.003886586055159569
147 0.004098267760127783
148 0.004069477319717407
149 0.00399782182648778
150 0.004188611172139645
151 0.004272150807082653
152 0.0036296951584517956
153 0.004116963129490614
154 0.004016086459159851
155 0.0035815814044326544
156 0.0037151933647692204
157 0.003607153659686446
158 0.003751307027414441
159 0.003959887661039829
160 0.0036513525992631912
161 0.0037940223701298237
162 0.004165129270404577
163 0.003705702256411314
164 0.0038468828424811363
165 0.0037265026476234198
166 0.0041331700049340725
167 0.003944707103073597
168 0.004111886955797672
169 0.0038133682683110237
170 0.003553224727511406
171 0.003879622556269169
172 0.003767341608181596
173 0.003621574491262436
174 0.003924451302736998
175 0.0038563988637179136
176 0.004153060261160135
177 0.0040304167196154594
178 0.0036035815719515085
179 0.003707548137754202
180 0.003852528054267168
181 0.004366803914308548
182 0.003887169063091278
183 0.0036232543643563986
184 0.0035698183346539736
185 0.004099839832633734
186 0.003617364913225174
187 0.003967088647186756
188 0.0038940124213695526
189 0.003940434195101261
190 0.004077431280165911
191 0.0039304220117628574
192 0.00383139424957335
193 0.004037798382341862
194 0.004040945321321487
195 0.00421128747984767
196 0.004076561890542507
197 0.003867854829877615
198 0.003992210142314434
199 0.003839343786239624
200 0.0036342591047286987
201 0.003887968836352229
202 0.004044101107865572
203 0.0037690657190978527
204 0.003624657401815057
205 0.003746544476598501
206 0.0035579008981585503
207 0.004043187480419874
208 0.003968689125031233
209 0.0041913376189768314
210 0.0034747212193906307
211 0.00402847258374095
212 0.0035161778796464205
213 0.0037836318369954824
214 0.00414626207202673
215 0.003696146421134472
216 0.0038914724718779325
217 0.004141949582844973
218 0.004042843822389841
219 0.0038747212383896112
220 0.0038831185083836317
221 0.00398851465433836
222 0.00382128800265491
223 0.004343790002167225
224 0.003758852370083332
225 0.0038326445501297712
226 0.003938162233680487
227 0.003846285166218877
228 0.004087598063051701
229 0.004121043719351292
230 0.0039675128646194935
231 0.004172228742390871
232 0.0037128545809537172
233 0.003599507035687566
234 0.003714111400768161
235 0.0038032387383282185
236 0.003907813224941492
237 0.0037891848478466272
238 0.003850445384159684
239 0.0039432174526154995
240 0.0042184689082205296
241 0.004186588805168867
242 0.003910787869244814
243 0.0037759325932711363
244 0.003906837198883295
245 0.003828679211437702
246 0.004314679652452469
247 0.00407800218090415
248 0.004033658653497696
249 0.00392933702096343
250 0.003680604510009289
251 0.0034418718423694372
252 0.003922870382666588
253 0.0036089648492634296
254 0.0038958252407610416
255 0.0038449447602033615
