0 0.004206968005746603
1 0.003206597873941064
2 0.0038869588170200586
3 0.004053594544529915
4 0.0042433603666722775
5 0.0038875110913068056
6 0.004114778246730566
7 0.004075841512531042
8 0.004147381987422705
9 0.0036214739084243774
10 0.004161677788943052
11 0.0037748850882053375
12 0.0038698872085660696
13 0.0035963295958936214
14 0.0038567075971513987
15 0.004024627152830362
16 0.003803255734965205
17 0.0038069095462560654
18 0.0038006678223609924
19 0.0037862667813897133
20 0.004092404618859291
21 0.003954088315367699
22 0.004230830818414688
23 0.0036158226430416107
24 0.003954228945076466
25 0.004332613665610552
26 0.00431827874854207
27 0.004155862610787153
28 0.004036987200379372
29 0.003977468237280846
30 0.004564270842820406
31 0.003832094604149461
32 0.003644329495728016
33 0.0037352098152041435
34 0.003506851615384221
35 0.004046517424285412
36 0.003978753462433815
37 0.0036815763451159
38 0.004077576566487551
39 0.004092217423021793
40 0.0042548831552267075
41 0.003358177375048399
42 0.003882750403136015
43 0.0037149551790207624
44 0.0038458011113107204
45 0.0036404172424227
46 0.003951669204980135
47 0.004306904971599579
48 0.003766532987356186
49 0.0038453368470072746
50 0.0041258931159973145
51 0.003736299928277731
52 0.004142694640904665
53 0.003833163995295763
54 0.0036119648721069098
55 0.0037907406222075224
56 0.0039598820731043816
57 0.003813651157543063
58 0.0038476327899843454
59 0.003989044576883316
60 0.004120457451790571
61 0.004200202878564596
62 0.004537529312074184
63 0.003810714930295944
64 0.003989201970398426
65 0.003705501090735197
66 0.003582142060622573
67 0.0039704968221485615
68 0.0037672154139727354
69 0.004007737617939711
70 0.004233226645737886
71 0.0036288085393607616
72 0.0041039749048650265
73 0.0037396803963929415
74 0.003895169822499156
75 0.004586904309689999
76 0.004514423198997974
77 0.0038673272356390953
78 0.004134797025471926
79 0.0038418923504650593
80 0.0036295654717832804
81 0.004039721097797155
82 0.004257387015968561
83 0.0036990297958254814
84 0.0037769342307001352
85 0.0036900637205690145
86 0.003755256300792098
87 0.0037453218828886747
88 0.0035400341730564833
89 0.003833398688584566
90 0.004015642683953047
91 0.003917901311069727
92 0.004004759714007378
93 0.004017828498035669
94 0.003738063620403409
95 0.0037261529359966516
96 0.004032487981021404
97 0.0043999552726745605
98 0.004008552059531212
99 0.004086763598024845
100 0.003679030342027545
101 0.004204251803457737
102 0.0037222050596028566
103 0.004064456559717655
104 0.0037939066532999277
105 0.004197525791823864
106 0.003999084234237671
107 0.004371892660856247
108 0.004247209057211876
109 0.0037746834568679333
110 0.0038196060340851545
111 0.004147928208112717
112 0.003928845282644033
113 0.004287365358322859
114 0.0038560903631150723
115 0.0038377726450562477
116 0.0040644374676048756
117 0.003723469562828541
118 0.003494569566100836
119 0.0038685030303895473
120 0.004082898609340191
121 0.004207311663776636
122 0.004366658162325621
123 0.003923530224710703
124 0.004021655768156052
125 0.0038302659522742033
126 0.004146684892475605
127 0.004199753515422344
128 0.0038726956117898226
129 0.003614908317103982
130 0.003632089588791132
131 0.003380292560905218
132 0.00369551545009017
133 0.004407218191772699
134 0.003723228583112359
135 0.003455087775364518
136 0.004190246574580669
137 0.00387629889883101
138 0.004138595890253782
139 0.003895031288266182
140 0.003698304994031787
141 0.003659104695543647
142 0.003823535516858101
143 0.0035473164170980453
144 0.003507205517962575
145 0.0041715665720403194
146 0.0038567506708204746
147 0.00382745242677629
148 0.003798601683229208
149 0.0036290381103754044
150 0.003915451932698488
151 0.004074112977832556
152 0.0035392167046666145
153 0.003717110026627779
154 0.003703301539644599
155 0.0033189342357218266
156 0.0037839736323803663
157 0.0037169642746448517
158 0.004089622292667627
159 0.0038080548401921988
160 0.0035816417075693607
161 0.0037280733231455088
162 0.0042204041965305805
163 0.0036324781831353903
164 0.00389870791696012
165 0.0038911178708076477
166 0.0038592221681028605
167 0.003854033537209034
168 0.004231874831020832
169 0.0040209018625319
170 0.0038922459352761507
171 0.003512021154165268
172 0.003821930382400751
173 0.003834836883470416
174 0.003947746474295855
175 0.0038194237276911736
176 0.0043075489811599255
177 0.003693156875669956
178 0.003286962164565921
179 0.003714049467816949
180 0.0035959091037511826
181 0.00404514791443944
182 0.0038901008665561676
183 0.003927151672542095
184 0.003891831962391734
185 0.004137147683650255
186 0.0036086002364754677
187 0.0037277406081557274
188 0.004050304181873798
189 0.00367839727550745
190 0.0039385100826621056
191 0.0037757239770144224
192 0.0037078403402119875
193 0.0040694042108953
194 0.004044807981699705
195 0.004542358685284853
196 0.004343201871961355
197 0.0037644736003130674
198 0.004036502912640572
199 0.003898690454661846
200 0.0037055581342428923
201 0.0036785611882805824
202 0.003910471219569445
203 0.0036619550082832575
204 0.003673319239169359
205 0.0035940450616180897
206 0.003530358662828803
207 0.004110974259674549
208 0.004218608140945435
209 0.004041997715830803
210 0.004002162255346775
211 0.003973811864852905
212 0.0036355850752443075
213 0.00395390298217535
214 0.0041634743101894855
215 0.003976534120738506
216 0.004113201983273029
217 0.004051991272717714
218 0.0038274931721389294
219 0.004021416883915663
220 0.003781407605856657
221 0.003918122500181198
222 0.0036855016369372606
223 0.004071974661201239
224 0.003983696456998587
225 0.004025650210678577
226 0.004128031432628632
227 0.0035667417105287313
228 0.0038740073796361685
229 0.004190731793642044
230 0.0038137678056955338
231 0.004120725207030773
232 0.0038989216554909945
233 0.0038012252189219
234 0.0037758764810860157
235 0.0038545194547623396
236 0.004002071917057037
237 0.0038330452516674995
238 0.004105428699404001
239 0.003996478393673897
240 0.004111585207283497
241 0.004244419280439615
242 0.003429831936955452
243 0.0037310891784727573
244 0.004016322083771229
245 0.0038823112845420837
246 0.004143263213336468
247 0.003953889012336731
248 0.003796881763264537
249 0.0037158813793212175
250 0.0036308174021542072
251 0.003744375891983509
252 0.0039009125903248787
253 0.0037921960465610027
254 0.00399011978879571
255 0.003967841621488333
