0 0.0038853345904499292
1 0.0032504636328667402
2 0.0037111174315214157
3 0.003936883062124252
4 0.004271749872714281
5 0.0038641835562884808
6 0.004306282382458448
7 0.003998677246272564
8 0.004234855994582176
9 0.003577956696972251
10 0.004231848753988743
11 0.003986625000834465
12 0.003738244529813528
13 0.0038986587896943092
14 0.0038113652262836695
15 0.0037957916501909494
16 0.0038737563882023096
17 0.003938728477805853
18 0.0035788295790553093
19 0.0040011052042245865
20 0.00421013031154871
21 0.00422673998400569
22 0.003939211834222078
23 0.003743912559002638
24 0.004067240748554468
25 0.004079191014170647
26 0.00398070877417922
27 0.0038666902109980583
28 0.003953089471906424
29 0.004017861094325781
30 0.0042881774716079235
31 0.003981681540608406
32 0.003580608405172825
33 0.0035140749532729387
34 0.0035916112828999758
35 0.003926254343241453
36 0.0041397446766495705
37 0.0037771016359329224
38 0.004186355508863926
39 0.004071150440722704
40 0.0041678911074995995
41 0.0035161536652594805
42 0.0037761437706649303
43 0.003811465809121728
44 0.003945210017263889
45 0.004045302979648113
46 0.0042574661783874035
47 0.0042830584570765495
48 0.003918454051017761
49 0.004091216251254082
50 0.004272380378097296
51 0.0035662769805639982
52 0.004119278863072395
53 0.003744478803128004
54 0.0037379798013716936
55 0.004118588287383318
56 0.004073576536029577
57 0.0038939963560551405
58 0.003942753188312054
59 0.0037680661771446466
60 0.0036078051198273897
61 0.004183061886578798
62 0.004176563583314419
63 0.0036684556398540735
64 0.003856720170006156
65 0.003998143132776022
66 0.003941724542528391
67 0.003924588672816753
68 0.0038339784368872643
69 0.004144002217799425
70 0.004304422996938229
71 0.004039994440972805
72 0.0038828463293612003
73 0.003926255274564028
74 0.0038173310458660126
75 0.004529431462287903
76 0.004050416871905327
77 0.004035362042486668
78 0.003895400557667017
79 0.003936313092708588
80 0.003726756200194359
81 0.004124494735151529
82 0.003834174247458577
83 0.003294122638180852
84 0.003949855919927359
85 0.0037657516077160835
86 0.003844831371679902
87 0.003801527200266719
88 0.0036292674485594034
89 0.00354930036701262
90 0.0038942962419241667
91 0.004097983241081238
92 0.0038095980416983366
93 0.004091660492122173
94 0.003919907379895449
95 0.004114692565053701
96 0.003922147676348686
97 0.004134828224778175
98 0.0038694953545928
99 0.004085616674274206
100 0.0038893911987543106
101 0.004355040844529867
102 0.0036722172517329454
103 0.004156227223575115
104 0.003894389607012272
105 0.003955218940973282
106 0.003983917646110058
107 0.004496643785387278
108 0.004117261152714491
109 0.003903644159436226
110 0.0043434277176856995
111 0.003646346740424633
112 0.0036277142353355885
113 0.004159071482717991
114 0.0040013655088841915
115 0.0038769817911088467
116 0.004041309934109449
117 0.003960404545068741
118 0.003662342205643654
119 0.0038861960638314486
120 0.004260128363966942
121 0.003982474561780691
122 0.004426764324307442
123 0.003912956919521093
124 0.003971981815993786
125 0.004079596139490604
126 0.00402603205293417
127 0.003748622490093112
128 0.0037919371388852596
129 0.0037266446743160486
130 0.003663592040538788
131 0.0035992104094475508
132 0.003899255534633994
133 0.0041312589310109615
134 0.0037719435058534145
135 0.0036138822324573994
136 0.004100388381630182
137 0.003847430692985654
138 0.0038610997144132853
139 0.003815943142399192
140 0.0037505263462662697
141 0.003400810295715928
142 0.0037250621244311333
143 0.0038250975776463747
144 0.0035998779349029064
145 0.003923618234694004
146 0.003921575844287872
147 0.0038018161430954933
148 0.004013778176158667
149 0.003916490823030472
150 0.0039004574064165354
151 0.004102332517504692
152 0.0035038210917264223
153 0.00381022528745234
154 0.0038170579355210066
155 0.003734350437298417
156 0.0038215804379433393
157 0.0035694201942533255
158 0.0039452118799090385
159 0.0036632141564041376
160 0.003672159044072032
161 0.003809182671830058
162 0.004174308385699987
163 0.0036166475620120764
164 0.0036086374893784523
165 0.003919898997992277
166 0.004091878887265921
167 0.003944785799831152
168 0.0041237883269786835
169 0.004128757398575544
170 0.0038341598119586706
171 0.00386408600024879
172 0.003987107891589403
173 0.0036323447711765766
174 0.003935123793780804
175 0.003916108515113592
176 0.004258470609784126
177 0.00371866044588387
178 0.0034604286774992943
179 0.003749920055270195
180 0.0038736523129045963
181 0.004110074136406183
182 0.003869082313030958
183 0.0038827680982649326
184 0.003927035257220268
185 0.0041228728368878365
186 0.0035711638629436493
187 0.003915215842425823
188 0.003947484772652388
189 0.0038174674846231937
190 0.003994382452219725
191 0.0036962702870368958
192 0.0038697361014783382
193 0.003956671804189682
194 0.004038022365421057
195 0.004189060069620609
196 0.00424177385866642
197 0.003743591019883752
198 0.00394081836566329
199 0.0038290927186608315
200 0.0036950299981981516
201 0.003784917062148452
202 0.0039150468073785305
203 0.003730687778443098
204 0.0038535338826477528
205 0.0037617781199514866
206 0.003740471787750721
207 0.004007748328149319
208 0.003960932604968548
209 0.004165857098996639
210 0.003736772108823061
211 0.004204204771667719
212 0.0035258966963738203
213 0.003906591329723597
214 0.0042223576456308365
215 0.0039702001959085464
216 0.003882037242874503
217 0.003947947174310684
218 0.0038940010126680136
219 0.003877633949741721
220 0.004020992666482925
221 0.004025481641292572
222 0.0037247382570058107
223 0.003920982126146555
224 0.00383903831243515
225 0.003845927072688937
226 0.003992959391325712
227 0.003852223278954625
228 0.00409326096996665
229 0.004216792527586222
230 0.003816725220531225
231 0.004077259451150894
232 0.004056391306221485
233 0.0037897846195846796
234 0.0038499822840094566
235 0.0037655537016689777
236 0.00393153028562665
237 0.003626639721915126
238 0.0036870974581688643
239 0.0040894425474107265
240 0.003896895330399275
241 0.003942104522138834
242 0.003858748357743025
243 0.003687400370836258
244 0.0038792002014815807
245 0.00392800010740757
246 0.004018494393676519
247 0.00408217404037714
248 0.0038450928404927254
249 0.0037734531797468662
250 0.003706584218889475
251 0.003360902890563011
252 0.0037867510691285133
253 0.003693892154842615
254 0.003932625986635685
255 0.00371513981372118
