0 0.003853991162031889
1 0.003343477612361312
2 0.0039892117492854595
3 0.0039374371990561485
4 0.00407675513997674
5 0.0037233487237244844
6 0.0042801168747246265
7 0.003942286130040884
8 0.004150031600147486
9 0.003645438002422452
10 0.004124525468796492
11 0.0038321835454553366
12 0.0037272979971021414
13 0.003695176914334297
14 0.003915147390216589
15 0.003981504123657942
16 0.004065936431288719
17 0.004073222167789936
18 0.0038446865510195494
19 0.00408348860219121
20 0.004020801279693842
21 0.003981046378612518
22 0.003890673164278269
23 0.003575931303203106
24 0.003966459073126316
25 0.00411233538761735
26 0.004164342302829027
27 0.0039004883728921413
28 0.003943085204809904
29 0.003976170439273119
30 0.004270534496754408
31 0.0038147654850035906
32 0.0037483565974980593
33 0.003522220067679882
34 0.0036539805587381124
35 0.0041721537709236145
36 0.004249365068972111
37 0.0038317120634019375
38 0.003996497485786676
39 0.003906085854396224
40 0.004068560432642698
41 0.003485052613541484
42 0.004175643436610699
43 0.0038543411064893007
44 0.0038176467642188072
45 0.004001370165497065
46 0.003979130648076534
47 0.004121402744203806
48 0.0039758989587426186
49 0.003845290746539831
50 0.0040571982972323895
51 0.0034452793188393116
52 0.00419691251590848
53 0.003770829876884818
54 0.004029540345072746
55 0.004024870693683624
56 0.004084343556314707
57 0.003901094663888216
58 0.003906711470335722
59 0.003639866365119815
60 0.003742580534890294
61 0.00410658260807395
62 0.004210345912724733
63 0.0035779292229562998
64 0.0036361869424581528
65 0.003753058146685362
66 0.004166904836893082
67 0.0038638876285403967
68 0.003731339704245329
69 0.003939760383218527
70 0.0043689594604074955
71 0.004000475630164146
72 0.0038556053768843412
73 0.00391628872603178
74 0.003784590633586049
75 0.004349128808826208
76 0.0039239125326275826
77 0.004248471464961767
78 0.00396377220749855
79 0.0037316447123885155
80 0.003724651876837015
81 0.004082696046680212
82 0.0038831455167382956
83 0.0035977219231426716
84 0.0041494290344417095
85 0.003935566172003746
86 0.003649928607046604
87 0.003724208800122142
88 0.0037590826395899057
89 0.003771281335502863
90 0.003841603174805641
91 0.0041543226689100266
92 0.00402020663022995
93 0.004244824405759573
94 0.003837203374132514
95 0.0038433189038187265
96 0.003972999285906553
97 0.00411315867677331
98 0.00375332310795784
99 0.003965647891163826
100 0.0037580225616693497
101 0.0041221631690859795
102 0.0036845568101853132
103 0.004365670494735241
104 0.003716648556292057
105 0.004150001332163811
106 0.0039656744338572025
107 0.0042697954922914505
108 0.004559721797704697
109 0.003991927020251751
110 0.004162959288805723
111 0.003836230142042041
112 0.003703823545947671
113 0.0041943443939089775
114 0.003971089608967304
115 0.0038023300003260374
116 0.004150527063757181
117 0.0037804553285241127
118 0.0036194438580423594
119 0.0037842874880880117
120 0.004007374402135611
121 0.004111946560442448
122 0.004626804497092962
123 0.0040261149406433105
124 0.004013261757791042
125 0.004136770963668823
126 0.004153803922235966
127 0.004053452983498573
128 0.0037556812167167664
129 0.0037307555321604013
130 0.0037723153363913298
131 0.0035422760993242264
132 0.004171241540461779
133 0.004052417818456888
134 0.0037616584450006485
135 0.0034308992326259613
136 0.0041208285838365555
137 0.004045410081744194
138 0.003786625573411584
139 0.0037212264724075794
140 0.003449171083047986
141 0.003386494005098939
142 0.003691590391099453
143 0.0037727090530097485
144 0.003497540485113859
145 0.004097308963537216
146 0.004061670042574406
147 0.0038322301115840673
148 0.003746066940948367
149 0.004172351211309433
150 0.003946990240365267
151 0.003914056811481714
152 0.0036681690253317356
153 0.00385953183285892
154 0.003913700580596924
155 0.003576647723093629
156 0.0037995297461748123
157 0.003708789823576808
158 0.003925928380340338
159 0.0036109848879277706
160 0.003644373267889023
161 0.0038298622239381075
162 0.004237426910549402
163 0.003746087895706296
164 0.003852356690913439
165 0.0038485354743897915
166 0.003895317204296589
167 0.003957618027925491
168 0.004028745461255312
169 0.004035250749439001
170 0.00388118508271873
171 0.0038682236336171627
172 0.0038006254471838474
173 0.0037602544762194157
174 0.003955573309212923
175 0.003952417988330126
176 0.004384481813758612
177 0.0038801166228950024
178 0.0035248545464128256
179 0.0035729296505451202
180 0.003971841186285019
181 0.004173266235738993
182 0.0037927734665572643
183 0.0037093821447342634
184 0.0038835026789456606
185 0.00420895591378212
186 0.003523927414789796
187 0.003935884218662977
188 0.003930386621505022
189 0.003708774223923683
190 0.004053869750350714
191 0.0035041989758610725
192 0.003847565269097686
193 0.0039001894183456898
194 0.0040185763500630856
195 0.004278506152331829
196 0.00435722665861249
197 0.003641466610133648
198 0.004118049051612616
199 0.0038430122658610344
200 0.0036666798405349255
201 0.0037571298889815807
202 0.003946247976273298
203 0.0037502222694456577
204 0.003700730623677373
205 0.003718111664056778
206 0.0037113374564796686
207 0.003961197566241026
208 0.003972933627665043
209 0.004203105811029673
210 0.00379844824783504
211 0.004046817775815725
212 0.003774134209379554
213 0.003831972600892186
214 0.004160376265645027
215 0.003839966608211398
216 0.003991589415818453
217 0.0040604849345982075
218 0.003799862926825881
219 0.0037851124070584774
220 0.003928727470338345
221 0.004166281782090664
222 0.003769662929698825
223 0.003948679659515619
224 0.003623800352215767
225 0.0039028474129736423
226 0.004143569152802229
227 0.0038701770827174187
228 0.004152235575020313
229 0.004212715197354555
230 0.0037997981999069452
231 0.004159590229392052
232 0.004279736429452896
233 0.00370010850019753
234 0.003811826929450035
235 0.0036986125633120537
236 0.004024144262075424
237 0.003689262317493558
238 0.003710909280925989
239 0.00403243862092495
240 0.003891659900546074
241 0.003958453424274921
242 0.0039052488282322884
243 0.003678190754726529
244 0.003939654212445021
245 0.0038281965535134077
246 0.0042022946290671825
247 0.003845545230433345
248 0.0039949133060872555
249 0.003908616025000811
250 0.003658697474747896
251 0.0036185237113386393
252 0.003703505266457796
253 0.0036515584215521812
254 0.0037469316739588976
255 0.003807877190411091
