0 0.004081899765878916
1 0.003509561764076352
2 0.0037955953739583492
3 0.003983291797339916
4 0.0040063089691102505
5 0.003891175612807274
6 0.003979736939072609
7 0.0041292933747172356
8 0.004095171578228474
9 0.0037385132163763046
10 0.003975770436227322
11 0.003811006201431155
12 0.003719029948115349
13 0.003919182810932398
14 0.0038875052705407143
15 0.003805518848821521
16 0.004022860899567604
17 0.00381860532797873
18 0.003943359479308128
19 0.003916247747838497
20 0.0040830099023878574
21 0.004306523595005274
22 0.00421224907040596
23 0.003750998992472887
24 0.003940701950341463
25 0.00398803036659956
26 0.0039983587339520454
27 0.003947154618799686
28 0.003925547935068607
29 0.0037277010269463062
30 0.004400334786623716
31 0.003753718687221408
32 0.003583405865356326
33 0.003697621636092663
34 0.0036615091376006603
35 0.0039369831793010235
36 0.004055730067193508
37 0.0038481783121824265
38 0.0038392103742808104
39 0.004141312092542648
40 0.004259605426341295
41 0.0033419213723391294
42 0.0038904035463929176
43 0.0038147009909152985
44 0.0037547776009887457
45 0.0037431265227496624
46 0.004214283544570208
47 0.004038700833916664
48 0.004000099375844002
49 0.0038703163154423237
50 0.004163389094173908
51 0.0036418926902115345
52 0.003942460287362337
53 0.003882532473653555
54 0.0038546817377209663
55 0.0041027977131307125
56 0.004019720014184713
57 0.0038052203599363565
58 0.003745855065062642
59 0.00382427079603076
60 0.0038560342509299517
61 0.003961866721510887
62 0.004185518249869347
63 0.0037875999696552753
64 0.0038185531739145517
65 0.003863859921693802
66 0.003800255712121725
67 0.003953810315579176
68 0.003913309890776873
69 0.003998030908405781
70 0.003945682197809219
71 0.0037377323023974895
72 0.0039657182060182095
73 0.0037483919877558947
74 0.004049267619848251
75 0.004408575594425201
76 0.004108085762709379
77 0.003834491828456521
78 0.003933158703148365
79 0.003695834893733263
80 0.003747493727132678
81 0.003916187211871147
82 0.0038515536580234766
83 0.0036971578374505043
84 0.004056914709508419
85 0.003729386953637004
86 0.0037246893625706434
87 0.003875200869515538
88 0.0035808924585580826
89 0.0037196732591837645
90 0.004079732578247786
91 0.0038655423559248447
92 0.003992855548858643
93 0.004200334660708904
94 0.003873980836942792
95 0.003985096700489521
96 0.003942553419619799
97 0.004266721196472645
98 0.003804133739322424
99 0.004209299571812153
100 0.003783085383474827
101 0.004245425574481487
102 0.003675229148939252
103 0.004169870633631945
104 0.0037734461948275566
105 0.004133889451622963
106 0.0038198090624064207
107 0.004469021689146757
108 0.0039641717448830605
109 0.0036545039620250463
110 0.0038748509250581264
111 0.0038201354909688234
112 0.0037914523854851723
113 0.00426427973434329
114 0.004005216062068939
115 0.003794183488935232
116 0.0038744949270039797
117 0.004045025445520878
118 0.003741926047950983
119 0.004140420816838741
120 0.004022104665637016
121 0.004076472483575344
122 0.004291886929422617
123 0.0038760355673730373
124 0.003964229486882687
125 0.003813980845734477
126 0.004110521171241999
127 0.003814938012510538
128 0.0037589084822684526
129 0.0037105013616383076
130 0.0036192191764712334
131 0.0036532229278236628
132 0.003841968486085534
133 0.004291198216378689
134 0.0037727029994130135
135 0.003715231316164136
136 0.004181377124041319
137 0.003973102197051048
138 0.004239019006490707
139 0.0038819925393909216
140 0.0035461722873151302
141 0.003767233807593584
142 0.003960203845053911
143 0.0037242427933961153
144 0.003526728367432952
145 0.004255723673850298
146 0.0038619337137788534
147 0.0038144427817314863
148 0.00380868767388165
149 0.003926121164113283
150 0.0040620965883135796
151 0.0041411579586565495
152 0.0036100305151194334
153 0.0037848646752536297
154 0.0036658169701695442
155 0.003541405778378248
156 0.0038284952752292156
157 0.003684557043015957
158 0.004085081163793802
159 0.003801332786679268
160 0.0037582942750304937
161 0.003740760963410139
162 0.004408874083310366
163 0.003454138059169054
164 0.003830988658592105
165 0.003873330308124423
166 0.003926594741642475
167 0.0037611464504152536
168 0.00403012428432703
169 0.004056236241012812
170 0.0037518772296607494
171 0.003810386871919036
172 0.003672372316941619
173 0.0038049824070185423
174 0.004162301775068045
175 0.003962621092796326
176 0.0042590247467160225
177 0.0037730131298303604
178 0.003567974315956235
179 0.003643828211352229
180 0.0038319474551826715
181 0.004220845643430948
182 0.003946664277464151
183 0.004005373455584049
184 0.003953059669584036
185 0.004210925195366144
186 0.0035380988847464323
187 0.003968824632465839
188 0.0038354420103132725
189 0.003811344038695097
190 0.003931880462914705
191 0.003850361332297325
192 0.0040518175810575485
193 0.00407422985881567
194 0.004026363138109446
195 0.004269252996891737
196 0.0042953467927873135
197 0.0037134159356355667
198 0.003911120817065239
199 0.003872595028951764
200 0.0037665944546461105
201 0.0038931353483349085
202 0.0038735398557037115
203 0.0037388261407613754
204 0.0037875869311392307
205 0.003579565091058612
206 0.003684143302962184
207 0.003795997705310583
208 0.00413965480402112
209 0.003995045553892851
210 0.003787053283303976
211 0.004113900475203991
212 0.0036773134488612413
213 0.0036955848336219788
214 0.003895191242918372
215 0.004012445453554392
216 0.004074577242136002
217 0.004100235644727945
218 0.0038596088998019695
219 0.0038252177182585
220 0.003774635260924697
221 0.0039426651783287525
222 0.00371293886564672
223 0.004103200510144234
224 0.0038553716149181128
225 0.003960615023970604
226 0.004059245809912682
227 0.0037780767306685448
228 0.004088125191628933
229 0.004155287053436041
230 0.0038044792599976063
231 0.004266292788088322
232 0.003979005850851536
233 0.003820363897830248
234 0.0036901100538671017
235 0.0038319267332553864
236 0.0042076571844518185
237 0.0038257879205048084
238 0.0037686345167458057
239 0.0040584770031273365
240 0.00394818652421236
241 0.00398225337266922
242 0.003899223869666457
243 0.003600307274609804
244 0.0038491403684020042
245 0.0036261475179344416
246 0.0042719766497612
247 0.004265080206096172
248 0.004053735174238682
249 0.003714007092639804
250 0.0037354016676545143
251 0.003646175842732191
252 0.003950119949877262
253 0.0035895362962037325
254 0.004002653993666172
255 0.003850960871204734
