0 0.004044939298182726
1 0.0033747050911188126
2 0.0036432386841624975
3 0.00399629445746541
4 0.003994493745267391
5 0.003711770288646221
6 0.004045272246003151
7 0.004084516782313585
8 0.004120916128158569
9 0.003629083978012204
10 0.004234468098729849
11 0.0037390331272035837
12 0.003829919034615159
13 0.0038754672277718782
14 0.0038321739993989468
15 0.00384261691942811
16 0.004009761847555637
17 0.003756543854251504
18 0.0038184192962944508
19 0.003859291085973382
20 0.004093224182724953
21 0.004095524083822966
22 0.003950987011194229
23 0.003640612820163369
24 0.003952540922909975
25 0.003972905687987804
26 0.004041600506752729
27 0.003970951773226261
28 0.003832465736195445
29 0.003910017665475607
30 0.004188129212707281
31 0.0037331520579755306
32 0.0036424733698368073
33 0.003561657387763262
34 0.003802389372140169
35 0.004049441311508417
36 0.004044287372380495
37 0.003696256084367633
38 0.004169804975390434
39 0.004495788831263781
40 0.003978355787694454
41 0.0033150510862469673
42 0.003768295980989933
43 0.0038005816750228405
44 0.0037933564744889736
45 0.0038137224037200212
46 0.0043459683656692505
47 0.0040388866327703
48 0.004082032945007086
49 0.003775915829464793
50 0.004180529620498419
51 0.0037140841595828533
52 0.0038917376659810543
53 0.0037269131280481815
54 0.003837101859971881
55 0.0038914326578378677
56 0.004059764556586742
57 0.0038071132730692625
58 0.003909456077963114
59 0.0038786453660577536
60 0.00377133977599442
61 0.004222929012030363
62 0.004501514136791229
63 0.0038411165587604046
64 0.004077246878296137
65 0.0035262221936136484
66 0.0035810882691293955
67 0.003943568095564842
68 0.004033549223095179
69 0.004078399855643511
70 0.004169305320829153
71 0.0037363870069384575
72 0.003849382046610117
73 0.0038909162394702435
74 0.0038402343634516
75 0.0042219082824885845
76 0.004114457871764898
77 0.0036216445732861757
78 0.003864200320094824
79 0.0036427935119718313
80 0.0037316041998565197
81 0.004307023715227842
82 0.003861586330458522
83 0.003771900199353695
84 0.003920810297131538
85 0.003855762304738164
86 0.003980805166065693
87 0.0037320477422326803
88 0.003467127913609147
89 0.003930349834263325
90 0.0041758413426578045
91 0.004110140260308981
92 0.003853356000036001
93 0.004496361128985882
94 0.003505718894302845
95 0.0037525349762290716
96 0.004137289710342884
97 0.00384829961694777
98 0.003561540972441435
99 0.004257031716406345
100 0.003994836937636137
101 0.0039471834897994995
102 0.003761483822017908
103 0.004295080900192261
104 0.0037137873005121946
105 0.004342745989561081
106 0.0038282007444649935
107 0.004618043079972267
108 0.003903453005477786
109 0.0037380869034677744
110 0.003697736421599984
111 0.0040002320893108845
112 0.0038397014141082764
113 0.004419564735144377
114 0.00390676548704505
115 0.0037387667689472437
116 0.0040959143079817295
117 0.003929603844881058
118 0.0036574285477399826
119 0.003969660494476557
120 0.0038208705373108387
121 0.004508974961936474
122 0.004239057656377554
123 0.003738909028470516
124 0.004126714542508125
125 0.00366040226072073
126 0.004199930001050234
127 0.003971703816205263
128 0.0038899744395166636
129 0.0036394288763403893
130 0.0036129329819232225
131 0.003593095811083913
132 0.004178507253527641
133 0.004563967231661081
134 0.0038385638035833836
135 0.0036061976570636034
136 0.004446308594197035
137 0.0037543040234595537
138 0.0038784844800829887
139 0.004142832010984421
140 0.0036837831139564514
141 0.004054957069456577
142 0.0037851552478969097
143 0.003836256917566061
144 0.0036968723870813847
145 0.004382757470011711
146 0.003992343787103891
147 0.004011557903140783
148 0.004026240669190884
149 0.0037275829818099737
150 0.0039612543769180775
151 0.004256492014974356
152 0.003530341200530529
153 0.003951865714043379
154 0.003581976518034935
155 0.003773980773985386
156 0.003634472144767642
157 0.003420709865167737
158 0.0040008872747421265
159 0.003743372391909361
160 0.0039451164193451405
161 0.00374126760289073
162 0.004255401436239481
163 0.003784347791224718
164 0.003545131767168641
165 0.0039546433836221695
166 0.00399881973862648
167 0.0035947272554039955
168 0.0041373660787940025
169 0.004039688501507044
170 0.00400235690176487
171 0.003797859186306596
172 0.003719089785590768
173 0.003700563218444586
174 0.004074114374816418
175 0.004048952367156744
176 0.00393188139423728
177 0.004036714322865009
178 0.003717342857271433
179 0.003884342033416033
180 0.0035837029572576284
181 0.004330346826463938
182 0.004016588442027569
183 0.0038365961518138647
184 0.0038084520492702723
185 0.004109832923859358
186 0.00353378988802433
187 0.00394054688513279
188 0.0037600125651806593
189 0.003832679009065032
190 0.004022568929940462
191 0.0037363695446401834
192 0.003768371418118477
193 0.004225782118737698
194 0.004112990573048592
195 0.004236830398440361
196 0.004274330101907253
197 0.0036228380631655455
198 0.00355057162232697
199 0.003770270850509405
200 0.003861311823129654
201 0.0037232586182653904
202 0.004024993162602186
203 0.003974360879510641
204 0.00383191229775548
205 0.0037396405823528767
206 0.0036384952254593372
207 0.004099119920283556
208 0.004033759236335754
209 0.0037823764141649008
210 0.0035397340543568134
211 0.004148255102336407
212 0.003431089222431183
213 0.0038669095374643803
214 0.004045381210744381
215 0.0041893236339092255
216 0.0038642538711428642
217 0.004043266177177429
218 0.0038711060769855976
219 0.003663055831566453
220 0.003642656374722719
221 0.003964968491345644
222 0.003866606391966343
223 0.004491881467401981
224 0.0038004901725798845
225 0.004081804305315018
226 0.003975669853389263
227 0.0036268364638090134
228 0.004116237163543701
229 0.004162244964390993
230 0.003956166561692953
231 0.004083490930497646
232 0.0038616498932242393
233 0.0035967640578746796
234 0.0034842996392399073
235 0.0036490820348262787
236 0.0038485953118652105
237 0.0039019915275275707
238 0.0037596081383526325
239 0.003735792590305209
240 0.00431861774995923
241 0.0037679204251617193
242 0.0038289863150566816
243 0.003705365117639303
244 0.00397051265463233
245 0.003813353832811117
246 0.004161457065492868
247 0.004142418038100004
248 0.00380026176571846
249 0.0037523878272622824
250 0.0035798181779682636
251 0.0036184764467179775
252 0.0043837265111505985
253 0.0038011823780834675
254 0.004018731415271759
255 0.003831438720226288
