0 0.003921150229871273
1 0.003291085362434387
2 0.0038728939834982157
3 0.004095644224435091
4 0.004297101404517889
5 0.003962111193686724
6 0.004158229101449251
7 0.004085849970579147
8 0.0042052557691931725
9 0.0036840965040028095
10 0.004544491413980722
11 0.003809728194028139
12 0.0036306153051555157
13 0.003744881832972169
14 0.0038626205641776323
15 0.003770126262679696
16 0.003985799849033356
17 0.003970789257436991
18 0.0035118870437145233
19 0.003916061948984861
20 0.0038704006001353264
21 0.004119399935007095
22 0.004116465337574482
23 0.0037026936188340187
24 0.0038447948172688484
25 0.0042023565620183945
26 0.00415410939604044
27 0.0037337152753025293
28 0.004074870143085718
29 0.003999270033091307
30 0.004141160752624273
31 0.0039039230905473232
32 0.003734215395525098
33 0.003552181413397193
34 0.003556992392987013
35 0.00397711293771863
36 0.004306661896407604
37 0.0036660621408373117
38 0.003880211617797613
39 0.0040726917795836926
40 0.0040535093285143375
41 0.003284119302406907
42 0.003820687998086214
43 0.003926307428628206
44 0.0037966128438711166
45 0.004042828921228647
46 0.004214290529489517
47 0.004309262149035931
48 0.0042412434704601765
49 0.003977817948907614
50 0.004270979203283787
51 0.003340095514431596
52 0.004241732880473137
53 0.003934307023882866
54 0.0037507705856114626
55 0.004133963026106358
56 0.004286250565201044
57 0.0038620096165686846
58 0.004101049620658159
59 0.003932175692170858
60 0.0038497126661241055
61 0.003923789598047733
62 0.0040696049109101295
63 0.0038147112354636192
64 0.003674236824735999
65 0.0036669913679361343
66 0.0037056917790323496
67 0.004109536297619343
68 0.0038736825808882713
69 0.004155576694756746
70 0.004321817308664322
71 0.0038700883742421865
72 0.004080319311469793
73 0.0038475492037832737
74 0.0037382387090474367
75 0.004547843709588051
76 0.003996596205979586
77 0.004001936409622431
78 0.0038620526902377605
79 0.0037452171090990305
80 0.003717594314366579
81 0.003956949338316917
82 0.004164054058492184
83 0.0036627324298024178
84 0.004094487056136131
85 0.0036875023506581783
86 0.003915733192116022
87 0.0037715656217187643
88 0.0035480207297950983
89 0.003815416246652603
90 0.0038466304540634155
91 0.004005366005003452
92 0.0040829977951943874
93 0.004168602637946606
94 0.003807067172601819
95 0.003706663381308317
96 0.004044339992105961
97 0.004081736318767071
98 0.0036782927345484495
99 0.003929369151592255
100 0.0036613887641578913
101 0.004179471638053656
102 0.003493836149573326
103 0.004317020066082478
104 0.003795461030676961
105 0.004220196977257729
106 0.0038131882902234793
107 0.004351375158876181
108 0.004412825219333172
109 0.004138384014368057
110 0.004010839853435755
111 0.003847477724775672
112 0.0037451735697686672
113 0.004100523889064789
114 0.00400822376832366
115 0.003634539432823658
116 0.003985429182648659
117 0.003788494737818837
118 0.0036403131671249866
119 0.003735352773219347
120 0.004193169064819813
121 0.004208612255752087
122 0.004366787150502205
123 0.0038844975642859936
124 0.003922997508198023
125 0.0038932450115680695
126 0.004266245756298304
127 0.003779813414439559
128 0.0036468207836151123
129 0.0035256589762866497
130 0.003689822740852833
131 0.0035885407123714685
132 0.003972947597503662
133 0.00405165133997798
134 0.003788302419707179
135 0.003593824338167906
136 0.004510349594056606
137 0.0039053531363606453
138 0.003810029709711671
139 0.004133389797061682
140 0.0034562291111797094
141 0.003374435007572174
142 0.0038520058151334524
143 0.0038173007778823376
144 0.0035877134650945663
145 0.003989674150943756
146 0.003868727246299386
147 0.0037433591205626726
148 0.0036326167173683643
149 0.00396703602746129
150 0.0038071018643677235
151 0.0039961328729987144
152 0.0035790682304650545
153 0.0036549882497638464
154 0.0037008975632488728
155 0.003448200412094593
156 0.0037795347161591053
157 0.003761615138500929
158 0.003956515341997147
159 0.0038902624510228634
160 0.003691010642796755
161 0.003752239514142275
162 0.004448844585567713
163 0.003598758950829506
164 0.0038928030990064144
165 0.003779917722567916
166 0.003957667388021946
167 0.003836151212453842
168 0.004376791883260012
169 0.004086392465978861
170 0.0037285974249243736
171 0.004121700301766396
172 0.003658548928797245
173 0.003812465351074934
174 0.003988197073340416
175 0.003815541509538889
176 0.004466233309358358
177 0.0037981790956109762
178 0.0035084697883576155
179 0.0035385594237595797
180 0.0037133030127733946
181 0.004006132949143648
182 0.004099687561392784
183 0.003796537406742573
184 0.004173276945948601
185 0.004265597090125084
186 0.0037393232341855764
187 0.003828031476587057
188 0.004053629003465176
189 0.003723016008734703
190 0.003917158581316471
191 0.0038744204211980104
192 0.003883240045979619
193 0.0039191218093037605
194 0.004069291055202484
195 0.004227872937917709
196 0.004373206291347742
197 0.00365630304440856
198 0.003985822666436434
199 0.004073734860867262
200 0.003771756077185273
201 0.00387274706736207
202 0.003636064240708947
203 0.003810739377513528
204 0.003936031833291054
205 0.0035948404110968113
206 0.003539808327332139
207 0.0039041689597070217
208 0.003789128502830863
209 0.004117209929972887
210 0.003823602106422186
211 0.004133477807044983
212 0.0036054530646651983
213 0.0040631964802742004
214 0.003998547326773405
215 0.003943473566323519
216 0.0042120045982301235
217 0.00433502858504653
218 0.003717128885909915
219 0.0038123135454952717
220 0.004038163460791111
221 0.004064595326781273
222 0.0037030125968158245
223 0.00429056491702795
224 0.003439520485699177
225 0.003890759078785777
226 0.003979950677603483
227 0.003406000090762973
228 0.004174797795712948
229 0.004213892854750156
230 0.003863659454509616
231 0.004151179920881987
232 0.0038852712605148554
233 0.0038425286766141653
234 0.0036042018327862024
235 0.0038166516460478306
236 0.0038868021219968796
237 0.003753374330699444
238 0.0035945940762758255
239 0.004016900900751352
240 0.004118108656257391
241 0.004026543349027634
242 0.003607529914006591
243 0.0036375990603119135
244 0.003998640924692154
245 0.0037358321715146303
246 0.004250059369951487
247 0.0040542958304286
248 0.004260302521288395
249 0.00386007409542799
250 0.003578953444957733
251 0.003513545263558626
252 0.003910514991730452
253 0.003709075041115284
254 0.004073780030012131
255 0.003731227945536375
