0 0.0040318844839930534
1 0.003519612830132246
2 0.003860904136672616
3 0.003925722558051348
4 0.004311395809054375
5 0.003947430290281773
6 0.0042295618914067745
7 0.004141605459153652
8 0.004273565020412207
9 0.0035170656628906727
10 0.004069354850798845
11 0.0038340557366609573
12 0.0037971092388033867
13 0.003917596768587828
14 0.0037871277891099453
15 0.003938232082873583
16 0.004039091523736715
17 0.0038497147615998983
18 0.003853398375213146
19 0.00399081502109766
20 0.004168075975030661
21 0.004108333494514227
22 0.003934087697416544
23 0.003687062533572316
24 0.003958617802709341
25 0.0041969409212470055
26 0.004185511730611324
27 0.0041380999609827995
28 0.004121172707527876
29 0.003934756387025118
30 0.0042381687089800835
31 0.0038080562371760607
32 0.0037145731039345264
33 0.0033425174187868834
34 0.0036368342116475105
35 0.0040342495776712894
36 0.004029225092381239
37 0.003601250471547246
38 0.00385323166847229
39 0.004102435428649187
40 0.004184136167168617
41 0.003208251902833581
42 0.003987687174230814
43 0.004197792150080204
44 0.0035808745305985212
45 0.0038499825168401003
46 0.004158355295658112
47 0.00421356875449419
48 0.004056359175592661
49 0.003922648727893829
50 0.0040944358333945274
51 0.003509113099426031
52 0.004077591001987457
53 0.003849396714940667
54 0.003832788672298193
55 0.004253182094544172
56 0.0040723844431340694
57 0.0037036945577710867
58 0.003629539627581835
59 0.00370086170732975
60 0.0037409516517072916
61 0.0036668172106146812
62 0.004165831953287125
63 0.0037845976185053587
64 0.003982873633503914
65 0.0038279113359749317
66 0.004098649602383375
67 0.0038684445898979902
68 0.003697954583913088
69 0.004029299132525921
70 0.004410908091813326
71 0.0037752704229205847
72 0.003866962157189846
73 0.003779456950724125
74 0.0037917024455964565
75 0.0043946802616119385
76 0.003996820654720068
77 0.0038066846318542957
78 0.004003368783742189
79 0.0037932591512799263
80 0.0037883443292230368
81 0.004016845487058163
82 0.004047328140586615
83 0.0035022480878978968
84 0.003999429289251566
85 0.003885179990902543
86 0.00371318100951612
87 0.003833397524431348
88 0.0037227703724056482
89 0.0035213222727179527
90 0.003979349043220282
91 0.004072516690939665
92 0.004019816871732473
93 0.004120731260627508
94 0.003683264832943678
95 0.003945744596421719
96 0.0039171152748167515
97 0.004215023946017027
98 0.0039039202965795994
99 0.004179002717137337
100 0.0037490439135581255
101 0.004471693187952042
102 0.0039306627586483955
103 0.004040023777633905
104 0.003709017764776945
105 0.004282898269593716
106 0.0038619462866336107
107 0.0043894401751458645
108 0.004496684763580561
109 0.003756876802071929
110 0.004017095547169447
111 0.0038751158863306046
112 0.0038178914692252874
113 0.0043528396636247635
114 0.004003518261015415
115 0.003706878749653697
116 0.004047634080052376
117 0.003960793372243643
118 0.003720328211784363
119 0.00406291801482439
120 0.0040439423173666
121 0.0041089607402682304
122 0.004100597929209471
123 0.0038305437192320824
124 0.0039386143907904625
125 0.004007122479379177
126 0.004141778219491243
127 0.003891044994816184
128 0.0035396767780184746
129 0.0036501195281744003
130 0.0037779684644192457
131 0.003815032308921218
132 0.003880551317706704
133 0.004367311019450426
134 0.0037223659455776215
135 0.0036227114032953978
136 0.004264081362634897
137 0.00377711933106184
138 0.003957562614232302
139 0.0038578487001359463
140 0.003592969384044409
141 0.003508336376398802
142 0.003835139097645879
143 0.0038706993218511343
144 0.003559072269126773
145 0.0040457299910485744
146 0.003974896855652332
147 0.0038726243656128645
148 0.0038377505261451006
149 0.003853375790640712
150 0.004056400619447231
151 0.003973721526563168
152 0.003672246355563402
153 0.003689174074679613
154 0.004065996501594782
155 0.003497274359688163
156 0.003969115670770407
157 0.003837418742477894
158 0.003845438128337264
159 0.003679569810628891
160 0.003618640126660466
161 0.003771633142605424
162 0.004271236713975668
163 0.003546044696122408
164 0.003906089346855879
165 0.003738623345270753
166 0.004087353590875864
167 0.00404631532728672
168 0.004333839286118746
169 0.003862639656290412
170 0.003737489692866802
171 0.003763267071917653
172 0.0037347041070461273
173 0.0037343150470405817
174 0.00413292832672596
175 0.004017428029328585
176 0.004320969805121422
177 0.003974118735641241
178 0.003533801529556513
179 0.003573308466002345
180 0.0038752839900553226
181 0.004014736041426659
182 0.0037834697868674994
183 0.0037093989085406065
184 0.0038561599794775248
185 0.004062853753566742
186 0.0035289456136524677
187 0.00391292292624712
188 0.003971537109464407
189 0.0037230029702186584
190 0.004114872310310602
191 0.003617970272898674
192 0.003908014390617609
193 0.004034685902297497
194 0.0041582281701266766
195 0.004226221702992916
196 0.0044271270744502544
197 0.003734754864126444
198 0.003956444561481476
199 0.0037658526562154293
200 0.0037753123324364424
201 0.0036743904929608107
202 0.0038215185049921274
203 0.003903024597093463
204 0.003773439908400178
205 0.0038903532549738884
206 0.0036943387240171432
207 0.004065988585352898
208 0.003937298431992531
209 0.004109915345907211
210 0.0038286650087684393
211 0.0041746473871171474
212 0.003663282375782728
213 0.0036863621789962053
214 0.004044479690492153
215 0.0039421492256224155
216 0.0040192068554461
217 0.004261573776602745
218 0.003871151013299823
219 0.003535650670528412
220 0.003871655324473977
221 0.004067183472216129
222 0.0036289545241743326
223 0.004100804682821035
224 0.003802594728767872
225 0.0037956666201353073
226 0.004000816028565168
227 0.0038269534707069397
228 0.004203133285045624
229 0.004117897711694241
230 0.0038457829505205154
231 0.004147144965827465
232 0.0038290387019515038
233 0.003686199663206935
234 0.003837301628664136
235 0.0038447435945272446
236 0.003970102407038212
237 0.0037026165518909693
238 0.003604321740567684
239 0.004439372103661299
240 0.003755404381081462
241 0.00396730238571763
242 0.0038123081903904676
243 0.0037137330509722233
244 0.0037488986272364855
245 0.0037880518939346075
246 0.00400678813457489
247 0.004120815545320511
248 0.003924895077943802
249 0.004009227734059095
250 0.0035514566116034985
251 0.0035018790513277054
252 0.003855230053886771
253 0.003601639997214079
254 0.00381711614318192
255 0.0036976977717131376
