0 0.004007568117231131
1 0.0034921588376164436
2 0.0038159124087542295
3 0.00409426586702466
4 0.004123976919800043
5 0.003906930331140757
6 0.003985118120908737
7 0.004120683763176203
8 0.004063068889081478
9 0.0035841388162225485
10 0.004184940364211798
11 0.0038730960804969072
12 0.0036528955679386854
13 0.0036805099807679653
14 0.003741460619494319
15 0.004008238669484854
16 0.004023722372949123
17 0.003782716579735279
18 0.0037500953767448664
19 0.004002006724476814
20 0.003948647994548082
21 0.004213921260088682
22 0.004145977087318897
23 0.003931842744350433
24 0.004215762484818697
25 0.0038849972188472748
26 0.003982267342507839
27 0.004075133241713047
28 0.003795202123001218
29 0.003784230910241604
30 0.004230304155498743
31 0.004034059122204781
32 0.00346433836966753
33 0.0037122108042240143
34 0.0036406375002115965
35 0.003973399288952351
36 0.004071831703186035
37 0.003694637678563595
38 0.004109673667699099
39 0.004101434722542763
40 0.004018026404082775
41 0.003465416142717004
42 0.0037610679864883423
43 0.003762252163141966
44 0.004086202010512352
45 0.0038082392420619726
46 0.004341993480920792
47 0.004223152529448271
48 0.0040837847627699375
49 0.0038897283375263214
50 0.004173713736236095
51 0.0035627151373773813
52 0.004018053878098726
53 0.0038063907995820045
54 0.0037171444855630398
55 0.003909749910235405
56 0.004265957046300173
57 0.003884041914716363
58 0.003912228625267744
59 0.0038238021079450846
60 0.003694450482726097
61 0.004052930511534214
62 0.004265644587576389
63 0.003918117377907038
64 0.004159767180681229
65 0.003929580096155405
66 0.003926507662981749
67 0.004033277276903391
68 0.003918190952390432
69 0.004067210014909506
70 0.004290702287107706
71 0.003908694256097078
72 0.004095823038369417
73 0.003833912080153823
74 0.003900709096342325
75 0.004373403266072273
76 0.004045636393129826
77 0.004103664308786392
78 0.0037599089555442333
79 0.0037695521023124456
80 0.003846455132588744
81 0.004123354330658913
82 0.0037083185743540525
83 0.0037367253098636866
84 0.0038163538556545973
85 0.003693584818392992
86 0.00381111865863204
87 0.004048135131597519
88 0.003503634361550212
89 0.0038666038308292627
90 0.003955382853746414
91 0.00380096142180264
92 0.0039033712819218636
93 0.0042159464210271835
94 0.003822599072009325
95 0.003860891330987215
96 0.003936226945370436
97 0.004059407394379377
98 0.0035972525365650654
99 0.004123618360608816
100 0.00389327434822917
101 0.004170912783592939
102 0.003669957397505641
103 0.0040384759195148945
104 0.0037925210781395435
105 0.004190179985016584
106 0.0039021000266075134
107 0.0045974780805408955
108 0.004030772019177675
109 0.0037735430523753166
110 0.00401648785918951
111 0.003838767996057868
112 0.003803717903792858
113 0.004360545426607132
114 0.00403427891433239
115 0.0037894765846431255
116 0.003983170725405216
117 0.003909293096512556
118 0.0038315157871693373
119 0.0038773315027356148
120 0.0038454020395874977
121 0.00412081740796566
122 0.004410052206367254
123 0.00383814238011837
124 0.004197746515274048
125 0.003768242197111249
126 0.00422889506444335
127 0.003798458492383361
128 0.0036249493714421988
129 0.003629363840445876
130 0.003654269501566887
131 0.003669728059321642
132 0.003734925528988242
133 0.004423566162586212
134 0.00400884822010994
135 0.0035842708311975002
136 0.004309982061386108
137 0.0038189333863556385
138 0.004192492924630642
139 0.003971737343817949
140 0.0037447474896907806
141 0.0034650065936148167
142 0.0037556439638137817
143 0.003826980711892247
144 0.0036215949803590775
145 0.004164399579167366
146 0.004010819364339113
147 0.003781185019761324
148 0.0038882861845195293
149 0.003809784771874547
150 0.003968277480453253
151 0.003999887965619564
152 0.003654870903119445
153 0.003694989485666156
154 0.003552165115252137
155 0.0036378426011651754
156 0.003741756547242403
157 0.0036971275694668293
158 0.0042453124187886715
159 0.0036085948813706636
160 0.003702327609062195
161 0.0037454324774444103
162 0.004186665639281273
163 0.003739324864000082
164 0.003569377353414893
165 0.0039817290380597115
166 0.003988158423453569
167 0.003746361006051302
168 0.004152106121182442
169 0.004084261599928141
170 0.0036920972634106874
171 0.0036189169622957706
172 0.0037175314500927925
173 0.0039017093367874622
174 0.0039067575708031654
175 0.003921113908290863
176 0.004206526558846235
177 0.003857777686789632
178 0.003625045530498028
179 0.003725571557879448
180 0.003571118460968137
181 0.0044378964230418205
182 0.004094996955245733
183 0.003921454306691885
184 0.004132394213229418
185 0.004244100768119097
186 0.0035769923124462366
187 0.0038918161299079657
188 0.0038233718369156122
189 0.0038589206524193287
190 0.0041692787781357765
191 0.003779805963858962
192 0.0038740448653697968
193 0.004115837160497904
194 0.0041407812386751175
195 0.003972316160798073
196 0.004271041136234999
197 0.0037933383136987686
198 0.0036743120290338993
199 0.003811280243098736
200 0.003755914978682995
201 0.0037022384349256754
202 0.0038590366020798683
203 0.0037894179113209248
204 0.003935473971068859
205 0.0037097290623933077
206 0.003666548989713192
207 0.00403108773753047
208 0.004103181418031454
209 0.003977020736783743
210 0.003624340519309044
211 0.004056501667946577
212 0.003586594248190522
213 0.0038418348412960768
214 0.004196566063910723
215 0.004226903431117535
216 0.004066890571266413
217 0.003969632089138031
218 0.0039435941725969315
219 0.003839874640107155
220 0.003792249131947756
221 0.0038759729359298944
222 0.0037339208647608757
223 0.004131600726395845
224 0.0037620002403855324
225 0.0038644701708108187
226 0.004040833096951246
227 0.00375409540720284
228 0.003998409025371075
229 0.004044556058943272
230 0.003754804376512766
231 0.004186172969639301
232 0.0038540498353540897
233 0.0037282214034348726
234 0.003740163054317236
235 0.003743846667930484
236 0.004061401821672916
237 0.0038001665379852057
238 0.0038180998526513577
239 0.004121583420783281
240 0.004013205412775278
241 0.0037382941227406263
242 0.00377076817676425
243 0.003644445678219199
244 0.0037434170953929424
245 0.003833224531263113
246 0.004063373897224665
247 0.004108552820980549
248 0.003943166695535183
249 0.0038162514101713896
250 0.0036291461437940598
251 0.003529113018885255
252 0.0038779613096266985
253 0.0035097661893814802
254 0.004043852910399437
255 0.003723342204466462
