0 0.003831483656540513
1 0.0032295738346874714
2 0.0037457416765391827
3 0.003960096277296543
4 0.0042088814079761505
5 0.00392100028693676
6 0.004047926515340805
7 0.004072640556842089
8 0.004070674069225788
9 0.0037587531842291355
10 0.004111918620765209
11 0.0037314698565751314
12 0.003722241846844554
13 0.0036181847099214792
14 0.0038355207070708275
15 0.003999628126621246
16 0.003935564309358597
17 0.0039574564434587955
18 0.0037883385084569454
19 0.004070734139531851
20 0.00422815652564168
21 0.004042946733534336
22 0.0038837764877825975
23 0.003592287888750434
24 0.0037496716249734163
25 0.004090338014066219
26 0.0039169667288661
27 0.004077575169503689
28 0.004086221102625132
29 0.0037788909394294024
30 0.00411043968051672
31 0.003749065799638629
32 0.003554638009518385
33 0.0037746774032711983
34 0.0038254132959991693
35 0.004223849158734083
36 0.003994051832705736
37 0.00360752921551466
38 0.004062337800860405
39 0.0039444658905267715
40 0.004095852840691805
41 0.0034426539205014706
42 0.0037555284798145294
43 0.003861452918499708
44 0.003898343537002802
45 0.004052222240716219
46 0.004286956507712603
47 0.004291619174182415
48 0.00403539277613163
49 0.00359048112295568
50 0.004101782105863094
51 0.003444426227360964
52 0.004115050192922354
53 0.003759079845622182
54 0.003914640285074711
55 0.0037990983109921217
56 0.0041633001528680325
57 0.0038626864552497864
58 0.0040268260054290295
59 0.003813108429312706
60 0.0037336857058107853
61 0.004084581509232521
62 0.004355867858976126
63 0.0035865281242877245
64 0.003956562839448452
65 0.003583948826417327
66 0.003847704268991947
67 0.003933955915272236
68 0.003866728162392974
69 0.004121210891753435
70 0.004334959201514721
71 0.004017304163426161
72 0.0040555172599852085
73 0.0035537274088710546
74 0.0039660087786614895
75 0.0043838610872626305
76 0.003978786524385214
77 0.0039817593060433865
78 0.0038578310050070286
79 0.0036184920463711023
80 0.003815575037151575
81 0.004355289973318577
82 0.003839239478111267
83 0.0037685013376176357
84 0.003931052051484585
85 0.0037964091170579195
86 0.003715363098308444
87 0.003913776949048042
88 0.003450199728831649
89 0.003793127601966262
90 0.00397865753620863
91 0.0037944363430142403
92 0.0038945802953094244
93 0.004348674789071083
94 0.0038916959892958403
95 0.003714795922860503
96 0.003975028172135353
97 0.004145056940615177
98 0.0037491589318960905
99 0.003917614463716745
100 0.0038459585048258305
101 0.004185512196272612
102 0.0037503251805901527
103 0.004036945290863514
104 0.0038746348582208157
105 0.0043319957330822945
106 0.003830091329291463
107 0.004303200636059046
108 0.004343279171735048
109 0.004089935217052698
110 0.0038679202552884817
111 0.004057927988469601
112 0.0036825474817305803
113 0.004538184963166714
114 0.004068030510097742
115 0.0037176553159952164
116 0.004233696963638067
117 0.0038337716832756996
118 0.0038220982532948256
119 0.003821335732936859
120 0.0036948593333363533
121 0.003998417407274246
122 0.004764666315168142
123 0.003759627928957343
124 0.004230218008160591
125 0.00384825118817389
126 0.0044876267202198505
127 0.0037943993229418993
128 0.003678767941892147
129 0.003656471148133278
130 0.0038130395114421844
131 0.0035276690032333136
132 0.003972053527832031
133 0.004313882905989885
134 0.0038791713304817677
135 0.003440643660724163
136 0.004200035240501165
137 0.003856803523376584
138 0.0041381921619176865
139 0.004073064774274826
140 0.0036335561890155077
141 0.0035763713531196117
142 0.003637312212958932
143 0.003802807768806815
144 0.0034809792414307594
145 0.004264672752469778
146 0.004167745355516672
147 0.004089123569428921
148 0.003972028382122517
149 0.0037629613652825356
150 0.003862255485728383
151 0.004267840180546045
152 0.00356464390642941
153 0.003889205865561962
154 0.003704875474795699
155 0.00350002758204937
156 0.0036896211095154285
157 0.0037715162616223097
158 0.0040735206566751
159 0.00362345390021801
160 0.0037762026768177748
161 0.0035915805492550135
162 0.004121613223105669
163 0.0038087554275989532
164 0.0036170866806060076
165 0.003815016243606806
166 0.004048984032124281
167 0.004006689414381981
168 0.0042722481302917
169 0.0039907461032271385
170 0.003794773481786251
171 0.0037660999223589897
172 0.0038942911196500063
173 0.003684737253934145
174 0.003767280140891671
175 0.003662839299067855
176 0.0042088511399924755
177 0.003855074755847454
178 0.0034430241212248802
179 0.0036738801281899214
180 0.00354403886012733
181 0.004362131468951702
182 0.004019949119538069
183 0.004173500929027796
184 0.0038272535894066095
185 0.004394869785755873
186 0.0035094288177788258
187 0.0038109172601252794
188 0.003837108612060547
189 0.0038148153107613325
190 0.0038199375849217176
191 0.003728211857378483
192 0.004009497817605734
193 0.004087055567651987
194 0.0040738326497375965
195 0.004022158216685057
196 0.0040570334531366825
197 0.003789022099226713
198 0.003974887076765299
199 0.003705407027155161
200 0.003744045738130808
201 0.0035455182660371065
202 0.003929339349269867
203 0.0038623400032520294
204 0.0038686885964125395
205 0.003607859369367361
206 0.0036786161363124847
207 0.00406810874119401
208 0.003902795957401395
209 0.003825211199000478
210 0.003699286375194788
211 0.003963529132306576
212 0.0035096826031804085
213 0.00379310199059546
214 0.004101608879864216
215 0.004072387702763081
216 0.004111954476684332
217 0.004010306671261787
218 0.004117720294743776
219 0.003905781079083681
220 0.003846633480861783
221 0.0041478462517261505
222 0.003624522127211094
223 0.004193487577140331
224 0.003913396969437599
225 0.003887274768203497
226 0.003904536133632064
227 0.003916577436029911
228 0.004000769462436438
229 0.004341175314038992
230 0.0036636777222156525
231 0.004281457979232073
232 0.004062674939632416
233 0.0037063604686409235
234 0.003834615694358945
235 0.0037765291053801775
236 0.004074724391102791
237 0.0036760708317160606
238 0.003883620025590062
239 0.004087080713361502
240 0.0039294930174946785
241 0.004050927236676216
242 0.003977108746767044
243 0.0037834532558918
244 0.0037848055362701416
245 0.003994162660092115
246 0.00424515875056386
247 0.004087464883923531
248 0.0039356607012450695
249 0.003732729936018586
250 0.003626070683822036
251 0.0036120465956628323
252 0.003942001145333052
253 0.0037343152798712254
254 0.003951435908675194
255 0.0035851034335792065
