0 0.004176943097263575
1 0.003355942200869322
2 0.003676274325698614
3 0.0038954722695052624
4 0.0041632745414972305
5 0.0037043073680251837
6 0.004083799663931131
7 0.003969258163124323
8 0.004252279177308083
9 0.0035333374980837107
10 0.003996297251433134
11 0.0038372769486159086
12 0.0038549138698726892
13 0.0039454493671655655
14 0.004043774679303169
15 0.0038346811197698116
16 0.0038048839196562767
17 0.003625721437856555
18 0.0039520952850580215
19 0.0039279102347791195
20 0.0040577249601483345
21 0.003878277726471424
22 0.004006857052445412
23 0.0036836506333202124
24 0.0038413070142269135
25 0.00382726127281785
26 0.004166570492088795
27 0.004080211278051138
28 0.003780795494094491
29 0.003897788468748331
30 0.00438512209802866
31 0.003877802286297083
32 0.003635808825492859
33 0.003459409112110734
34 0.0038305381312966347
35 0.003963627852499485
36 0.0039538550190627575
37 0.003624213859438896
38 0.00382843054831028
39 0.0042329453863203526
40 0.0038620491977781057
41 0.003399312263354659
42 0.003907100763171911
43 0.0038583928253501654
44 0.0036757539492100477
45 0.003964300267398357
46 0.0045388382859528065
47 0.003914205823093653
48 0.004067390225827694
49 0.0036462622229009867
50 0.004213497042655945
51 0.0037713972851634026
52 0.003907899837940931
53 0.0037084664218127728
54 0.0038484204560518265
55 0.004051472991704941
56 0.004174879752099514
57 0.0039658029563724995
58 0.0037799011915922165
59 0.0038881946820765734
60 0.0035736877471208572
61 0.003841070458292961
62 0.004351961892098188
63 0.0038949744775891304
64 0.003936458379030228
65 0.003694129642099142
66 0.003884929930791259
67 0.003926590085029602
68 0.003670636098831892
69 0.004323616158217192
70 0.0039641400799155235
71 0.003809729591012001
72 0.004032674711197615
73 0.00385463354177773
74 0.0037545349914580584
75 0.00410372344776988
76 0.003990575205534697
77 0.003843393875285983
78 0.0038793671410530806
79 0.0037578155752271414
80 0.003762507811188698
81 0.004181238356977701
82 0.0037504315841943026
83 0.003539444413036108
84 0.004234693944454193
85 0.003936432767659426
86 0.003780605737119913
87 0.00403346074745059
88 0.0035567760933190584
89 0.0035610210616141558
90 0.004039551597088575
91 0.00418468052521348
92 0.004121964331716299
93 0.0039349691942334175
94 0.003677520202472806
95 0.004084696061909199
96 0.0038470812141895294
97 0.004379722755402327
98 0.0038643558509647846
99 0.004157919902354479
100 0.0038857164327055216
101 0.004260311834514141
102 0.0037456476129591465
103 0.00420753937214613
104 0.0038030457217246294
105 0.004098325502127409
106 0.0038650324568152428
107 0.004525116644799709
108 0.004186081234365702
109 0.003674823557958007
110 0.0037373844534158707
111 0.003984459675848484
112 0.003821061458438635
113 0.004528123419731855
114 0.003884614212438464
115 0.0038905690889805555
116 0.004122134763747454
117 0.004337845370173454
118 0.0036418242380023003
119 0.003952876664698124
120 0.0037759733386337757
121 0.004147305153310299
122 0.004387206863611937
123 0.003758359234780073
124 0.003769452217966318
125 0.003900471841916442
126 0.0043306658044457436
127 0.003985765390098095
128 0.003804866224527359
129 0.0036144154146313667
130 0.0036808846052736044
131 0.0037683879490941763
132 0.003886881982907653
133 0.004572780337184668
134 0.0038451373111456633
135 0.0036403057165443897
136 0.00447416864335537
137 0.003769261296838522
138 0.004084677901118994
139 0.0037859780713915825
140 0.003610886400565505
141 0.003715427592396736
142 0.00378894479945302
143 0.003908638376742601
144 0.0036045871675014496
145 0.004164650570601225
146 0.003898408729583025
147 0.004097709897905588
148 0.003918549977242947
149 0.00397265562787652
150 0.004040196537971497
151 0.004341466352343559
152 0.0037261000834405422
153 0.003776090918108821
154 0.0037999795749783516
155 0.0034734769724309444
156 0.003863756312057376
157 0.0034766187891364098
158 0.003951807040721178
159 0.0037686859723180532
160 0.0037466527428478003
161 0.0035279684234410524
162 0.004041469655930996
163 0.003478822996839881
164 0.0038314759731292725
165 0.004005777649581432
166 0.004197250586003065
167 0.003966961055994034
168 0.004146317485719919
169 0.004139316733926535
170 0.0038712271489202976
171 0.003690563142299652
172 0.0037330526392906904
173 0.0038174509536474943
174 0.004354811739176512
175 0.004031103104352951
176 0.004011346958577633
177 0.003706644754856825
178 0.003514216747134924
179 0.0036818410735577345
180 0.0036948712076991796
181 0.004347007721662521
182 0.0038470709696412086
183 0.003822840517386794
184 0.0037295185029506683
185 0.004018203821033239
186 0.003452322678640485
187 0.004033634439110756
188 0.0038285881746560335
189 0.0035666965413838625
190 0.00416730809956789
191 0.0038549136370420456
192 0.003929624799638987
193 0.004058508668094873
194 0.004117059521377087
195 0.004306850489228964
196 0.0043778386898338795
197 0.0035587886814028025
198 0.0037701409310102463
199 0.0037505526561290026
200 0.003776924218982458
201 0.003924639895558357
202 0.0038442788645625114
203 0.0037466459907591343
204 0.0037472432013601065
205 0.003718417836353183
206 0.003668750636279583
207 0.003918417263776064
208 0.0039016427472233772
209 0.003920816816389561
210 0.0038613122887909412
211 0.004121839068830013
212 0.0035801101475954056
213 0.0035675012040883303
214 0.004003021400421858
215 0.004040984436869621
216 0.004071073606610298
217 0.0038814719300717115
218 0.004064642358571291
219 0.003726437920704484
220 0.0036643724888563156
221 0.0038834274746477604
222 0.003866384271532297
223 0.0042710937559604645
224 0.0039191520772874355
225 0.0038991994224488735
226 0.003852308029308915
227 0.003985118120908737
228 0.00436780508607626
229 0.0042767454870045185
230 0.003786329412832856
231 0.004093750845640898
232 0.0038315223064273596
233 0.003677317639812827
234 0.0036837037187069654
235 0.0038829634431749582
236 0.004151617642492056
237 0.003938274923712015
238 0.003586075734347105
239 0.004538887646049261
240 0.004010558128356934
241 0.004106529988348484
242 0.003956269007176161
243 0.003781301435083151
244 0.0036612949334084988
245 0.003767414717003703
246 0.003948850557208061
247 0.0044921101070940495
248 0.003669803263619542
249 0.0039018027018755674
250 0.0036611726973205805
251 0.0037171950098127127
252 0.0039044050499796867
253 0.00344468979164958
254 0.0037453908007591963
255 0.003720897017046809
