0 0.0037126943934708834
1 0.0035495564807206392
2 0.003922433126717806
3 0.003908161539584398
4 0.004283960442990065
5 0.003986880648881197
6 0.004131292924284935
7 0.003777067642658949
8 0.004089897032827139
9 0.0035826025996357203
10 0.004175522830337286
11 0.003647151403129101
12 0.0037364058662205935
13 0.003956027794629335
14 0.0038700758013874292
15 0.0038051255978643894
16 0.003987938165664673
17 0.0037707798182964325
18 0.003959463909268379
19 0.003876873292028904
20 0.0040875687263906
21 0.0042647505179047585
22 0.004143277648836374
23 0.0037148587871342897
24 0.003718320280313492
25 0.00436102319508791
26 0.004323974251747131
27 0.004201749339699745
28 0.0043980334885418415
29 0.004070143215358257
30 0.0041131083853542805
31 0.0037613450549542904
32 0.0038431594148278236
33 0.0036953166127204895
34 0.0036536911502480507
35 0.00398623151704669
36 0.004204406403005123
37 0.0036173199769109488
38 0.004090986680239439
39 0.004368981346487999
40 0.004034766461700201
41 0.0033335944171994925
42 0.003686073701828718
43 0.0036206208169460297
44 0.003893309272825718
45 0.003969287034124136
46 0.00396483950316906
47 0.003969783429056406
48 0.003893803572282195
49 0.0034915695432573557
50 0.0040609464049339294
51 0.003536809468641877
52 0.003852427238598466
53 0.003840808756649494
54 0.003741995431482792
55 0.004075379576534033
56 0.0040143271908164024
57 0.003686458570882678
58 0.0038034706376492977
59 0.003628013888373971
60 0.0038616948295384645
61 0.004233692307025194
62 0.004205875564366579
63 0.0036437304224818945
64 0.0038073973264545202
65 0.0038048671558499336
66 0.003995475824922323
67 0.003691663732752204
68 0.0036976465489715338
69 0.0041953749023377895
70 0.004203464835882187
71 0.004026269074529409
72 0.004070746712386608
73 0.003575958777219057
74 0.0036855684593319893
75 0.00424497714266181
76 0.004001225810497999
77 0.00402894476428628
78 0.003912145271897316
79 0.003745466470718384
80 0.003701984416693449
81 0.0038734832778573036
82 0.003817751305177808
83 0.003713939106091857
84 0.004202982410788536
85 0.003808413166552782
86 0.003942729439586401
87 0.003922001458704472
88 0.0037020109593868256
89 0.003505334258079529
90 0.004140748642385006
91 0.0038156535010784864
92 0.004164690617471933
93 0.004192462656646967
94 0.0038850135169923306
95 0.003807615954428911
96 0.0039587379433214664
97 0.004148315172642469
98 0.003970759455114603
99 0.0039490289054811
100 0.0038661949802190065
101 0.0041656289249658585
102 0.0036788771394640207
103 0.004102797247469425
104 0.00382313528098166
105 0.004121208563446999
106 0.0037555743474513292
107 0.004600173328071833
108 0.004371046554297209
109 0.00396075751632452
110 0.0039200615137815475
111 0.004118950571864843
112 0.0036829726304858923
113 0.004338673781603575
114 0.003860273165628314
115 0.003931403625756502
116 0.003943274263292551
117 0.003999155014753342
118 0.0036860352847725153
119 0.003916769754141569
120 0.0038874889723956585
121 0.004250796977430582
122 0.004452320747077465
123 0.0037249810993671417
124 0.004028980620205402
125 0.004021691158413887
126 0.004278254229575396
127 0.0039005628786981106
128 0.003670108737424016
129 0.003657780820503831
130 0.0036119050346314907
131 0.003663136623799801
132 0.003998654894530773
133 0.004157637245953083
134 0.003830192144960165
135 0.0035371610429137945
136 0.004394783638417721
137 0.0036474335938692093
138 0.004033605568110943
139 0.0039005279541015625
140 0.003842724720016122
141 0.003720105392858386
142 0.0036837903317064047
143 0.0036938281264156103
144 0.003449555253610015
145 0.00448949821293354
146 0.003974841441959143
147 0.00389466411434114
148 0.003962271846830845
149 0.003547410713508725
150 0.004212206695228815
151 0.004220510832965374
152 0.0035211320500820875
153 0.003842479782178998
154 0.004034492187201977
155 0.0037691788747906685
156 0.003903729608282447
157 0.0036336842458695173
158 0.004065226763486862
159 0.00381937762722373
160 0.003623743774369359
161 0.0035759543534368277
162 0.004149943124502897
163 0.0037324177101254463
164 0.003966477233916521
165 0.0038586286827921867
166 0.004020040854811668
167 0.004131136927753687
168 0.004042992368340492
169 0.0039272247813642025
170 0.0036686293315142393
171 0.003666643751785159
172 0.003648913698270917
173 0.003725147107616067
174 0.0036830182652920485
175 0.0038819676265120506
176 0.004278434440493584
177 0.0037445388734340668
178 0.0034296270459890366
179 0.0037682997062802315
180 0.0038169652689248323
181 0.004367317073047161
182 0.003678712295368314
183 0.0037330498453229666
184 0.0038170621264725924
185 0.004259323235601187
186 0.0036004839930683374
187 0.003724205307662487
188 0.0040870411321520805
189 0.00403512641787529
190 0.003932137507945299
191 0.003821458201855421
192 0.0039170910604298115
193 0.003997908905148506
194 0.004453772678971291
195 0.004406407475471497
196 0.004004960879683495
197 0.0038196456152945757
198 0.0042236363515257835
199 0.0038495648186653852
200 0.003642026800662279
201 0.003794795135036111
202 0.003894311608746648
203 0.003977844025939703
204 0.0036132922396063805
205 0.0036837898660451174
206 0.0039024006109684706
207 0.003906974568963051
208 0.003992097452282906
209 0.0037727891467511654
210 0.003559222910553217
211 0.004130297340452671
212 0.0036827947478741407
213 0.0037683870177716017
214 0.003986298572272062
215 0.0040214043110609055
216 0.003906679805368185
217 0.004048761911690235
218 0.003984073642641306
219 0.0037267666775733232
220 0.003875657683238387
221 0.003992466721683741
222 0.0035931856837123632
223 0.00420580105856061
224 0.0037235859781503677
225 0.0038692078087478876
226 0.0040395865216851234
227 0.003819586941972375
228 0.00423844950273633
229 0.004360734950751066
230 0.0036793488543480635
231 0.0042075226083397865
232 0.0036397590301930904
233 0.0035832065623253584
234 0.0038216111715883017
235 0.0037392182275652885
236 0.003984842915087938
237 0.0038066718261688948
238 0.003874983172863722
239 0.004177283961325884
240 0.004008204210549593
241 0.0039162845350801945
242 0.003893032670021057
243 0.0036740261130034924
244 0.003954751417040825
245 0.0035657365806400776
246 0.004563055466860533
247 0.003899885807186365
248 0.0038921169470995665
249 0.0038836083840578794
250 0.00367820356041193
251 0.0039034124929457903
252 0.0038618582766503096
253 0.0036617121659219265
254 0.0037277997471392155
255 0.003544986480847001
